9.493157869900584189e-03
1.272127110669044568e-02
1.007989906693540667e-02
1.162140210868767808e-02
9.849247653876902486e-03
1.127375695927665747e-02
1.096099084603885734e-02
1.138669797439368671e-02
1.220953690792335108e-02
9.429599849428286704e-03
1.140327804305936096e-02
1.115930235388218339e-02
1.188508209770773767e-02
1.192351968911540931e-02
1.000396096720238166e-02
1.112524470359383191e-02
1.061350958008638358e-02
1.278881138821174636e-02
9.879858396186241842e-03
1.113507765257528738e-02
1.006791029684233479e-02
1.089910205727518712e-02
9.530049612336522272e-03
9.669024037445352396e-03
1.146246081741175184e-02
9.215807967706818662e-03
8.697856642682345180e-03
7.812887356057675661e-03
8.920691867824518534e-03
1.348676998753566003e-02
8.549949275217832295e-03
1.140556397177665791e-02
1.184789774501791675e-02
6.658552538996382990e-03
8.663893121184023521e-03
7.659756830498932849e-03
1.206623157597839884e-02
1.011929349502853175e-02
9.625130594331629888e-03
8.421174017453096280e-03
8.599202628541507271e-03
6.911185950173872987e-03
7.398880879383205184e-03
1.124884149944541459e-02
9.168057408009713111e-03
7.730736469980503504e-03
9.600459710512725467e-03
1.078608104256638563e-02
1.238737894993751677e-02
9.055410099410764191e-03
7.299955305811700948e-03
1.061299181701302885e-02
1.115809376957619357e-02
1.114524158031120898e-02
1.192074105521918372e-02
1.001632745260379494e-02
9.801585206046245849e-03
1.189881840133671063e-02
7.920376400005878920e-03
8.215825020852491126e-03
9.950944346584597588e-03
9.910288895316988686e-03
8.750662967182827948e-03
1.034918380253390877e-02
9.746639141822404165e-03
9.043314039584054997e-03
9.290078929763797427e-03
8.873965778108576855e-03
6.407900108119651481e-03
1.055524673375572361e-02
9.672448198264743321e-03
7.003946047838788096e-03
1.015815849383180751e-02
8.370675155954914945e-03
7.792728702067268538e-03
9.742422832015601095e-03
1.056081684015985726e-02
1.070870735251744192e-02
7.687784472654831530e-03
8.415287663907623783e-03
9.270859356415616856e-03
7.766018595613130397e-03
7.546961052731973769e-03
8.198044256285669587e-03
9.138355877804803587e-03
7.096350160949393970e-03
8.270382644106656633e-03
7.531812761798003727e-03
9.153569236798666034e-03
7.942906438972864580e-03
7.170884909801045898e-03
1.070816069404360513e-02
9.187775436030174228e-03
8.420576690008388029e-03
7.872279640734511710e-03
1.053361727792776099e-02
8.653788835764552115e-03
7.363982393103551266e-03
7.920925993354222330e-03
5.705352343188432873e-03
6.391955658449505369e-03
6.283909171583588332e-03
8.378952850389689497e-03
5.278690268964536352e-03
9.432896394908378210e-03
8.086743796395132536e-03
9.003895129987966178e-03
7.501319979871958962e-03
8.169934806924114556e-03
7.451358614412669119e-03
9.168664497864173479e-03
9.709068042178348873e-03
7.681314672556457425e-03
8.838344462264764376e-03
6.766734519843768669e-03
9.294579104656060589e-03
8.836452712336791832e-03
8.027499435629978711e-03
6.157332333845641839e-03
7.996026812107375967e-03
9.220636302642599286e-03
9.066025622441086645e-03
6.456623217400398775e-03
8.335732898989187123e-03
6.235606144480746252e-03
6.711612144884716684e-03
7.865242097301501645e-03
6.579463463228196057e-03
6.885684120534879375e-03
7.824782969312988126e-03
9.391863592401723457e-03
8.405364847660194011e-03
7.506397503034778484e-03
4.501942666202195069e-03
8.846926871458079059e-03
6.767887388373874935e-03
9.849155914460059821e-03
6.542825604747417451e-03
5.355595740605074984e-03
1.012088087333506969e-02
8.320123068260108085e-03
8.562807294471206504e-03
7.719428951193642481e-03
6.233481903810562767e-03
6.320207770166503917e-03
7.482774911210415478e-03
8.348752130903492122e-03
8.171275265581175520e-03
8.546191183992822571e-03
6.020994104515509093e-03
7.821848689439088453e-03
7.818912693351704954e-03
8.595435857231797927e-03
7.771577915984762865e-03
6.674609474402366099e-03
6.402924674086384743e-03
8.081309504868171636e-03
6.781486004661848796e-03
7.281692648161797871e-03
7.231273507691826814e-03
6.816107390603043034e-03
9.133694574559260773e-03
6.199290570072952047e-03
7.421166440009714302e-03
8.396043365344095857e-03
7.075807072691691138e-03
7.128331974553162899e-03
6.326307334420609024e-03
8.463446209505216464e-03
8.148466658999835646e-03
8.361959892374861911e-03
7.154029829717565604e-03
7.046059259932586222e-03
8.183311354764822090e-03
7.238199548719551416e-03
7.216775763752551580e-03
5.986920685531500232e-03
6.371082047736985506e-03
6.408376955072069524e-03
6.477885067185900139e-03
5.724741314082930875e-03
8.670808863967665106e-03
8.608281934564079516e-03
5.890796648479184640e-03
6.057053506048694011e-03
7.408730215962187893e-03
5.921090365292088625e-03
8.575993054144911282e-03
7.455601902308467595e-03
7.541404984673145788e-03
7.992890996996454903e-03
6.669278155109643717e-03
5.883334331314037449e-03
7.129860222599392061e-03
6.618360255693931521e-03
7.465027601897858758e-03
7.095554042750799872e-03
7.386983537354586786e-03
6.088233057381838183e-03
5.357434039155489075e-03
5.778127631887156404e-03
6.440024585953070708e-03
4.950175150647591858e-03
5.881570571428395081e-03
6.138119593355828053e-03
7.037523818552053785e-03
5.291829316258373286e-03
5.596029026597253674e-03
7.700423702183939977e-03
4.644269402512377944e-03
8.651371027373169417e-03
6.204996312718805661e-03
7.044437285918582828e-03
7.294399462036767375e-03
7.276255265714122282e-03
4.881495206313000990e-03
7.678069763939187990e-03
7.261465736268775048e-03
5.507238079489240080e-03
8.791705827606171447e-03
7.046434393564406616e-03
4.892070498900853021e-03
7.792407735742508043e-03
7.051009679615822395e-03
7.903107083005929748e-03
7.772337194001293151e-03
6.640924466738115477e-03
6.117463802312279181e-03
7.688784849369333270e-03
7.358676168300848711e-03
6.897865734900414381e-03
6.578924709458428520e-03
7.165072983714299883e-03
7.563640609395379591e-03
6.781472239691892397e-03
7.009972875739074738e-03
6.593688545788181470e-03
4.942026908330264708e-03
6.294764930696051045e-03
5.084340619271727341e-03
7.650309927579033650e-03
4.837643235364653960e-03
6.482462047237408896e-03
7.083618360880059202e-03
7.343134175112005051e-03
7.947038518522497527e-03
6.377894059025527793e-03
6.648243964913084190e-03
5.979795275692556013e-03
6.145367671102144880e-03
6.501771747741955966e-03
7.323510564032189099e-03
5.930127555470623806e-03
6.368314889734880309e-03
4.328113993938167633e-03
5.777680950389054229e-03
5.203291090117977830e-03
6.785447863779705754e-03
6.418522382784208266e-03
7.131471056282101713e-03
5.486664881700011216e-03
5.411259692204746508e-03
5.607282464253296288e-03
4.380874948512638103e-03
5.976864806169878384e-03
6.108240394606552319e-03
4.809298164999434300e-03
4.287427031434905798e-03
5.179071162521439384e-03
5.661721027020373553e-03
6.511384110943158575e-03
4.378868475140534726e-03
5.073744387921867195e-03
5.576213178783370923e-03
7.456480216644500655e-03
4.925502801899566720e-03
6.361840943747339508e-03
6.040425145868458245e-03
6.036240720509992823e-03
6.153915458965231525e-03
6.506757069903707988e-03
5.195911038568338733e-03
5.271254376683695043e-03
7.068395011963788353e-03
7.032246066131770876e-03
5.104069059922361484e-03
5.967067832150632634e-03
6.595350659811757138e-03
5.181031313015364501e-03
6.655929383630630400e-03
4.955935079102942800e-03
6.412260471351124286e-03
4.493418260270471733e-03
5.688218171293560159e-03
6.750580988957277997e-03
4.972668479887069719e-03
5.096891092930883570e-03
4.355933053816162664e-03
7.222854328819553957e-03
4.530450808145075267e-03
4.381411482278790674e-03
4.601849499600974176e-03
5.798810002547877436e-03
3.951026584875242699e-03
5.773305307285412670e-03
5.692364852158943340e-03
5.499509077074596353e-03
4.505325667432449714e-03
6.310954722859678061e-03
5.970665632099842954e-03
5.912941063704132798e-03
5.061900922270089545e-03
5.179370963956764218e-03
5.109103453877897327e-03
5.035698685426338861e-03
5.469677876468609541e-03
4.671499820181486927e-03
5.615051174580708640e-03
4.040914560290886220e-03
6.250393170310366425e-03
4.431895568539596410e-03
6.046509339197319796e-03
6.797069394734591569e-03
5.694157015798202194e-03
5.891678154533646315e-03
4.424542444673058850e-03
5.335952808023291215e-03
5.813376388792717078e-03
4.178533874968588802e-03
4.809468090995507039e-03
5.661500486280474954e-03
4.076484853633124267e-03
6.288847127242091183e-03
4.587189258261139234e-03
5.883513584390163802e-03
5.958463701796390746e-03
5.314744961477510174e-03
5.412132503138684415e-03
5.783012318369838006e-03
5.005859443793442623e-03
6.666750434134366410e-03
5.206928454980737538e-03
5.451674610701564942e-03
5.819791668745840328e-03
5.177107683040919200e-03
4.903077155026715900e-03
5.903731186574444866e-03
6.338040788829549937e-03
7.442459757940519602e-03
5.463066855641458656e-03
4.462061585270396188e-03
5.286598692833120727e-03
4.477647465970027718e-03
4.813666795080787965e-03
6.437854360893007118e-03
5.822044812383444547e-03
5.361772113640366974e-03
6.597184768615115859e-03
5.372246381166958899e-03
6.450579796719641337e-03
5.591808005052220122e-03
6.212670891726741924e-03
5.510249829381336228e-03
5.973630412112370877e-03
5.226746734111244012e-03
5.356866461020549919e-03
5.150373582488906692e-03
5.641150460694713438e-03
5.746187055219389647e-03
5.642988336613004655e-03
5.869095611811208854e-03
5.556598608401451880e-03
7.261618660981582034e-03
6.693591523476556844e-03
4.069824927620072433e-03
6.074639872491805100e-03
4.682000782123742905e-03
4.914954691894690003e-03
5.492433014073686351e-03
5.637414943325272376e-03
5.775714789310821065e-03
6.892339964324690343e-03
5.007896357279715757e-03
3.046094402242209218e-03
5.167105431167599849e-03
5.131662576504804341e-03
5.294573239612162911e-03
4.182556605082782090e-03
5.403317452127513743e-03
5.943240863355285508e-03
4.405252885007916903e-03
4.238439518167323380e-03
4.832861731084018772e-03
5.741893656976133735e-03
4.641234363826757942e-03
5.649936877878738821e-03
5.533971683479936218e-03
5.655889305993608805e-03
4.901902787079658909e-03
5.608579907439265044e-03
5.604317932550172653e-03
6.984934103203559348e-03
3.875176840095771302e-03
4.803766613443070758e-03
5.342200973322255332e-03
4.091516906287857164e-03
5.372410090322773772e-03
4.856132745912241679e-03
5.750915671720173081e-03
4.526020227116056387e-03
5.370237632286849541e-03
4.498033150932586113e-03
4.954627588658098471e-03
4.836080046222237389e-03
6.027288374061111516e-03
4.776392365943492486e-03
4.064391438461761354e-03
4.120337004937659614e-03
5.044168747871275241e-03
4.737401067705760728e-03
4.036632232697871456e-03
5.154533882450887741e-03
4.512764413123477973e-03
4.593190550595867110e-03
3.970735937022235387e-03
5.007887803562179399e-03
4.299346327271906520e-03
5.487104436027586893e-03
4.045718463066951334e-03
6.208744869055815574e-03
5.119757377130326921e-03
4.954881388941051630e-03
4.750633373082938440e-03
4.593605745622847056e-03
4.555386985428178971e-03
4.372847647325277601e-03
4.560654790846748255e-03
4.022831477388235863e-03
5.254958601981475630e-03
5.198530741849377752e-03
5.847088890556751024e-03
5.071901287848333897e-03
4.045899661027629705e-03
6.745477770657998078e-03
5.830743526501985449e-03
4.703592025594183386e-03
4.161143597162003833e-03
5.424608306088611956e-03
4.755250643716074296e-03
4.195722474218696249e-03
4.601109937268047824e-03
4.941819435441938656e-03
4.414381764904965963e-03
5.752517839676838871e-03
6.316643567339268704e-03
4.906547409973809927e-03
5.765329946635718190e-03
4.901867450462403346e-03
5.442178195570907331e-03
5.415697591296344919e-03
5.262628582757064057e-03
5.428059820157819099e-03
4.087238474599135148e-03
4.607719968174092684e-03
4.449025381229165105e-03
4.711855982426099709e-03
4.816352222694699793e-03
4.619702925397298557e-03
5.241872727559626979e-03
5.172444921854773073e-03
4.526479497634698992e-03
5.177927670263925662e-03
5.175620481262315289e-03
4.364375779218353235e-03
3.664096024916370549e-03
6.589169978545930673e-03
5.503538998138685946e-03
5.686158220322661341e-03
3.215257420779851077e-03
4.390295748275504714e-03
4.928718839182180678e-03
4.697353341891205916e-03
4.786262385896154770e-03
4.998582201053367209e-03
4.903560777825988030e-03
5.163832952838653609e-03
3.777497689843585787e-03
4.042167270493000550e-03
4.477031837459472668e-03
5.554622214296011003e-03
5.579124393599470266e-03
5.003554214888988882e-03
5.710156041638717733e-03
4.710798214197551605e-03
5.989755433666444154e-03
4.198668415261975866e-03
5.031490312454737004e-03
6.146395680501535140e-03
3.400513705346694653e-03
4.316927325782766132e-03
5.439776732567357803e-03
3.666806237188076790e-03
6.166039468316088061e-03
4.562241191962877751e-03
5.100280470761525686e-03
4.661559555518965912e-03
4.890780535167205643e-03
4.357549741017556835e-03
5.401310738579146939e-03
4.296993328722200321e-03
4.202401005925488972e-03
4.994461157532307030e-03
4.819925632887365856e-03
4.475570628104651519e-03
5.360736100397196259e-03
5.392546621981751491e-03
4.811171446426966078e-03
4.075705421835063187e-03
4.814792584853139039e-03
4.741605824099577073e-03
3.939662891005790007e-03
4.794484966399847198e-03
5.065237186152019358e-03
5.783703580440959467e-03
4.893309418699151071e-03
4.240129293028366796e-03
4.826530171609832998e-03
4.034173409557618994e-03
4.438506512382272944e-03
5.119850079399843046e-03
3.620142991771247831e-03
3.978078947003361489e-03
2.898326428632035361e-03
4.753086461973606187e-03
4.894644030680137328e-03
5.401409299081122092e-03
4.619284410624779381e-03
6.305602749705685982e-03
4.350627140961171695e-03
4.784099564471427923e-03
4.834225672407881265e-03
4.571212808655730764e-03
4.075364352359838079e-03
4.480744203617732097e-03
3.838042667140753941e-03
4.433946616868101112e-03
5.056604321626937022e-03
5.238735228530275005e-03
5.311917976906151660e-03
5.087109006451121136e-03
5.180249369990753798e-03
4.030735257336067086e-03
5.045922858932205303e-03
4.199738526802598675e-03
4.186853146878642858e-03
3.951422821152471981e-03
5.057091346974752419e-03
3.710082066135423923e-03
4.848192500090896077e-03
4.821505164350151779e-03
4.890109898998241424e-03
4.603371074544366538e-03
3.954024408566569893e-03
5.767252071661442894e-03
4.656517980902040790e-03
3.283018227362024134e-03
5.972896368495806026e-03
4.029662657903895252e-03
4.203935899723299126e-03
4.089744692767677617e-03
4.001459472333327577e-03
3.513569997235320604e-03
4.741201911013989516e-03
4.416401414792558294e-03
4.043741322726372538e-03
5.648847878948209597e-03
3.914646197844528011e-03
3.886509671796576498e-03
3.744508324094323985e-03
5.416018629105072597e-03
4.420903547953557861e-03
5.243343438024771104e-03
4.308824978914454866e-03
4.566542673446142425e-03
4.690787603284649748e-03
4.943388747562249032e-03
4.298938191912477641e-03
3.960336061955930902e-03
4.421579481256447154e-03
4.274565732448214195e-03
4.654530777471924119e-03
3.910597161086953703e-03
4.026873225449334806e-03
4.392431845080956195e-03
4.754817612275539021e-03
3.649550283891986411e-03
4.035036462658376545e-03
5.243062625036915177e-03
5.718603665168931274e-03
5.691719313066021489e-03
4.737049025364255088e-03
5.227992297252612164e-03
5.128137842879888775e-03
4.616121680379231193e-03
5.373050928553464028e-03
4.059152847269738643e-03
4.383899780062824360e-03
4.246345342896279407e-03
4.549233961093884782e-03
3.675982112477919287e-03
4.693383236517944743e-03
4.911311299802689420e-03
4.484758844145051750e-03
3.920709364211748087e-03
4.908821084462628576e-03
3.762451049560287288e-03
4.393232792000304268e-03
3.725210513029863450e-03
3.925330074149562670e-03
3.624893844913635709e-03
4.695299320386743178e-03
3.790083853423992146e-03
4.268916939196729272e-03
4.837034792152972162e-03
3.567872256571434815e-03
3.894850798037468621e-03
4.811727518450588034e-03
2.969619028955531280e-03
4.462014808070941148e-03
4.109527739614833759e-03
4.980662684341516031e-03
3.294996842159377080e-03
5.969833829108685264e-03
4.110952398033585441e-03
4.795021362959017014e-03
5.456665961342191916e-03
5.520768013702754759e-03
4.422110182408546530e-03
5.137824120415897776e-03
4.772487182766928931e-03
4.470274378836799380e-03
5.065392357123681480e-03
5.189893767169549352e-03
4.988438067219469994e-03
4.936341680018472428e-03
5.283189941399502390e-03
5.068148805331572013e-03
3.351999065454931877e-03
4.618708831066934903e-03
4.645554939708886749e-03
2.743130635088397544e-03
3.775001659527144754e-03
5.141640383909205914e-03
5.553015476303531026e-03
3.851647546586302838e-03
3.269579510055610049e-03
5.524337371581218743e-03
4.684992564560511857e-03
4.084037936036224656e-03
4.640061167778546276e-03
3.594619359547798938e-03
5.149799290562862876e-03
4.831139661829478293e-03
4.454938294560777980e-03
4.636516887267939924e-03
4.819326761706241996e-03
4.764401704828154747e-03
4.808162933913107812e-03
4.408587058456081391e-03
4.070921192075862075e-03
4.750141129248375282e-03
4.574164418714395976e-03
4.380484557217904223e-03
2.936363296490964586e-03
4.205855292701404444e-03
4.789885764863024281e-03
4.573381126806459057e-03
4.818294320087398303e-03
5.002024747523241104e-03
3.537330078162205429e-03
4.022638929039675307e-03
3.828889464966815301e-03
3.666616985929552555e-03
4.012089833245072699e-03
4.759354288287788101e-03
3.880763875777782940e-03
4.182494155033853085e-03
5.371544986387895640e-03
4.024781821146368628e-03
3.740413172553907518e-03
3.928326817576022721e-03
3.390670592300801863e-03
4.957200101434525857e-03
3.250504078142236151e-03
4.281005993865451796e-03
3.880982602136423456e-03
3.940233222581509230e-03
4.407554011229514873e-03
4.090363673077375591e-03
4.169585966009571772e-03
4.412933487194508654e-03
5.111865121879557820e-03
3.931059184048169702e-03
3.857531956498751712e-03
5.278717777131650309e-03
4.085284983240017841e-03
3.856084388569461403e-03
4.098664655081981842e-03
3.715797140797364503e-03
3.551975725959005768e-03
3.733571430056768174e-03
5.184546528591621808e-03
3.742776841563120148e-03
4.040847865598010125e-03
3.861333816790719475e-03
4.312705505970332483e-03
4.353615117787018769e-03
4.816583316089078672e-03
5.247639236487099124e-03
4.297761450646031545e-03
4.040431016022790443e-03
3.798641117423437897e-03
4.769879836163901446e-03
3.633263660782524041e-03
4.576016406707988926e-03
3.718096482772863948e-03
4.600839995130512512e-03
4.246126428524167780e-03
4.554122169269009257e-03
4.070386895370647039e-03
3.579375438893153683e-03
4.050881226009502879e-03
4.539630724833608293e-03
3.920050214060180616e-03
4.193100010993591406e-03
4.479375710253955326e-03
4.829526067467077716e-03
4.859006995568675158e-03
4.756024071621745182e-03
4.380080005617106344e-03
4.201175449121164439e-03
3.891582247707686161e-03
3.826289477078309229e-03
4.491193267652715190e-03
4.709813621132360149e-03
4.431153922946824177e-03
4.230970648595837325e-03
5.226956638890330881e-03
3.900706325726478220e-03
5.273132497798322348e-03
5.059679589965898269e-03
5.179644599088375004e-03
5.081250467910669241e-03
5.122810362405944007e-03
3.855351641624565461e-03
5.255224436550595332e-03
3.803937166348823461e-03
4.201572951891461259e-03
4.294456284356566386e-03
3.512758685965684802e-03
4.384173540966010592e-03
4.005211218296537805e-03
3.939268806705388364e-03
3.668641072220879713e-03
5.584273150732082039e-03
4.850815590486615841e-03
4.177675683605096627e-03
4.910389157834899043e-03
4.015115511296988779e-03
4.984124929602505583e-03
4.162680140224063463e-03
4.078220225529925053e-03
4.710831749626723068e-03
3.667605152692766848e-03
4.106898305298409269e-03
3.621467437250597016e-03
4.612849127784859546e-03
3.886907943861860840e-03
3.621109880569423761e-03
3.670564220287175078e-03
5.304779424557700546e-03
3.757061823782990948e-03
4.953310517672268598e-03
4.858284496147767875e-03
4.369514387205448817e-03
3.847746197322043232e-03
4.130959571165600946e-03
4.893822221044279164e-03
4.741956329866237052e-03
4.335251503842027163e-03
5.517707169645873905e-03
5.168584252570220319e-03
3.927103777868487001e-03
4.416715253579802866e-03
3.831677723532781344e-03
4.772751601764515378e-03
3.803356033704347397e-03
6.051636527884400249e-03
3.276749505652572138e-03
4.441415385121761511e-03
3.865602933311938685e-03
5.148154789513315240e-03
3.275624351937041993e-03
6.021109013574950375e-03
3.956151857686186595e-03
3.924168208194284309e-03
3.855796796724070708e-03
4.305556279917331815e-03
3.442854310975448917e-03
4.658762108953867949e-03
4.845461931584030095e-03
4.131431052609565654e-03
3.514332629542894163e-03
4.456397866637361663e-03
4.599111117685709613e-03
5.069820749104366267e-03
3.589432476087653714e-03
4.820803041355671732e-03
5.100944038818466288e-03
4.496715329633755275e-03
4.592373152491288982e-03
3.353172460616797058e-03
2.580790896368018780e-03
5.116286303683632332e-03
4.363884053500956435e-03
3.785981893535908353e-03
4.365953286948560941e-03
3.324859306954538931e-03
3.339005319441231204e-03
4.607740676024178403e-03
4.632112636409691300e-03
4.697946223575344589e-03
3.070734622465041194e-03
4.167321813450360762e-03
4.360090483514919568e-03
4.059554508804338012e-03
4.072901063723057512e-03
2.909931164875505759e-03
3.637881542064734172e-03
3.580905137662352983e-03
4.285776544251606278e-03
4.188514555304761328e-03
4.243535508229513697e-03
4.417585952331936315e-03
4.598593363581697513e-03
4.860180885872957858e-03
5.577524540671115888e-03
3.920228192274576896e-03
4.309579707125525683e-03
4.302829015347692070e-03
4.101767623346164703e-03
3.852902693738355019e-03
4.331297075823228350e-03
5.030557542172164540e-03
3.514293909220650523e-03
4.554008916171700151e-03
3.955660195976398036e-03
5.284015018201978532e-03
3.941987096237356721e-03
3.177014504458125152e-03
3.797496251580417988e-03
4.361417398098906516e-03
3.364020196431330521e-03
3.657638998922348433e-03
3.988683722893022164e-03
3.852567844938039124e-03
4.806931515928592781e-03
4.727582020623440594e-03
4.664144655697148763e-03
4.546196729866840321e-03
5.151848840257262745e-03
4.715127733649352587e-03
4.838887469384703030e-03
3.287334435203472481e-03
4.758676781885962104e-03
4.159734729277111791e-03
5.594815741513248751e-03
5.269730287467075565e-03
5.346282854247386314e-03
3.474821306058648376e-03
5.061297424344170237e-03
3.660968325729078380e-03
4.188098058657261681e-03
4.566163685042334310e-03
4.821192965527809800e-03
3.639353898622137325e-03
3.320408761954326844e-03
4.743360230316549971e-03
4.191977965077294498e-03
4.688466329668231590e-03
5.290659550613884855e-03
4.414615407469073445e-03
4.729190985370585777e-03
4.647803178730751383e-03
4.672862418596520143e-03
4.322053117128642034e-03
4.017658070922034211e-03
3.253829208513021268e-03
5.043426399474105863e-03
3.853701980351747439e-03
4.298579703027844562e-03
4.640863192743121222e-03
3.799815107212535514e-03
3.792345680028283168e-03
4.630624506138638664e-03
4.343460980411722669e-03
3.387521993230695715e-03
4.543065905876808239e-03
3.957109067402055612e-03
4.330941500285905195e-03
4.598599609703651371e-03
3.496471203320049726e-03
4.652921724873743461e-03
4.757796423906990139e-03
3.987006223638635792e-03
3.288247105826187875e-03
3.870249637177986674e-03
3.529936289847765592e-03
3.633593066844189104e-03
4.199762272182432955e-03
3.965879518355364987e-03
5.252452875235690682e-03
4.432827567481509128e-03
4.184902561899126079e-03
3.980379996838922206e-03
3.743846475937360595e-03
4.701165320181754578e-03
3.805481889405956750e-03
5.082157106312808724e-03
4.103042815047168966e-03
4.012299301863587499e-03
4.971172385005698593e-03
3.746821244836379041e-03
4.193183496404070260e-03
3.843622212110959970e-03
4.459254537111442297e-03
3.630719666584172542e-03
4.304020262189503163e-03
2.783440550520797658e-03
4.643607534963817285e-03
4.373288760932764196e-03
4.959069409415805922e-03
4.691253447946477050e-03
4.312416388370781187e-03
4.784171837882166683e-03
3.447983850053884438e-03
4.185392395049799749e-03
4.660909325610355924e-03
4.117806094847280968e-03
3.776518339516647411e-03
3.676128588634741071e-03
4.553346720287509974e-03
3.585846483377794994e-03
4.610539566884440735e-03
4.990612679521857359e-03
4.406857746095176227e-03
4.226397882792427493e-03
4.215061524823186627e-03
3.960366028853152393e-03
4.184884476803862711e-03
4.252809350046498488e-03
5.382255509071412480e-03
5.443394837631936739e-03
4.813244046189346127e-03
5.153255137380169555e-03
4.864161147198745039e-03
4.128022348070606480e-03
4.629854185121731400e-03
4.306176065916987247e-03
5.330124167348772313e-03
4.252738831786014029e-03
4.592472212585485894e-03
4.907750025331568226e-03
4.689576152770939116e-03
5.083737586578825074e-03
5.124161697043593325e-03
3.627471524543463954e-03
4.966085188565790010e-03
4.788361200606004557e-03
5.579485041722824328e-03
4.348480943048048560e-03
3.419430073564750424e-03
4.339305078185932453e-03
4.049097767251662143e-03
5.110375535929920568e-03
4.784629644514903565e-03
3.556093635567920096e-03
3.982801662103915320e-03
4.710939694255961672e-03
5.435359666926283147e-03
2.873364048438292219e-03
4.354167672481178315e-03
4.482688303699204103e-03
4.897067386150024890e-03
3.527064963868347877e-03
4.263807240482408827e-03
4.143797535004438599e-03
4.631378136740251297e-03
3.971554766892843903e-03
4.923861097593643099e-03
4.185233700388889255e-03
4.107541953799230712e-03
4.839233499567122988e-03
3.100732038119463890e-03
3.720017041592184933e-03
4.723789880078319188e-03
3.821644465168951444e-03
5.201923749882903826e-03
3.773774012511367515e-03
4.004758212648949420e-03
4.058750831479367854e-03
3.551144965902392793e-03
3.671703984266835256e-03
3.727144091475687645e-03
4.910587901012135673e-03
5.196894152975892016e-03
3.926474901189865897e-03
3.564536716559795967e-03
4.434466089286391403e-03
4.165525136814378186e-03
4.046765630470008576e-03
4.563069463615561198e-03
3.180135936804441479e-03
4.823529292921686917e-03
5.277186212935359132e-03
4.332758887022536941e-03
4.543371416286988429e-03
4.398448677056368550e-03
4.317285173510885046e-03
3.168275350424622824e-03
4.180687389956366448e-03
4.271347558926112849e-03
3.661727507772796503e-03
5.313340321602354720e-03
4.144732112999322503e-03
3.736293154557634392e-03
3.572559939596166821e-03
4.008728465503319516e-03
5.388409988002751914e-03
3.551584910285512323e-03
3.603861314334575166e-03
3.552245033504354554e-03
3.689073517886607475e-03
4.564969036134243485e-03
4.720217922421466109e-03
3.963392447946495478e-03
4.342648559663375707e-03
4.472192592519351993e-03
4.300113530878258393e-03
3.926262204310585618e-03
4.813199213954588197e-03
4.728970500471610210e-03
3.782411285409878737e-03
5.316209271163743928e-03
3.754771675950051638e-03
4.475760563236983597e-03
4.282888739601417756e-03
5.417558110913045510e-03
3.923843020210450276e-03
3.674058215356745035e-03
3.909767204001733665e-03
4.636391513705547841e-03
4.160654793008442508e-03
4.063145072838331498e-03
3.251024339817933703e-03
3.585625288954721965e-03
4.343867323459088894e-03
5.023644781186084422e-03
4.636409286463557058e-03
4.649910320775988391e-03
4.376714477653435333e-03
5.061013311154642473e-03
4.132196819704707196e-03
4.098427554831517508e-03
3.916824801939415221e-03
4.251018199107170492e-03
3.774258475429466582e-03
4.921204316733628244e-03
4.713947636000376945e-03
4.244609915353392791e-03
3.103552698690744023e-03
3.777073897918636729e-03
3.612634635250289421e-03
4.302532840322161219e-03
3.932556752420441303e-03
3.943197892219048491e-03
4.003197631255866161e-03
4.547098646910641660e-03
4.434347456023036115e-03
3.901450862970751599e-03
4.844609408902121085e-03
3.922179279518576284e-03
5.076118288273268227e-03
3.234299094416079063e-03
3.328434998039196766e-03
4.665531910566878514e-03
3.783321952644721001e-03
3.610420314941244994e-03
3.477773288043787148e-03
3.974498005756272982e-03
4.116162107431218901e-03
3.284424130864437540e-03
6.046907184418248704e-03
3.580298427532856761e-03
4.228021033403862351e-03
5.178887601125357898e-03
4.565877209928766514e-03
5.188264998685421410e-03
4.979262865980380211e-03
4.657769704225705500e-03
5.408349680418413248e-03
5.153267919642013153e-03
4.131403572896816430e-03
4.717243605361512958e-03
3.898782801278130594e-03
4.854951484886688672e-03
3.575339450819559495e-03
3.260334559657969422e-03
4.335084051278156533e-03
3.515744504752867008e-03
3.478790520532809398e-03
4.748971321570834465e-03
3.819644884245279072e-03
4.824573167337836699e-03
4.021583468345154774e-03
4.069720356484320123e-03
5.013124485863305196e-03
3.959385414937937470e-03
3.625875130032895233e-03
4.440070618098349367e-03
4.226186475663649793e-03
5.011053095749777586e-03
3.272731152638261049e-03
4.857264654670187011e-03
3.951697442429723608e-03
4.849047817423028997e-03
4.021570605015763536e-03
3.707064587911133337e-03
4.345665591570531568e-03
3.748502901441704178e-03
4.750429217201642546e-03
4.297519687500354901e-03
4.844976462838020484e-03
4.143174299577051869e-03
4.705475137791621625e-03
4.016079972913985142e-03
4.639169079633068647e-03
3.874105240330488233e-03
4.770791221558932579e-03
3.656905435908451487e-03
4.014323402752058463e-03
3.796605669681611152e-03
4.927684970005515898e-03
4.560565758843036950e-03
3.509395717478465751e-03
3.904813461395527287e-03
3.325030417396531053e-03
4.084937470935585957e-03
3.773296158338725146e-03
4.665624789730823431e-03
3.440196766352154011e-03
3.662377366657278838e-03
4.494231128613300139e-03
4.311449935302049535e-03
4.417559442719108491e-03
4.149232570724814724e-03
3.698946326947768169e-03
4.082341138848625053e-03
3.595041521080000971e-03
5.264584637388519672e-03
4.120393352065884231e-03
3.985262972286963447e-03
4.764869510407139866e-03
4.458369293329168467e-03
4.189570347150177627e-03
3.956349727735819152e-03
3.178086121015801652e-03
3.628524616768145829e-03
3.822872904903080581e-03
4.899441854830170230e-03
4.302189244179776759e-03
3.742195054381277503e-03
5.705313850944127713e-03
3.595308746033254021e-03
4.371398639858452111e-03
3.612552950439501618e-03
3.769697039712996585e-03
4.913590238790430803e-03
4.263962354190088330e-03
3.089967227710389928e-03
5.117560782944034423e-03
3.929419009004606923e-03
3.532028144297974601e-03
3.877057624949326389e-03
4.231169390115682716e-03
4.674043748551411082e-03
3.709803910534028616e-03
5.352198860641427768e-03
4.611609892209889323e-03
4.456268608072950707e-03
3.802259800791289290e-03
3.985515448145285008e-03
2.678041097451341196e-03
5.048329488671772156e-03
4.947104705930845808e-03
4.181609725155010018e-03
5.202139720666956388e-03
4.326388963911257692e-03
4.146823336285604400e-03
4.837828199641289358e-03
4.272149591273667439e-03
4.568663876973655738e-03
4.005873800439118705e-03
4.438995124234589897e-03
4.952478850421796093e-03
3.285012690482006122e-03
4.023446207004402302e-03
3.920684367558065382e-03
4.571857779004910409e-03
4.368591920784779814e-03
4.560694263897085293e-03
4.806517484516599319e-03
3.821597929729463917e-03
4.489784165323321141e-03
4.169760132870906771e-03
3.278260975715625337e-03
3.884507314249428713e-03
3.112054550451034962e-03
4.875481551829007922e-03
4.105787476213991483e-03
3.814047467968038983e-03
4.079306182405247581e-03
5.126769132490952875e-03
4.956311811734418968e-03
5.203898883901681219e-03
4.108880966448968247e-03
3.738979604004399795e-03
4.651666841332906602e-03
3.209412046176151473e-03
3.652340484865713131e-03
4.454657677804813032e-03
3.705800617746805078e-03
4.879827562175008578e-03
3.815228623303739287e-03
4.186247539422698061e-03
3.773643807938690913e-03
3.405798137120982349e-03
3.722924665620586278e-03
3.722737672566502325e-03
4.218792791384753590e-03
3.411043687819363852e-03
4.941863131062771211e-03
5.409538767675454649e-03
5.462962640495960982e-03
4.051474106123911095e-03
4.129094810684024938e-03
3.037410737277059219e-03
4.001732735818064497e-03
4.021308404028580037e-03
3.852251261247984296e-03
3.911829306531295486e-03
4.370264252205877283e-03
4.157282684978582527e-03
4.242138792087777645e-03
4.240349001080894083e-03
4.108993850436138198e-03
4.431364043818753450e-03
4.199214166279432656e-03
3.761261793409801518e-03
3.870919080965900226e-03
4.415410440950651681e-03
3.933979749463233436e-03
3.803518407983001205e-03
5.064371769752090864e-03
3.976408834272028049e-03
3.441826718941953540e-03
4.399453605562935951e-03
3.507999674065094466e-03
3.987012867707654708e-03
4.247226089507383055e-03
3.638378387472197394e-03
3.977067955180007067e-03
3.973639328018603763e-03
4.004082673840112135e-03
3.582397795290597885e-03
4.291224752238788354e-03
3.951980190136469839e-03
4.132363598437457583e-03
3.815546498627097466e-03
3.487752060675575888e-03
4.078577010023233008e-03
3.388685725986048409e-03
4.004004306700679854e-03
5.027872599385311420e-03
4.470796137923192803e-03
5.212564634813817224e-03
4.518230968935635535e-03
4.848398986421541962e-03
3.578818096635110173e-03
4.787685513164988658e-03
4.526617300266628542e-03
3.695999060361873645e-03
4.651300787321671106e-03
4.393827120121792176e-03
5.385278698402079511e-03
4.673070322407656650e-03
4.089872739570750600e-03
4.721232471749625161e-03
3.331690401810772587e-03
5.018573663735668121e-03
4.127784384859648284e-03
4.717029262647103038e-03
3.902658719122999251e-03
4.841696736897469627e-03
3.839664363517554611e-03
3.741980985048554229e-03
3.970730097229288429e-03
4.633497345590800211e-03
4.414845796785821057e-03
4.263536627520486157e-03
4.279839730518417151e-03
4.353717270853769972e-03
5.047361432627501740e-03
4.597169541775358859e-03
4.053652914522348077e-03
4.908124842450113830e-03
4.088672619725818198e-03
4.431481835684751569e-03
4.618068502679114826e-03
3.919908876487427501e-03
4.394400876538395381e-03
3.963520994755192171e-03
4.214761433410589564e-03
4.302063254155623698e-03
3.813951799495777627e-03
4.205472367693070465e-03
4.165472053549015841e-03
3.829167602867740612e-03
4.438267822721482167e-03
4.100602513332847650e-03
3.271326959779168216e-03
4.024269413461939622e-03
5.113106640868773055e-03
4.750897391609495285e-03
3.905517677083446444e-03
4.330169310942498344e-03
3.555139707948003734e-03
4.325419407128579599e-03
4.690315451437858038e-03
4.468925544790521183e-03
3.138192477399244420e-03
4.179741888350049610e-03
3.658423221001957243e-03
4.040641614128535550e-03
3.388178818611626772e-03
3.565356404344747349e-03
4.108828531832500047e-03
4.672139720552777667e-03
4.700090382385460619e-03
3.407255182233533044e-03
3.818226600666199157e-03
4.202326260394486507e-03
4.050818652310616413e-03
3.939002516920185951e-03
5.530084565621026793e-03
4.569113944113221276e-03
3.829720074666296149e-03
3.772804064666011523e-03
3.886476231910702267e-03
4.353485429988903678e-03
3.980481245466557794e-03
4.108477260126849016e-03
3.783169505642608368e-03
3.995617163131149133e-03
3.843704611273857357e-03
4.278674267583625936e-03
4.005914930134742841e-03
4.616831583998300299e-03
3.950004648018200747e-03
4.608381181260251536e-03
3.555234695084229755e-03
3.563739357524412215e-03
3.249243888628506032e-03
4.419029691486033029e-03
4.241893619375733913e-03
4.349637732836700993e-03
4.776208330535634122e-03
4.431676816544146379e-03
4.423070868996565978e-03
3.489974931015449484e-03
4.620556372349374046e-03
3.746194846413866079e-03
2.995945128044199667e-03
3.106311793281091044e-03
3.134188356381535819e-03
3.324044367588458327e-03
4.632120811555646457e-03
4.269492792316259208e-03
3.130021540226475291e-03
4.717325247781025375e-03
3.390777344561264270e-03
3.917777380354594934e-03
3.645237437437686290e-03
4.588925731070460021e-03
4.504410160074899007e-03
4.665871529541083113e-03
3.242882076498765972e-03
3.161454408281222806e-03
3.378359685541677294e-03
4.412902716961668650e-03
3.195806997523724033e-03
4.571332322630061555e-03
3.473076714541661371e-03
3.888556976095354327e-03
4.170239420081833966e-03
3.793562294147565569e-03
4.397538274654120942e-03
4.148641524601551223e-03
4.369441532422040433e-03
4.092007926225657739e-03
4.056506881171353419e-03
3.879806327804722135e-03
2.971201145039773731e-03
3.577991170855711073e-03
3.888006317995061547e-03
5.235345161347780378e-03
3.670588987329756383e-03
3.858150998911348464e-03
4.422890776947656019e-03
4.255287171946489991e-03
5.176140678566748012e-03
4.258358238862071897e-03
3.852648136604152652e-03
3.652839844107987673e-03
4.269078862214899239e-03
4.394692773870163653e-03
3.967315016116779690e-03
4.096681567143234740e-03
3.301430176377668710e-03
4.643185951401405769e-03
4.588223269115099777e-03
4.079917353194029324e-03
3.616182818904706102e-03
3.548903349903313308e-03
3.541100015956154517e-03
4.109215667691883817e-03
3.499137138878779391e-03
4.742138603658530190e-03
4.137968754194776624e-03
3.863996927583327173e-03
4.467465597928311355e-03
4.203888961815811266e-03
3.915073856433098735e-03
4.203298134251818273e-03
3.925593210441541588e-03
3.514359089720471389e-03
4.340859963770523321e-03
4.021909770017780168e-03
4.772726186492223278e-03
4.270896725036632882e-03
4.023114006374260004e-03
3.552042136646625919e-03
3.683069193294457450e-03
5.207075027214367290e-03
3.290878635915597209e-03
3.720150476751534711e-03
4.597670585734663778e-03
3.597057652199961864e-03
4.673104505605277237e-03
3.649924779899245582e-03
4.615324395782166231e-03
4.083325666901975980e-03
4.232473220663921648e-03
4.836745971794261315e-03
4.086871897773210541e-03
4.232911155681694758e-03
4.097843357976654714e-03
4.047518631175499836e-03
4.607095063524896568e-03
4.058516264686389853e-03
2.969801821476222761e-03
3.791914192503322272e-03
3.890952363368109946e-03
4.977979185561116383e-03
4.332929547879757308e-03
4.212609252921552597e-03
4.887777921739365657e-03
3.607380701286309280e-03
4.005547649921955590e-03
4.684588329806602981e-03
3.358796442234066905e-03
4.693458805946311603e-03
3.751650723110909729e-03
3.641608077936310788e-03
4.550971575600038996e-03
4.531055698790704966e-03
3.963051433991848088e-03
3.549755753018641723e-03
3.548249510483973950e-03
3.572580045105029634e-03
3.378331917594955356e-03
4.139955071699612243e-03
3.765067900256319558e-03
4.839488398708625440e-03
3.968501001753088273e-03
4.539789427229303821e-03
5.021406491237811673e-03
3.534400360063661220e-03
4.830014836666634073e-03
4.213431075055923403e-03
4.102322389478311841e-03
4.027761219825747377e-03
3.952468163774201446e-03
4.217053827012085671e-03
4.415666815472863230e-03
3.789589422471255353e-03
4.654976000546680662e-03
4.854760337600264215e-03
4.454059832085550431e-03
3.870439020899521954e-03
4.672605164098743089e-03
4.169049367455923520e-03
4.243798457653069102e-03
4.141784626622495996e-03
4.087984320236070536e-03
4.336622799720841678e-03
4.021539831002765922e-03
4.510195628650785771e-03
3.487512479104432680e-03
4.361202430638559321e-03
5.393580236827190920e-03
4.181945277736905803e-03
3.145015789696664101e-03
3.151165655034877076e-03
3.891534534272734439e-03
5.459913624242368133e-03
4.173268357315698673e-03
3.777254353886363211e-03
3.102856413746478241e-03
3.399893644733940033e-03
5.626384054215619740e-03
4.481941094748258421e-03
4.462022478116083567e-03
3.638531792799583331e-03
3.310196257420288269e-03
3.053481064572016821e-03
4.130917946707471540e-03
4.181851304706987391e-03
3.735102698603470772e-03
4.808472162148133729e-03
3.672582604813866714e-03
4.977203291358505387e-03
3.970580566136494051e-03
4.158789603461623095e-03
4.826319805412087639e-03
4.937064102766348939e-03
4.227362960878996295e-03
3.933996819835227851e-03
3.454885345051878116e-03
3.875584771291734534e-03
4.505129047073510098e-03
4.850947665685839336e-03
4.149362253883988674e-03
4.721060099946145124e-03
3.632773809486828428e-03
3.591167540478454236e-03
4.964549950519675514e-03
4.334334239465932777e-03
3.439448945954232378e-03
5.097681931552842417e-03
3.691106907631754464e-03
3.911687119647334204e-03
4.610397002100348994e-03
4.401019181049673455e-03
4.235988603966876938e-03
5.550984032948830423e-03
5.278204136295639587e-03
4.217585733026028155e-03
4.129579249354261607e-03
3.444905499543177065e-03
4.641038028881895247e-03
4.890329525282835141e-03
3.722010425147068580e-03
3.485662797498388123e-03
4.176144328215841348e-03
5.113879029935502855e-03
3.367985286576040231e-03
3.793832710045992075e-03
3.842164715029982615e-03
4.039226984918345593e-03
4.690832045507273979e-03
3.434242144307801062e-03
3.344642977818834250e-03
4.297286766388556771e-03
3.940997567628714768e-03
5.001652294594817819e-03
3.957942961092712243e-03
4.246838460388374301e-03
4.407048051427359114e-03
4.232604576993364599e-03
3.512806621441578146e-03
2.994508831416838046e-03
4.255460867003830680e-03
4.992533057979304904e-03
4.152167469427874187e-03
3.642821612448289646e-03
3.223697669081788866e-03
4.412466611427458447e-03
3.849180327508740403e-03
4.503499030772797722e-03
4.227240945268150377e-03
3.973789289516465630e-03
4.474363298711232263e-03
4.373474549981569426e-03
4.344393595772899110e-03
3.569731767562896955e-03
3.941572202186551313e-03
3.672805892222334983e-03
4.387198686407021639e-03
4.666283953249525558e-03
4.085049308883238750e-03
3.200775892225895484e-03
4.830557650518829856e-03
3.826413448293616501e-03
4.278871349955826534e-03
3.022511035016471354e-03
3.268444610762360515e-03
3.986556886682013877e-03
4.568327971921222821e-03
4.147634832333954233e-03
3.892033930345427037e-03
3.533776059877158111e-03
4.422601546862843166e-03
4.806192130127691538e-03
5.391342621889215828e-03
4.084815822105062298e-03
3.901461408991907347e-03
4.437792759413593940e-03
3.906158646969926269e-03
4.949622295639854487e-03
4.468878281773920949e-03
4.092028701397293702e-03
4.618775409504027353e-03
4.202982331451957966e-03
3.205472082818658624e-03
3.525939145473497901e-03
3.677085022268768936e-03
3.971564968558866267e-03
4.437992558609393096e-03
3.745124815740860126e-03
4.294568139482406871e-03
3.957382047248229374e-03
4.320652022235105597e-03
4.174281590288736465e-03
2.935131965784828524e-03
3.949057103440194519e-03
3.963594654396774587e-03
4.255144439984082788e-03
4.020023359239352848e-03
4.997948321122443194e-03
4.467409995803828596e-03
3.951156923193182430e-03
4.831747521326829747e-03
5.089804790261216565e-03
3.784113425053028772e-03
4.711979748872742284e-03
4.991993175516963067e-03
3.896638321112493378e-03
4.715744083340233164e-03
3.829453364212989652e-03
5.183184029789783889e-03
3.781824778912565559e-03
3.924157026604202514e-03
3.626854194395350613e-03
4.941827268046124558e-03
3.632132840433066178e-03
3.518270462766210326e-03
4.546508595913451717e-03
4.169044616755050031e-03
4.074615550199910119e-03
4.407854763981959405e-03
3.938630632728713429e-03
4.526433069556651083e-03
4.238399338479899824e-03
3.329822610147996007e-03
4.184021232104133230e-03
4.251990672181268742e-03
3.552550620965717887e-03
4.425379898602411349e-03
2.936275767033283152e-03
3.761905288087580117e-03
4.647302261283755773e-03
4.353317663135126449e-03
3.983044055031749811e-03
3.903686066078442159e-03
5.009083232168618643e-03
4.050342686945170197e-03
5.298121610992218879e-03
4.136776194504656300e-03
4.743030902522750621e-03
5.104188016163086448e-03
4.042106453003765747e-03
3.995166809127643874e-03
4.119748417277718788e-03
4.118918380636407868e-03
4.164354281328399264e-03
4.119027988129685645e-03
4.325838329062414722e-03
4.235325328272216555e-03
4.598675639879791499e-03
2.971036594399793958e-03
4.686762626852971139e-03
4.342890481594302056e-03
4.665051842670722183e-03
4.632313065614535388e-03
3.846478857817691409e-03
3.676565475799062604e-03
3.191494297397300811e-03
3.892371276325694469e-03
4.150206178749367772e-03
4.585883948021312294e-03
3.638351792448056999e-03
3.170874837131213483e-03
4.080630960953797459e-03
4.495983696481459582e-03
3.447114012962780843e-03
4.156826701581375211e-03
3.625488057114663754e-03
4.389748812302482830e-03
4.300053986007810851e-03
3.695055547025873858e-03
3.686375325896085707e-03
5.402408951456979212e-03
5.185938310556990893e-03
3.840833856974602487e-03
3.480581748050144350e-03
5.663939435176003519e-03
4.519166187611538960e-03
4.780004437124143329e-03
4.321775928066318162e-03
4.814522243888725954e-03
3.867104883339509726e-03
3.072678164381529350e-03
4.613204492385239441e-03
4.409938013649880237e-03
3.587520483652658580e-03
4.484491942121591850e-03
4.898276296433034388e-03
4.646569552543513247e-03
3.595791337976945133e-03
4.988883304551460819e-03
5.113972329305120981e-03
3.741405712527141186e-03
3.586119561714172597e-03
4.254215421969005304e-03
4.080845030092949445e-03
3.292814973921126716e-03
4.503802098579022875e-03
3.527860724927541457e-03
4.415493569286684135e-03
4.299315372282613325e-03
4.489716522728672346e-03
4.409320567157487200e-03
4.161647658605186102e-03
4.140562299365981198e-03
4.974880168656696348e-03
4.351782319686962018e-03
3.833406881905754727e-03
3.537677530373809463e-03
4.113185678542761146e-03
3.093824850034393795e-03
5.206123010318540294e-03
5.069539842138945894e-03
3.662586884687423373e-03
3.982402257104459588e-03
4.371787378171838705e-03
3.926588256521160170e-03
3.939132748187850787e-03
4.069528243426660113e-03
4.640182491845380904e-03
4.452828993721616099e-03
4.594389925637779905e-03
4.227903207591632989e-03
3.658295853733051044e-03
3.645670566631204357e-03
4.868144861353459509e-03
3.900527542163679823e-03
4.321323430789281161e-03
3.969896468536903388e-03
4.688923137271278768e-03
4.242479845951445568e-03
4.197741564472640997e-03
3.312802458410246068e-03
4.323415780307236951e-03
4.188756373239971992e-03
3.625135637084872953e-03
4.380664575874906180e-03
3.915166922712407654e-03
3.535105592951893073e-03
3.667927227593137125e-03
4.670636263224892115e-03
3.152549777160374399e-03
4.909993170045832099e-03
3.589733700522667117e-03
4.469086147351128413e-03
4.167863987762954713e-03
3.446902812024795013e-03
3.726889092004635837e-03
4.634739318331708782e-03
4.170663572302322521e-03
4.922841161194830770e-03
5.048561321447405173e-03
4.169252739972654359e-03
4.021698145263826775e-03
3.970492826048620076e-03
4.697325658711602216e-03
4.754640265023595165e-03
4.483098310793937058e-03
3.681036349075003655e-03
4.526370638029341212e-03
4.500880301667299285e-03
4.163410448849503773e-03
3.107077002625260008e-03
3.405900395248858282e-03
5.147079448642045973e-03
3.941146294703275210e-03
4.589328965570610604e-03
4.036520285876516075e-03
4.194531975959642570e-03
4.969422041411042379e-03
3.656260382600889491e-03
3.613742334569570482e-03
3.765506087116961276e-03
3.171731241200587831e-03
4.258003846540606499e-03
3.801419375527866941e-03
4.666415118174354129e-03
5.035195393243782278e-03
2.904233344117748607e-03
3.786729381706654095e-03
4.273508006392061007e-03
4.329390004428384543e-03
3.992105063691714362e-03
4.491807585876886506e-03
3.988334223718040250e-03
4.512099699120140570e-03
4.508155086481821505e-03
3.058331936920153944e-03
3.830687977361234200e-03
3.837105410756168605e-03
3.776358794764514241e-03
4.183348990544950678e-03
4.678732227797611186e-03
3.166617241305501665e-03
5.380445219193969592e-03
3.558742050739242390e-03
4.548002062692500271e-03
3.689221590718651418e-03
3.865022087808688781e-03
3.421471347280062927e-03
3.396734246746498879e-03
4.919879670873687598e-03
4.238042433170341634e-03
4.954621522753068462e-03
4.502132034940585850e-03
4.536778935357692333e-03
3.072015440857919603e-03
3.569234563631223846e-03
4.850023806353593453e-03
4.782832819858312198e-03
3.801364520419477696e-03
4.035480045826463427e-03
3.657763360892582818e-03
5.281674760929748989e-03
4.607676680004824804e-03
4.846614613022410568e-03
4.006627665907635041e-03
4.469695572508106986e-03
3.534674656795915200e-03
4.337034607871251626e-03
4.992550066110206831e-03
5.638179443300067768e-03
5.114633796282553289e-03
3.013744065989643929e-03
3.919567759071814622e-03
4.730454983138921224e-03
4.238680207965765147e-03
4.321317014127313769e-03
3.962793214645982456e-03
4.279102623762043658e-03
4.250387393398215481e-03
3.036989375674705675e-03
3.855277015245202506e-03
4.358704018645087781e-03
5.596166312806767976e-03
4.682127489071043550e-03
4.048159329382505604e-03
3.928283590562442126e-03
4.486909645170131591e-03
4.547369878581994374e-03
4.530518928666894991e-03
4.091178849490510923e-03
4.539574609458637416e-03
4.234489857248373117e-03
4.703802116391525741e-03
3.902815420162042762e-03
4.227768530173525545e-03
4.006422061965085775e-03
5.084061735740268151e-03
4.222142623739320519e-03
4.204682848669339182e-03
4.897613503312802340e-03
4.242654177078311432e-03
3.558722467777501470e-03
3.828285037524137291e-03
4.600798337221794453e-03
3.917618441648744801e-03
4.031074558256793165e-03
4.149510595732834942e-03
4.349130043749747411e-03
3.993001704907037618e-03
4.212574477053728297e-03
3.916625513778596024e-03
3.795481899786610092e-03
4.862001545869029141e-03
3.295273495444217375e-03
4.064712111563591537e-03
3.733090706008103648e-03
4.567780533086841614e-03
3.859608042646849643e-03
3.824529350223629734e-03
4.409061827020417136e-03
4.639168920101477585e-03
4.427120817137255963e-03
2.673428735660247826e-03
4.947836925529599736e-03
3.971426844962395314e-03
4.808785363981466811e-03
4.271387522114033185e-03
3.456669470484077800e-03
4.162090666237076159e-03
4.405177955917554886e-03
4.728103325358937702e-03
3.340470671318565305e-03
4.086964173358572511e-03
4.542846075209643758e-03
3.232888541588675117e-03
3.940275065590194761e-03
3.298232938396316281e-03
4.423146472692847733e-03
3.564754349313108660e-03
4.899460285151636257e-03
5.127139031166520929e-03
4.079109173831058956e-03
3.406822185959273476e-03
2.892602680232910558e-03
3.171634109800266534e-03
3.098502642266273092e-03
5.057299265438969758e-03
3.168463526365931579e-03
4.719054051608687246e-03
4.169627653745704675e-03
2.887328144475175950e-03
4.554514011343972595e-03
3.289757599550984304e-03
4.196596406957516651e-03
3.130322924286946511e-03
4.787378568818879271e-03
3.023154553875108223e-03
3.474498123582128815e-03
3.823675091106697177e-03
3.730506103179103035e-03
3.612794965631685191e-03
3.631270516912648780e-03
3.319688210977504023e-03
5.393481745237192586e-03
3.906100508693659268e-03
4.852100839140714196e-03
3.494152415061533689e-03
3.852794863808755958e-03
4.495066994991781494e-03
4.515636246095840710e-03
3.847803642029818966e-03
4.077420259080493173e-03
4.474835806356376559e-03
4.639787805725704289e-03
3.936022552583092089e-03
4.831333216632337224e-03
4.455627112424153519e-03
4.356707012153872120e-03
5.039840381774391906e-03
3.597352162422346247e-03
4.821182680844806126e-03
3.307268721573860051e-03
4.311294953067483678e-03
4.034860684016304024e-03
4.455736658657204370e-03
4.364816293157606358e-03
4.746135563960110666e-03
4.564482867032578460e-03
4.503591040336948556e-03
4.308788484038396198e-03
4.644032045923227221e-03
4.797757101294117775e-03
4.464845780556425323e-03
3.386187316385985691e-03
3.959507056381595703e-03
3.870043171314245436e-03
3.943345042901441957e-03
4.921722404175264340e-03
4.103203557044297553e-03
4.004575445499849486e-03
3.569280189506485786e-03
3.886952697762983619e-03
4.800477988612218173e-03
3.719553615197036985e-03
3.304727835220090931e-03
4.208267260319014519e-03
4.098677950009256381e-03
3.907190058748773696e-03
3.513064129281550946e-03
3.558926144851945993e-03
4.428567305559336954e-03
3.321031572571914257e-03
4.524457974473525268e-03
5.159011662687523585e-03
3.575916617103970085e-03
4.299378588153431741e-03
4.433163985670480513e-03
4.859886587103395307e-03
3.785114358071188598e-03
3.186068505257384775e-03
3.680174190023258012e-03
3.840449911142048214e-03
3.805176965892990548e-03
4.609907699315459600e-03
2.531790301422602498e-03
5.197424510458513967e-03
4.223548150881435530e-03
4.309770903748981995e-03
4.644898534851671368e-03
4.133125923330622543e-03
4.697919484899702909e-03
3.865219292832548607e-03
4.134527555158746918e-03
3.828461273891191861e-03
4.807661638351874364e-03
3.722574746823004242e-03
5.109059531055973498e-03
3.543215621805161780e-03
5.228041948155491732e-03
4.231212547397201172e-03
4.104107369104301010e-03
3.924714944822662102e-03
3.964069844091370337e-03
4.125842147411571889e-03
3.457957369951436023e-03
3.277615117298658849e-03
4.650368177485516077e-03
3.193845321599718921e-03
4.520919139223234483e-03
3.979531402190199241e-03
5.534195771462527974e-03
3.601828106842041351e-03
4.208707450201137554e-03
3.867354216417602086e-03
4.229622394946011381e-03
4.525040210899456024e-03
4.188894415464609194e-03
3.846622363125174089e-03
4.254221620402677886e-03
2.936887676405177099e-03
4.986410913424358000e-03
3.767459460312910530e-03
4.728895203633266819e-03
3.616618995774647464e-03
4.150175216617469492e-03
4.330466918770307927e-03
4.886182086675698068e-03
3.764452294153916231e-03
4.483961026922667938e-03
5.870439236488392970e-03
3.967034961886829227e-03
4.038401358791390318e-03
4.164410028543758836e-03
4.013369087597338375e-03
4.476997895427242691e-03
3.767671107998337484e-03
4.406989703677513005e-03
3.836248547282404293e-03
3.405035879109257011e-03
4.040900162104779300e-03
3.829278062831978531e-03
3.919680342307312743e-03
3.453007175076578360e-03
4.497281486662389749e-03
4.073670112009632194e-03
3.527678532382436116e-03
4.514178452417499064e-03
3.798442097790068542e-03
4.115055745132267795e-03
4.144901511508220643e-03
4.080050151900904178e-03
3.542209595759652704e-03
3.333901285455375275e-03
4.105207818366671778e-03
4.872534663825976373e-03
3.942807418161462484e-03
3.372250244826743328e-03
4.224197159531490296e-03
3.632874009290452868e-03
3.785357331543363121e-03
4.346474580099975345e-03
4.790624200486748134e-03
4.080099254407248098e-03
4.283368681808615713e-03
3.704206095391180883e-03
4.093620286597618972e-03
3.794745408186446858e-03
2.958046992735943129e-03
3.506281819116927045e-03
5.516757117968800264e-03
3.810986267360008846e-03
3.789578911452559738e-03
4.138402518426394054e-03
4.350063363839100708e-03
4.354047337536652053e-03
5.165991465446146888e-03
4.130106720796527207e-03
3.772981187518181009e-03
4.745744956276365042e-03
4.635685392645375047e-03
4.685451300377739374e-03
3.298077149556487373e-03
3.579102742773790629e-03
3.960120593344673874e-03
4.285640034734556660e-03
4.632512102259515180e-03
3.481095217474442557e-03
4.134154639898705332e-03
4.272381244611708935e-03
4.226784681347224223e-03
3.862658892597757576e-03
3.468208460248077898e-03
5.280346284895822209e-03
3.570029047167988870e-03
4.290353841257895165e-03
4.497810002106425800e-03
4.451585364474408210e-03
4.152783499026185127e-03
4.262933155600672104e-03
3.924852350675699791e-03
4.660840354997121404e-03
4.454916429282411439e-03
5.053824755296107939e-03
4.369296031679787209e-03
3.255943990659060285e-03
3.753575999624162406e-03
3.769618286467384723e-03
4.117285722617429478e-03
3.834375199061896416e-03
4.211905920433021630e-03
3.639376326031203059e-03
5.179284933428405027e-03
4.119107653389486069e-03
4.026444690451945300e-03
3.711090778828736100e-03
4.149352385454441183e-03
3.919275356726655002e-03
4.258464383667228195e-03
4.854818586241011792e-03
4.655452184368483182e-03
3.884277658180711971e-03
3.714655982678878674e-03
3.864613265745847452e-03
4.125724276167714449e-03
3.891586881965494391e-03
4.187559163995207591e-03
4.922205433097802223e-03
3.742442773199364248e-03
4.066144936291261371e-03
3.830549397472188342e-03
3.931188473494585944e-03
3.710654957552792562e-03
3.025053181127359842e-03
3.923579764709925546e-03
3.518193954324415253e-03
4.261180778044955549e-03
3.955318572175463461e-03
3.347157325243045947e-03
4.409496716007452709e-03
4.704275729740277703e-03
3.372726274887585286e-03
4.457808827858918306e-03
4.586008080439516951e-03
3.072815843707485395e-03
3.495011507884888350e-03
4.089507283491212314e-03
5.076249197509402622e-03
4.290434308381624144e-03
4.456046173365587476e-03
3.926898213316988920e-03
4.682397104200061375e-03
3.531245626953680508e-03
4.667821563634627635e-03
3.951164790982219024e-03
4.502143570187302872e-03
4.902579581824451256e-03
4.051758991844732136e-03
4.436397495320186686e-03
4.447426872496785741e-03
5.173474744190286606e-03
3.757968601714592200e-03
3.531342997161355905e-03
5.203842650599982932e-03
3.995217739392073301e-03
4.481095951135519347e-03
3.162069509409568338e-03
4.009052884261034982e-03
3.627588839112164468e-03
3.355928548175163891e-03
3.690027442463824497e-03
4.845262497055681690e-03
4.349611936845953000e-03
4.082601419663314454e-03
4.541830664120991012e-03
3.807543846936917338e-03
4.042353034702919623e-03
4.502999405136410248e-03
3.837907214378336474e-03
3.888440076967050740e-03
3.548760885740170207e-03
4.379136503225008158e-03
3.937560457049245344e-03
4.322233165075634563e-03
4.935202779775505963e-03
3.874837705483609365e-03
4.002779691272999492e-03
4.784450963008625955e-03
4.198842600709963048e-03
4.949442412152445063e-03
4.510549711079496482e-03
4.485501962947220471e-03
4.892858079309420072e-03
3.711953946945627421e-03
4.401802827406591824e-03
3.954176645480929342e-03
4.314617089810411470e-03
4.312990477412933892e-03
3.373668288458403237e-03
3.940027353338744140e-03
3.735719818216027242e-03
3.801340074139414067e-03
4.911703609400608871e-03
4.181832967015286333e-03
4.174904852564379452e-03
4.897345101845830377e-03
3.864930498391148158e-03
3.306986275013554504e-03
4.355272986103394563e-03
3.942782959856977465e-03
5.123750917905838843e-03
3.989938336632766966e-03
3.612806968084743969e-03
4.011653986746443676e-03
5.158846939555875727e-03
3.902807602825739738e-03
4.403884868231529477e-03
3.831126388490551163e-03
4.634469953158428489e-03
4.494812178024176937e-03
4.829175739372132750e-03
4.258355048316610388e-03
4.182604767074287258e-03
3.356039104912357345e-03
4.053118870063140110e-03
5.370900870090035244e-03
3.828594375127896028e-03
4.873076345520730573e-03
4.409087523261827866e-03
3.744388262235126379e-03
3.241036748483626297e-03
4.392664139199359621e-03
4.271335843829489158e-03
3.881362610372446776e-03
4.066431082651348998e-03
3.705275251204872503e-03
3.490592661713262570e-03
4.262142411193849817e-03
3.502619068532262549e-03
5.158279111531525324e-03
5.075938637382318257e-03
3.373622640332269579e-03
4.443496770283166149e-03
3.273773853760137461e-03
4.132800915326149786e-03
5.699419913428484599e-03
3.816577758636674565e-03
4.584135495009264080e-03
4.108745953474341600e-03
3.921996140863867955e-03
4.346161176397209634e-03
3.418827372209541984e-03
3.662887467341835891e-03
4.048233639302635176e-03
3.724316054447078441e-03
4.853424208567965262e-03
4.540935570663755250e-03
3.161559240687163326e-03
4.042207027542059697e-03
3.658857703345785427e-03
3.385692196984866828e-03
4.200492498653287179e-03
3.209505839905757441e-03
3.897877620138136701e-03
3.845202439267933047e-03
4.268327065778720723e-03
5.409846788281021460e-03
4.249483337253004249e-03
4.098381748699122563e-03
4.346673089586384868e-03
4.142325616522044875e-03
4.660210060122824821e-03
4.174530709287491669e-03
4.062753472056956569e-03
4.152582071873615714e-03
3.479523673217119629e-03
4.588242640133039646e-03
4.511869840160259021e-03
4.092893589190581098e-03
4.821780300949832232e-03
4.310396832580299167e-03
4.548147106522530160e-03
3.731190185994707163e-03
5.393130253484953833e-03
3.657988252372466713e-03
4.627609019675421424e-03
5.371607379279439050e-03
4.965712784767523265e-03
3.387144252349120251e-03
4.898977007455520248e-03
3.918389162441852057e-03
4.485173636692268637e-03
3.781818656975210937e-03
3.859916298165940850e-03
4.202313434268760764e-03
5.323071565302720833e-03
4.031020395840464315e-03
4.742493257360582033e-03
4.641324395920848681e-03
4.015263069168542240e-03
4.115477306194248105e-03
4.053749515400678453e-03
5.100872187093846710e-03
4.061627562027882513e-03
3.975670756923206997e-03
4.870920663627895629e-03
4.350673145666939662e-03
3.507404277450268913e-03
3.624848004854766721e-03
3.315258336010816140e-03
4.631995133998955891e-03
2.898034024542969940e-03
3.786041064033247427e-03
3.859351888147964042e-03
4.145545262287907151e-03
3.908864353335863781e-03
4.682900187004035777e-03
4.316488486995079081e-03
4.762666150515166771e-03
3.605913401215326674e-03
3.588842333719608445e-03
4.313234414743633525e-03
4.171699212595371062e-03
3.470592163276982420e-03
4.703016408027347120e-03
4.344076351960902797e-03
4.213639218496535027e-03
4.221394592678120831e-03
4.903685138375375036e-03
4.261327606186284846e-03
3.911527561649430669e-03
4.393093616436547465e-03
4.170809666968991469e-03
3.353981099738946071e-03
4.856898228662449336e-03
3.039980551242909244e-03
3.879052356491990029e-03
3.947688985025497345e-03
4.479406388718690929e-03
4.578201772785418615e-03
3.079383345902643974e-03
3.805999729702532787e-03
4.257091278706899747e-03
3.713987020697032387e-03
3.754648755452074781e-03
4.739195645948181962e-03
3.838006432640623123e-03
3.748098533666008574e-03
4.360386449161451038e-03
3.849360119530831435e-03
3.995732488203501166e-03
5.007384718038011134e-03
2.744137632963752384e-03
3.443131855547191134e-03
4.863206457002205302e-03
4.068324753472000836e-03
3.338866630518342628e-03
3.911828359508673705e-03
4.090964172698224530e-03
3.338709059015171256e-03
4.128450525141770869e-03
4.280649626451120231e-03
4.087872719108947943e-03
3.732320491987240786e-03
4.485415480684372055e-03
3.501209064941477028e-03
4.244363449635835638e-03
3.905699578172416517e-03
3.983988658947472915e-03
3.830235346617188487e-03
3.458083914214056271e-03
3.161799325833809446e-03
4.461586399559284988e-03
3.626669758817308801e-03
3.686354689306490986e-03
4.479185899424040565e-03
4.581182625331259479e-03
4.934754553312086650e-03
4.759242592582773983e-03
4.078924833008324910e-03
3.398398656309345369e-03
4.721415472622256075e-03
3.056211498777825115e-03
4.149119586498049503e-03
3.632822657485948459e-03
4.043419714488503437e-03
3.493302597628201046e-03
2.986876430401256589e-03
5.068250311340484482e-03
2.997534103176584513e-03
4.274281558927682349e-03
3.925333008027398658e-03
4.183407375114508130e-03
4.533498810356055217e-03
4.190472720486151416e-03
4.963633072462642938e-03
4.390568644168924006e-03
3.734343554883086738e-03
3.540549291588159474e-03
4.981494004556654039e-03
4.021626195473938618e-03
3.574349043787512347e-03
3.826152550938692002e-03
4.928390624255468005e-03
3.937653492762971212e-03
4.446390637742302261e-03
3.236108943957242794e-03
4.496215527937792028e-03
3.321330496377266489e-03
4.351317977224063334e-03
3.524464126401771150e-03
3.763773279373062650e-03
3.721039130529289838e-03
5.619238760664461464e-03
4.167044753894295038e-03
4.721692320097965051e-03
3.989827864826111375e-03
4.511206714201774354e-03
4.591390997999852779e-03
5.101600733217319730e-03
4.087314016021749777e-03
3.959759502882567381e-03
4.383286972831071902e-03
4.678938609761516994e-03
4.372979750678596469e-03
4.119003211271628218e-03
4.270076763891746119e-03
3.619994461176365402e-03
5.756844654834026957e-03
3.570897814938040621e-03
3.936288460057611391e-03
3.963018351700832963e-03
3.942443702635948025e-03
3.428342610639355074e-03
3.436185471505387272e-03
4.382154301005102004e-03
3.746184048029775962e-03
4.564004325076111840e-03
3.303903690298743041e-03
4.235978423528743812e-03
3.718419553671428734e-03
2.383401384325446303e-03
4.665508404083236124e-03
4.046015548589162840e-03
4.337253182896697035e-03
3.628914736577898079e-03
2.676070874043964386e-03
4.254974950552379773e-03
3.548183114882759014e-03
3.729805330960451852e-03
3.738749005774539679e-03
4.206643093924098027e-03
5.070962608160598309e-03
4.779128300886571409e-03
3.736039944071903578e-03
3.903205920365325054e-03
4.164645337693710474e-03
4.384215534681113087e-03
4.265312366781250607e-03
3.310267304770581585e-03
4.203409301908865060e-03
4.385864223175479568e-03
4.023710572784783800e-03
4.047095849094017005e-03
4.837669284111030012e-03
3.352320862185710192e-03
3.780268477322632631e-03
4.493358867699725687e-03
3.934290963766277731e-03
4.856523860375227403e-03
4.428209131907424011e-03
4.331518372591052109e-03
3.390437326303457830e-03
4.249737039379087623e-03
4.761523102433072585e-03
4.006294077876166974e-03
4.891173847046173181e-03
4.429206653487435807e-03
3.484383770383369262e-03
3.883424325766511327e-03
3.385329935208610062e-03
3.894542445610474704e-03
4.348745921934361533e-03
4.270577921629846452e-03
4.160594519477997175e-03
4.664788852328532846e-03
4.366170091858839926e-03
4.689967631962278262e-03
3.715304268919894602e-03
4.023991104614111844e-03
4.331951004967737710e-03
4.703694851783106305e-03
3.956809014669221934e-03
3.632871523128277432e-03
3.659877801891469641e-03
3.606727272017802056e-03
3.912983235038278856e-03
4.480224438010475645e-03
4.568481325306225638e-03
3.199818754200456535e-03
3.255243838204853295e-03
4.594963339816014389e-03
4.334226421636265883e-03
4.604505787736203580e-03
3.714332346873892333e-03
4.393604602688601021e-03
4.483917731265030758e-03
3.987828266261097057e-03
4.406531304364385247e-03
4.204739890510808195e-03
5.158817017720810499e-03
3.466473013253128493e-03
4.275260109516486502e-03
4.096964020773288286e-03
4.102815726413711409e-03
4.087916736796840152e-03
4.280733184138308875e-03
4.490632559047634184e-03
3.551717300344568035e-03
3.968388476125726295e-03
3.572513660047641360e-03
3.995841134198940131e-03
3.472639326376593741e-03
3.743954405795004228e-03
3.883889235338276822e-03
3.606522494511528541e-03
3.507794390403367029e-03
4.540449628095440462e-03
3.292174789190001252e-03
4.429225052494598254e-03
5.100421338791369039e-03
4.101978047794545279e-03
4.176687564862096441e-03
3.927023934304545161e-03
3.838250324785669361e-03
3.724624104007838096e-03
3.754024389342720293e-03
4.263316023640653304e-03
3.316079374445811585e-03
4.323527779628120495e-03
3.557329644842962581e-03
3.954779372838597949e-03
3.838366067495071771e-03
3.791099964257864559e-03
4.729660518169493538e-03
4.351240987481554134e-03
4.183656888986322063e-03
3.592703618078962186e-03
3.879296984520962978e-03
4.721082833260025792e-03
4.430811738504202013e-03
4.145616680688401015e-03
4.173950466885628305e-03
4.277528530741478603e-03
3.471092983675508510e-03
4.482239505552414009e-03
3.568653775730562874e-03
3.483951231917633423e-03
4.318600795139049785e-03
4.010439966194606284e-03
5.115637284291319788e-03
3.894616530015432201e-03
4.172089606374467484e-03
4.728699675423126553e-03
4.547834083993955619e-03
4.300054272758395066e-03
3.421065376009608042e-03
4.615809570252914565e-03
4.543086152457455514e-03
5.004897330150707459e-03
3.795841924701026139e-03
4.260782917465807604e-03
3.813465359751873080e-03
3.545450718672094829e-03
3.723951130621603461e-03
4.694324871748770112e-03
4.080456201896238110e-03
3.953333607188969090e-03
4.142187205988112284e-03
4.018074127865140302e-03
3.972796607529282750e-03
3.829335454431056704e-03
4.148561857517319568e-03
3.351812438618862605e-03
4.374453844683514475e-03
4.438918824899047537e-03
3.241234816229786840e-03
3.977860681604786230e-03
4.465352095129397104e-03
3.616688789454430061e-03
4.741999341873892257e-03
4.210063802021743289e-03
4.032586829735046625e-03
3.465699518844057598e-03
3.592544644486419560e-03
3.863264472323219966e-03
4.633276390211965579e-03
3.946613839232025744e-03
4.017890200225853782e-03
4.305623405372815786e-03
4.454560303459075346e-03
3.998381742665409709e-03
4.107137967593312185e-03
3.655616449439033720e-03
4.545698643620183985e-03
5.140564787716930990e-03
3.943158914713944772e-03
5.340226134482201417e-03
4.203100827693859176e-03
3.777712697264890267e-03
3.880058179499555442e-03
4.205888276972249464e-03
4.103428455394403720e-03
4.020741558311577944e-03
5.282029380932548243e-03
3.633777885182690962e-03
3.734072960957213281e-03
3.749459758920347698e-03
4.868462089750641431e-03
3.065899367619681626e-03
3.666496745263118570e-03
3.668426763737789829e-03
3.810766543813858681e-03
5.920928571779051838e-03
3.899034399002100464e-03
3.406842381659270797e-03
4.284466283444311220e-03
4.233662787844445080e-03
4.200769590603121127e-03
4.171158226951566378e-03
3.846909375393378194e-03
4.426292940496559178e-03
4.317352081038756430e-03
4.867484254905942755e-03
4.315303873201131561e-03
2.362578199127943028e-03
5.164567555230762524e-03
4.657959262993379389e-03
4.669796108229450939e-03
5.022706363530495682e-03
3.835516430210920893e-03
3.232557760679504247e-03
3.724047043544453928e-03
4.160300715900863353e-03
4.584807603102055047e-03
3.028367406316652324e-03
4.003179015063192819e-03
4.460131578417710421e-03
4.446001924477632240e-03
4.735719828718912283e-03
4.433489730753911902e-03
4.620761013506548449e-03
3.790789965990639179e-03
4.855885738046280230e-03
3.923256501622505651e-03
4.015900015558775821e-03
3.595375574648485961e-03
3.941527661942063020e-03
5.166782324444901472e-03
4.553687788663817251e-03
4.342922855145687697e-03
4.466936227590343617e-03
2.337998584877949010e-03
3.785206638660682660e-03
4.654083965854373742e-03
4.207041292871053703e-03
4.475137107371390983e-03
4.485561912589306095e-03
5.175361756453395433e-03
3.715147771812909831e-03
4.098356598780689142e-03
3.384554742904622923e-03
5.043807948806681637e-03
4.231879445297648604e-03
4.022829675015144810e-03
3.890806883465102849e-03
4.016483229663090140e-03
3.546114600139514423e-03
3.493640302255717096e-03
3.844621181815605863e-03
3.936959241727051861e-03
3.753895920899516948e-03
3.317113855894423917e-03
3.709536667276554581e-03
3.428275923806106858e-03
5.377407808962724779e-03
4.174128113373644713e-03
4.100324581448065719e-03
3.728907922484686350e-03
4.573553618380262094e-03
3.258452515493611128e-03
4.455671861855380056e-03
3.857526792607241569e-03
3.572023922980201507e-03
3.973089855065691824e-03
3.306025177783287854e-03
4.232597851229949644e-03
3.610247553043319929e-03
3.710342389553364980e-03
4.211751936842190319e-03
3.518639282818636620e-03
3.217236872255220797e-03
3.789802600903002371e-03
3.656481682424273395e-03
4.401465832280358585e-03
3.615695277297595843e-03
3.724427914314390031e-03
4.149738352046866523e-03
4.978121877342262490e-03
4.975481420989488410e-03
5.026369978018188286e-03
5.212242633660688768e-03
3.263801594850244785e-03
3.554218167692667959e-03
4.160361215068450469e-03
4.217516961443428490e-03
3.940585506156201942e-03
5.158413188513121493e-03
4.584022025779228675e-03
4.630176568903834368e-03
4.318351194408779660e-03
4.605531957395911195e-03
3.865203996362294534e-03
3.905785538705398591e-03
4.416887815680201751e-03
5.025860128324622679e-03
3.955444869808500200e-03
4.637979751732689525e-03
3.498560115297835900e-03
3.825582762266905960e-03
4.056959726845172330e-03
4.189982400290380785e-03
4.863724040796196108e-03
4.218921271311418253e-03
3.957041455332050393e-03
3.664066244482290426e-03
3.854610588420082692e-03
5.192620128043190855e-03
4.171886501617305502e-03
2.806311763685028111e-03
3.583533012090571891e-03
4.411415520410744140e-03
4.146049251422717456e-03
3.923905906876748277e-03
3.869930825866880249e-03
4.445245087361554201e-03
3.742198161728193737e-03
4.628363270017170003e-03
3.876048725516880074e-03
4.372654958764841948e-03
5.209003426896253834e-03
3.235964576555547256e-03
4.356267721596744635e-03
3.522460811229302744e-03
4.553728889281463514e-03
3.665183844123442395e-03
5.253761220384444222e-03
4.487566696865005929e-03
4.133685627641579992e-03
3.274887454567423396e-03
5.204526079399673585e-03
4.582891578218718960e-03
3.096537103699635585e-03
4.430698179305017290e-03
4.221822186927962767e-03
3.855332818637402601e-03
3.297756119205652505e-03
4.251252051735236390e-03
4.274079936197318526e-03
4.608578095675905893e-03
4.749114222925229951e-03
3.311264349957365998e-03
4.336742290467119308e-03
3.545139908817810607e-03
3.371424809168142682e-03
3.779485774813638125e-03
3.643707653045246721e-03
4.364662665766148864e-03
3.213409492881185922e-03
3.600796987628834041e-03
4.647052726064681942e-03
4.592660682973778372e-03
3.487305475676027219e-03
4.262579264448464710e-03
3.574908537864266052e-03
4.539151097313232942e-03
4.377244134992885546e-03
4.633743616818664784e-03
4.409644168104412225e-03
4.177233883155113091e-03
4.306191378095860188e-03
4.477328209082974061e-03
3.899197722916811996e-03
3.900036008965432517e-03
3.458728735176296899e-03
4.625647189182346963e-03
4.900222223246281789e-03
4.210817768854521227e-03
4.819067392931110187e-03
3.822159882486982248e-03
3.999401801031175936e-03
4.289216529028933717e-03
4.483976130377392670e-03
4.997186269188230549e-03
4.142280718695859690e-03
4.102283986208612142e-03
4.794726005704613020e-03
4.320962853423366071e-03
3.780758305276542709e-03
3.781164404358010236e-03
4.264971060426506026e-03
4.655831455566726736e-03
4.487794184376128759e-03
3.697361066931819165e-03
3.685276360530528959e-03
4.673984334774916941e-03
3.594212327304698810e-03
3.580008160129902368e-03
3.496208144557031057e-03
4.396470554113327683e-03
3.891997590557071465e-03
4.539340348513686875e-03
4.171024189755076841e-03
5.026743435772100012e-03
3.851588112964240800e-03
3.903765815638436144e-03
4.052275365395631435e-03
4.604006955964986755e-03
4.937931850054603534e-03
4.553236035678582920e-03
3.961728023414793839e-03
3.974834482273714026e-03
4.046616822271299069e-03
4.153762897743050117e-03
5.001305715717594726e-03
4.491479038672102457e-03
4.067432352283970390e-03
2.950070937690869345e-03
3.735056236645033050e-03
3.589636175390177424e-03
3.547199295375065564e-03
4.027550069408089052e-03
3.967778145055001794e-03
4.214871676247099359e-03
5.726970400011063833e-03
3.244459257051012305e-03
4.236643992162118962e-03
4.344406539346752465e-03
4.250942061351310058e-03
4.036627148960907074e-03
4.206093823849621494e-03
4.136412700085875457e-03
2.881475857440376175e-03
3.942013880934382153e-03
4.236665181857723027e-03
4.834010918844115941e-03
4.073477184451138218e-03
3.791396468098370658e-03
4.769025549007314957e-03
3.528692586281652940e-03
4.086374402404067789e-03
4.605851643289537306e-03
3.939985614230529301e-03
3.689525025722546845e-03
4.772256439984386492e-03
4.006440981299303969e-03
3.932119879097783696e-03
4.345686977302432204e-03
2.741808220640401007e-03
4.197848537944168928e-03
3.868768145758357067e-03
4.990866862363940726e-03
4.223356066369985187e-03
4.010988664659033594e-03
3.623069073712861798e-03
4.463129302509351477e-03
4.184177792173730120e-03
4.864114134082810070e-03
4.526394121320354361e-03
4.209977090547142864e-03
3.873575552594002002e-03
3.888342050768490901e-03
4.802899717540027626e-03
5.173293313230430991e-03
4.184992983729394177e-03
4.577599461818336081e-03
3.425188547125416604e-03
4.697751208372719263e-03
4.771622142745773204e-03
4.019916352933200140e-03
3.586255427051585933e-03
4.703707043865128223e-03
4.192000912073124905e-03
3.846261330267576866e-03
4.197207601135502161e-03
3.410149160154801219e-03
3.476424708360278514e-03
4.578825156054401949e-03
4.619574864636708141e-03
4.645797398113720063e-03
3.404457272212434073e-03
4.656814662241950953e-03
5.000246659771500311e-03
4.614647356638777037e-03
3.056019027413908479e-03
4.678008179613954778e-03
3.086014955159738834e-03
3.640164146365323927e-03
3.797891054492443831e-03
4.306395960896023528e-03
4.069621890195412872e-03
4.558266775248297903e-03
3.997429664456625398e-03
3.940227423730763290e-03
4.512364570908384415e-03
5.129153092532870266e-03
4.122558822222325940e-03
3.630700816377591990e-03
4.095426503606104836e-03
2.989677089241883461e-03
3.815645150719420339e-03
5.279597671483888047e-03
4.227278953671986979e-03
4.175499855820666989e-03
4.326112480034051584e-03
3.728287150572462318e-03
4.157454891091434679e-03
2.447844970840957340e-03
4.164033068993846370e-03
3.377108451030869096e-03
4.423863172605882813e-03
3.726147192292090637e-03
4.005678843262060369e-03
3.792792827764593106e-03
3.702353813178013448e-03
4.932792907016581713e-03
4.779400990922297830e-03
4.239893865523139925e-03
2.957287856980328998e-03
5.003488297186207447e-03
4.893796053775195838e-03
3.877257447967717447e-03
3.934186142631767615e-03
4.163757091511949629e-03
3.867980234750374550e-03
4.664523394024921478e-03
3.996358681054427466e-03
4.567542800484966463e-03
0.000000000000000000e+00
