1.048270004124665297e-02
9.699995981658835267e-03
1.014138347146386308e-02
1.078816908389363879e-02
9.112465354704262638e-03
9.910453864174167612e-03
1.283192520734770942e-02
1.223676531017394396e-02
1.345493192683312224e-02
1.307439330486502745e-02
9.558305408891834901e-03
1.288989199508929276e-02
1.117208641019799657e-02
9.445044549403943876e-03
1.154749617786328744e-02
1.199181449564450629e-02
8.891793022699389509e-03
1.038645065758744997e-02
1.030772366824890540e-02
1.033277926526491447e-02
1.080363345622562844e-02
1.418004327467790524e-02
1.282995313820975078e-02
9.976637689556951474e-03
9.131985390976992550e-03
1.144417183968795583e-02
1.037669153388026330e-02
1.106599017979180075e-02
1.232190215140903898e-02
1.022331072921429766e-02
1.385559517920861849e-02
1.270335028371300315e-02
1.143165722746943523e-02
9.998015635390215122e-03
1.091577247475760022e-02
1.182342745660309828e-02
1.050891366349345282e-02
8.367596404876467137e-03
9.674015221086950181e-03
8.821253752337693266e-03
9.802288157067365337e-03
9.807994971961562017e-03
1.118873603677671483e-02
6.989072767743047775e-03
1.047018663652179819e-02
1.147152387745001625e-02
1.205035262247697823e-02
8.260689437125887449e-03
1.119600801936823480e-02
1.189645217479541779e-02
8.781392752615364838e-03
9.852294526624175847e-03
9.264867173880574416e-03
1.037688733673921247e-02
1.207772125392647666e-02
1.030014869346551967e-02
9.291503306113642682e-03
1.361390946607140585e-02
1.076738208720154008e-02
9.133515435665751775e-03
1.071644215921283526e-02
1.151643367672788854e-02
1.022638167607186309e-02
1.252751018031288480e-02
9.734054973972304514e-03
1.135261901491980800e-02
8.404258653942585366e-03
1.045217522689563701e-02
9.220814753191544644e-03
9.828823885745362893e-03
1.003013718776940046e-02
1.077702824754191505e-02
8.571259418989205653e-03
1.147518160940785674e-02
1.005432088176732956e-02
1.062702646722532042e-02
1.102499823211817651e-02
8.591725953282508196e-03
9.632130492489534429e-03
1.017776604976493651e-02
1.175766279814144909e-02
1.143965033716248456e-02
8.449761064747566761e-03
8.735776723601347896e-03
1.285181202315530818e-02
1.074089950642157995e-02
7.980171705687388178e-03
9.959348172359935164e-03
1.115610305022764030e-02
9.559881770754782154e-03
1.346911133257015260e-02
1.110614664084511732e-02
1.123456334404713229e-02
1.120013057727364293e-02
8.534006868458173661e-03
9.751214848851922148e-03
7.753929167029527045e-03
8.999508910038627602e-03
7.841770327120464040e-03
8.949939724823104820e-03
7.398573521207763883e-03
9.410116290590098478e-03
8.315147147988193044e-03
1.088722466007442484e-02
8.863081744785493779e-03
9.596585777801269063e-03
9.401551387815844721e-03
8.712713549993870293e-03
8.647742596378996463e-03
1.094715670490012914e-02
1.084326330687197283e-02
1.002546612658050326e-02
9.415593118582171739e-03
8.609040300711844410e-03
9.457107075971650165e-03
6.348163843651049611e-03
7.158026555938144971e-03
9.303687110724375570e-03
9.775515785216726955e-03
8.706230412439959487e-03
9.575617918172308826e-03
9.364382633448339877e-03
7.971896076109329793e-03
8.766207008841011075e-03
7.336033710627533865e-03
8.019381746973412717e-03
9.839452146889445319e-03
9.099795526094014639e-03
8.800319285985035156e-03
1.222575991534451817e-02
8.904187014854833548e-03
9.508560374572729706e-03
9.909833874750025723e-03
9.058057972903358138e-03
9.258856209770262996e-03
9.126120607166644805e-03
1.061563744186248479e-02
1.054131482412113720e-02
8.287105788216800328e-03
8.967610411707484935e-03
8.168473020601901141e-03
8.451924025683356032e-03
8.480619600805528596e-03
8.844029312528860209e-03
5.175825033402452029e-03
8.259226455060835956e-03
8.989570259841005162e-03
9.077051344809653963e-03
1.099752524176174709e-02
9.572762173871863373e-03
7.490903125215805751e-03
8.194106679004192761e-03
8.339423258094740346e-03
8.825303583485818310e-03
9.383487693042190728e-03
8.366170647120061560e-03
8.467006707956341999e-03
1.079068467405352831e-02
9.005891992459671980e-03
8.563259976041962679e-03
8.380420584522688468e-03
9.946197946000682674e-03
7.987949095321045592e-03
1.004880285802239349e-02
1.021287531156394625e-02
9.763296917879757744e-03
8.469173592780118373e-03
8.145057372709126400e-03
8.989878437758707513e-03
1.008926549949816162e-02
9.678015670521669320e-03
8.920705185407653767e-03
8.033960272518209100e-03
8.307526730453797248e-03
9.433006872325802594e-03
8.405142277888140445e-03
9.226713341775365923e-03
7.786836754153547008e-03
1.011849351936737126e-02
9.629819031388672443e-03
7.027958580229283839e-03
6.871843660209481577e-03
8.543214859098006639e-03
9.541228810607173955e-03
6.786326499340812266e-03
7.686654068599255846e-03
8.118849677869240805e-03
8.911322135620951268e-03
8.765949527747222969e-03
8.299929160404877909e-03
8.148622649558304176e-03
8.127530583580674234e-03
7.678197579395277736e-03
9.645394870880055413e-03
8.628403319336779009e-03
9.524259175264771643e-03
9.403868325542944287e-03
9.652299761854797600e-03
6.346764337103641407e-03
8.801813157481378977e-03
1.011115282821050017e-02
6.794069101669358499e-03
6.766687665990564308e-03
6.814560121982247108e-03
7.256925181367017766e-03
6.552583237620389356e-03
1.001421739706813245e-02
1.100845278512413775e-02
6.523041289032961015e-03
8.327281326370042716e-03
6.930960096132953059e-03
9.046929117444577062e-03
9.205783818580606445e-03
9.512462637111182562e-03
1.070416451365190265e-02
9.774833343979270547e-03
6.933862829337333021e-03
9.870091923082569690e-03
7.377019334573824659e-03
7.168324408955735819e-03
8.191661966543457504e-03
6.621324358437705344e-03
7.149256343985180284e-03
7.419510226432493236e-03
9.303829997002107180e-03
8.822675553621869143e-03
7.498679229055793712e-03
7.181378154864643225e-03
9.838010837570862824e-03
7.672500178859758234e-03
1.067970611733107776e-02
7.443652153027535343e-03
6.068182641669872708e-03
8.308762725839748467e-03
9.173639765968804802e-03
7.470381247431490124e-03
8.569764602641817205e-03
8.757752604976241570e-03
9.512696418282584956e-03
7.652773608695211290e-03
7.641694528263686358e-03
8.012120188521371436e-03
6.664532475185203607e-03
8.201590028810760991e-03
7.114080074135559727e-03
7.703191388245577906e-03
7.487958605054575306e-03
8.562646257262947203e-03
9.412844761744369043e-03
6.129229084507481669e-03
7.098884178331049330e-03
6.059129031060237619e-03
6.692821135340403654e-03
7.812469208158588294e-03
5.542142601265941451e-03
6.268471026564670021e-03
5.768535562413022386e-03
6.233999093469396770e-03
6.609916346959079057e-03
6.399362715239439309e-03
7.515132671356970773e-03
7.483102146741696208e-03
7.621398560412705539e-03
6.366697362407933679e-03
8.523086496731675787e-03
6.522923359047591921e-03
8.046592675828509456e-03
4.338523128706177172e-03
8.797692006343593371e-03
6.192596274619716588e-03
8.963109857346376538e-03
9.320627222057571715e-03
8.093462202875795208e-03
6.489032485610436024e-03
8.521372555950711830e-03
5.816868540754905476e-03
8.198348344125534759e-03
7.982401354082721556e-03
6.420076267029911458e-03
7.130418976377330027e-03
6.297288895900627834e-03
6.973720160002154847e-03
7.902551060523595530e-03
8.528289873531588738e-03
6.963099736123708368e-03
7.695210964420219971e-03
8.729564752127536020e-03
7.416246803446584039e-03
8.168717903500381100e-03
5.446371018665392347e-03
7.267415799768313367e-03
9.147440672912841506e-03
7.233022200164046338e-03
6.632971426243377058e-03
6.161596200553291942e-03
8.201731706255620258e-03
7.876370247304424060e-03
7.860253084302387325e-03
6.848172347222307790e-03
6.651284570004287189e-03
5.140716812283168714e-03
7.002765309390043304e-03
7.254748087552932018e-03
6.725306534948971744e-03
7.366989621392961395e-03
6.011135370595893299e-03
7.333962773285568684e-03
7.886755176296401590e-03
7.960194041756215103e-03
8.073102709199711513e-03
7.089012289796922141e-03
5.940234906727162936e-03
8.455073938694643298e-03
6.544169141761866856e-03
8.528597901635445733e-03
7.015210546259871560e-03
7.409629299224967762e-03
7.834916847943030824e-03
8.061874697676057674e-03
7.931229573171015568e-03
8.084776914746207716e-03
6.337080232602072295e-03
7.444751468310722119e-03
6.826763176804500309e-03
6.639482235752198515e-03
7.832224707020390628e-03
8.204099039064566973e-03
6.873166644167327984e-03
6.172948455350807558e-03
6.627477822356380582e-03
5.528281721990570101e-03
6.030692245687267229e-03
7.049948060185985861e-03
5.091549374249285109e-03
8.587775764822979871e-03
6.583159997861765325e-03
6.368512482897441436e-03
7.404818828287951758e-03
8.003212045293049692e-03
7.134966433784266718e-03
6.339845481393759259e-03
6.134761378802346121e-03
9.281943723267360030e-03
6.893048422406143627e-03
5.741461057690921271e-03
8.712821464867809979e-03
7.988582436105531176e-03
6.719159624185244879e-03
6.946129236017980005e-03
7.276682742523497144e-03
6.932490583251210703e-03
8.243502656288009822e-03
6.206432362372288000e-03
6.033037826042367095e-03
7.058649486881248165e-03
5.173454255023777343e-03
6.327959640074709569e-03
7.860064064945455203e-03
6.327379047363998303e-03
6.770625700809321766e-03
7.539699330501940452e-03
4.755665183773520772e-03
5.222827822004887099e-03
6.982739791485205461e-03
7.236942724036420777e-03
9.138466183226936698e-03
6.505906127530962021e-03
8.996591281868101739e-03
7.796283549694470703e-03
6.057670791778440797e-03
6.178752832751863155e-03
5.854814254657421738e-03
8.863516907036815551e-03
4.223922776981351400e-03
8.429147062129563328e-03
5.889263591006733620e-03
5.475974717636681623e-03
6.394194249729994242e-03
7.497056691843087366e-03
8.865445080168074879e-03
7.234048353015823038e-03
5.796114443424028179e-03
7.678719642538903677e-03
6.532385343373427709e-03
7.568043105542861769e-03
7.012920201212283558e-03
5.533251318273835553e-03
6.761194299423409562e-03
8.010769793464440902e-03
6.375549726821128776e-03
7.098415354578205619e-03
5.647294671170911134e-03
7.187526738724010419e-03
6.119731026222634956e-03
6.218941828734688045e-03
7.578318019794865086e-03
6.565092311056278628e-03
5.954467420918616548e-03
7.812837081199106026e-03
6.751718726179103264e-03
8.175419361404664617e-03
6.084390072101581934e-03
5.411214975679010802e-03
4.193374158894857054e-03
5.293811385565080560e-03
6.789185350556612916e-03
6.355084130093964674e-03
7.305029556555504150e-03
7.457705996897417283e-03
6.221888399509726587e-03
5.316220789585835924e-03
5.124706934610713180e-03
6.261854162029488642e-03
5.844405771477529862e-03
4.839505671378077287e-03
7.808833353642903423e-03
6.255455889612120124e-03
6.286714643771804632e-03
6.538290747685964778e-03
6.093397989644102307e-03
5.101365343203807454e-03
6.578446053808386512e-03
6.478115303421036128e-03
7.029826170783605443e-03
7.351553292598484758e-03
6.655712583393723347e-03
4.775386528972982991e-03
5.285787602129117524e-03
7.666613913735882170e-03
4.657967613940879742e-03
7.135947394006146409e-03
5.173231279166526191e-03
5.025083720071298228e-03
6.950680439011432121e-03
7.406781795460878025e-03
7.023988151612998304e-03
6.371811157298518623e-03
4.449922955930525094e-03
6.150095903800376074e-03
4.953941928335277474e-03
6.893999526239215012e-03
5.608881252737227437e-03
6.584261538911051308e-03
5.816414920677128071e-03
6.539962812008493290e-03
6.603596220885158893e-03
5.005029314068843230e-03
4.557421522717483749e-03
6.822861674898098722e-03
6.343406068899018653e-03
8.039746252176759034e-03
6.850712844085436216e-03
4.886033550887004112e-03
5.940289797536526910e-03
5.642124722253147144e-03
6.173174424974947616e-03
5.200270610363015231e-03
6.847692443962979936e-03
6.256335394308714173e-03
7.493091095480483230e-03
4.795398921428234255e-03
5.847886968084635081e-03
7.560515345331461634e-03
6.815742977442617798e-03
6.202022177315706999e-03
6.838696991792429444e-03
6.668687535449514120e-03
8.903219902265047808e-03
4.908470934546669932e-03
4.607850969158607674e-03
5.698400139975666641e-03
5.576355329853322461e-03
7.554992636713273209e-03
5.427604758373119447e-03
6.961826833186630752e-03
6.143914361935438537e-03
5.435504577714716200e-03
5.470345512581820460e-03
5.504007766525203550e-03
5.696478190918887949e-03
6.480876587420426535e-03
4.951216854432739442e-03
5.896915119365892140e-03
4.958164922804584630e-03
5.005720578372539926e-03
4.473378603976046336e-03
6.956188274590610968e-03
6.729846754207264616e-03
5.488610013320722666e-03
5.278102908631910825e-03
4.662738835653686478e-03
5.928494970443847108e-03
5.667209924491371786e-03
5.197625977671608589e-03
7.206770071113937151e-03
6.705076433404255111e-03
4.567249552715260501e-03
6.349870988360237917e-03
6.487878632974122643e-03
7.153210339203062464e-03
6.060069782463956001e-03
5.755314568594641078e-03
8.984822368750318422e-03
6.049699592870163949e-03
6.372644400417625497e-03
6.350547158031467909e-03
5.806002503153918914e-03
7.002539953686537193e-03
4.681781010399584282e-03
7.444211074997949748e-03
7.018831338812329436e-03
6.712449131805612104e-03
4.072598513532236023e-03
6.255974929789082616e-03
6.254167183457263850e-03
8.097803943335746962e-03
4.722263670582860923e-03
7.503104588225048555e-03
7.145271450077497755e-03
5.573043220658295202e-03
5.564598767879933711e-03
7.201441227645793974e-03
5.081004323700039071e-03
5.838542319232213965e-03
5.391510940486411371e-03
6.093971583378379568e-03
5.059844932375963736e-03
6.887100893057673118e-03
7.597234669698302474e-03
5.009096252842506689e-03
6.701030109160024083e-03
6.126081985849059740e-03
7.191708236271254079e-03
6.189269369547545190e-03
5.405835863389689931e-03
5.632793985258242701e-03
4.793772331068217075e-03
4.516699866583392606e-03
5.886387255651209273e-03
6.221229554240467752e-03
6.338828033665706851e-03
6.747706081945438299e-03
4.892427614496546069e-03
5.184824025494739336e-03
3.849039154746963787e-03
5.904262192322619167e-03
6.702158133871566337e-03
4.254179426305594418e-03
4.792113817673216217e-03
4.800410003552796692e-03
4.643918326224328284e-03
5.309472100473537452e-03
5.142232116268355240e-03
3.921388270081909572e-03
5.893056939827434441e-03
8.832728980688641165e-03
6.278501405668352776e-03
5.213696416030933097e-03
8.325378096550983820e-03
6.854983495956801925e-03
5.230531446268368682e-03
5.035659355634356654e-03
6.343657930401159703e-03
5.269880611064124004e-03
6.663406422318877975e-03
6.436177022022878703e-03
4.384779556577390186e-03
4.747825032071729609e-03
5.744730240432273892e-03
4.578998984453211581e-03
5.137429824176452560e-03
5.641770398311151367e-03
6.331296376740575514e-03
6.963699038715282126e-03
6.573677147828350248e-03
6.797694229703840109e-03
6.519494906596662136e-03
4.423658598349045241e-03
5.064168198408373900e-03
6.240955282991043213e-03
5.941888371089750279e-03
5.450633267504628558e-03
5.742335057060762686e-03
5.008296787744316581e-03
6.216256880423451890e-03
5.072242547488321415e-03
5.898403717622993127e-03
7.036708668632165285e-03
6.438758029883731929e-03
5.906006412952254092e-03
5.733564358230157365e-03
4.449604456519044154e-03
6.693663066183460492e-03
6.923938697860426705e-03
6.256735161555624161e-03
4.798483689680050138e-03
5.302154511152784057e-03
5.438467200503962172e-03
6.384445949935287426e-03
5.936748832682582980e-03
6.521207593526869364e-03
5.717601783173513995e-03
4.167433637806496755e-03
5.910355607202258041e-03
7.307479939830953050e-03
5.211411384960762914e-03
3.740130236742877836e-03
5.550113218425883031e-03
5.431942794626421454e-03
6.192370452163782103e-03
5.588035063132388083e-03
6.216027713388256291e-03
6.732552724826886166e-03
4.393755629765649408e-03
6.889058003620141500e-03
4.634446851057049017e-03
5.687395466176952546e-03
3.202162931867592790e-03
4.552281067441957436e-03
4.835101692201836283e-03
6.643525139673509688e-03
5.446549798070606310e-03
4.116985457155101190e-03
5.420338134493447001e-03
3.777385281747364446e-03
3.650799275546870188e-03
5.753613792238137375e-03
6.125973381928296116e-03
5.733098362550531971e-03
4.829470007577908557e-03
5.913823330977539122e-03
4.597570283072590150e-03
6.699041067502915781e-03
6.577478731952900518e-03
5.345113385219812940e-03
4.400984338805850708e-03
6.310448954088607350e-03
4.515166748390303866e-03
5.458970071690237569e-03
8.635419946838869543e-03
6.001553377689062933e-03
3.622217989347906609e-03
5.873839370702717277e-03
6.139697794091821328e-03
4.810073946567453539e-03
6.688497454423673882e-03
5.773339188665752020e-03
6.746392972416776802e-03
5.654591769414258479e-03
6.807415754401721468e-03
4.362358165025398936e-03
6.050883032534789055e-03
5.134862594217532404e-03
5.834851505764943221e-03
4.074603160472966071e-03
5.195451197623211434e-03
4.200330187044727312e-03
5.679126077123178122e-03
3.591463768161903478e-03
5.180000285153271364e-03
6.136380001954832436e-03
5.928854834527123516e-03
6.611967309830225556e-03
3.481618756776061214e-03
5.734425930047627046e-03
4.826557608760306470e-03
3.199189174124785189e-03
6.581988327254401951e-03
5.294599895261140922e-03
6.386642426927860786e-03
5.168725814583516841e-03
5.378764205690796281e-03
5.811614022935993051e-03
4.169609036771129880e-03
5.605199184199661545e-03
5.064345599091843453e-03
4.757030475995178802e-03
6.185678073368595931e-03
5.319120997868601215e-03
6.453841061410630145e-03
5.957210390506654032e-03
5.176122389821711384e-03
3.853457137656831483e-03
6.134264575906813073e-03
4.641240271642772114e-03
5.534668456659857030e-03
6.123622230902625585e-03
5.086334377295513923e-03
6.706798949868782514e-03
4.441933340437209145e-03
5.959419842187944905e-03
6.210804439346431956e-03
4.449849764408123250e-03
5.616007380451373647e-03
6.321130670937789159e-03
5.143241507484901977e-03
6.066757025201261963e-03
4.838231149885148692e-03
5.890767995944592300e-03
5.112439904564484820e-03
5.370754684868061721e-03
5.967590742558068900e-03
4.557636014168038596e-03
4.813858392694233754e-03
5.415856622971936332e-03
6.220156547992300097e-03
4.926079225947860123e-03
4.438311297860335694e-03
6.769076582029712359e-03
4.715193281428170166e-03
6.013463221536340629e-03
5.981254613769772938e-03
6.496627917160277023e-03
5.090566512804746944e-03
4.679933112033779659e-03
5.278276501901577739e-03
4.336846139312109695e-03
6.080763142738336222e-03
4.298088534588457958e-03
5.108404082568263407e-03
4.411602516006960829e-03
4.710081310557638276e-03
4.855607506089474647e-03
4.999679545420197650e-03
5.253729524970664547e-03
5.220516633341562053e-03
4.868242407081470151e-03
6.032620561591800663e-03
4.062718868035280692e-03
5.518917948587132374e-03
4.151082093814527710e-03
4.070155660744334027e-03
4.415933554490263958e-03
5.634080183380377367e-03
4.301791933514082997e-03
4.601050853632204611e-03
6.120612536299818891e-03
4.235649750938118296e-03
5.229753014270571883e-03
4.962715579781616301e-03
5.181900763160040072e-03
4.576281159425093538e-03
4.845161114496344436e-03
5.748421626065213647e-03
4.593271085595827634e-03
5.417126958892488388e-03
5.239462180187542256e-03
4.305547048737823519e-03
4.666152525714619206e-03
5.810059690187043165e-03
6.415847571879051622e-03
5.754637743576119895e-03
4.681807689139969551e-03
6.059905074003576683e-03
4.454207485907617052e-03
4.995899198880453598e-03
5.439069638372834130e-03
6.938146682842030386e-03
4.341009829500693668e-03
5.292165637986873984e-03
4.330619231548769703e-03
5.943274511347079389e-03
4.848686225272751463e-03
4.860281233947545514e-03
4.212150346244818849e-03
5.098664204942339288e-03
6.141937000988117665e-03
5.390888367527477999e-03
5.904110436919978236e-03
4.655388526532015792e-03
6.044595442985383447e-03
5.650234878488386708e-03
5.731814460352419385e-03
5.010253250698296426e-03
6.123023030493635402e-03
5.246572381674385367e-03
4.870913783239355470e-03
5.178560960473105150e-03
6.168893393057704386e-03
4.971663882146298147e-03
4.113808656520859426e-03
4.634775527649830779e-03
4.174970983666196310e-03
4.252900240659582103e-03
5.223876199657716268e-03
3.714534144835079498e-03
5.018114028251501567e-03
4.118265428962964401e-03
4.111424329870262857e-03
4.944171613625786277e-03
5.369262719383788296e-03
4.669312922806995864e-03
6.652942126818728492e-03
3.966241005488349049e-03
5.426567247569726200e-03
6.726060498821681728e-03
5.767977417805357672e-03
4.494937809701746688e-03
4.799987444297473295e-03
5.018141164289486797e-03
5.366671398557112602e-03
5.700471393878326146e-03
4.199070680441504416e-03
5.675550894042927924e-03
4.256708663137742307e-03
5.878072692812965662e-03
5.132179429890644518e-03
5.066788424589894514e-03
4.750037407529588557e-03
4.257850861567233879e-03
5.891088718168555928e-03
5.450482529684467711e-03
5.752342346892013944e-03
5.573204404972677793e-03
4.633676377825162417e-03
5.762797772568576012e-03
5.291382450918516792e-03
5.824194872925589003e-03
4.761928396112912777e-03
5.719566156316744851e-03
4.386974368848946260e-03
6.633275713444335836e-03
5.271513897167600000e-03
5.615750294657941358e-03
5.828167264275966979e-03
5.249998787609062682e-03
4.517760734602473474e-03
3.910474636514563000e-03
5.773900891178164463e-03
5.983813608387496784e-03
4.531912250415819077e-03
4.160619302042525489e-03
5.007610129915336314e-03
4.645717073435280155e-03
4.320102380066310165e-03
3.894544360564976097e-03
4.547206490617510845e-03
4.582506504136401974e-03
4.800561812052427102e-03
6.739465324607501508e-03
5.338875182701584635e-03
7.241742816727612421e-03
4.428134424426323316e-03
4.776619329207107932e-03
4.138147767319965385e-03
4.531577227527162216e-03
3.804571197814314489e-03
5.320508272340223124e-03
5.950306595363065963e-03
4.863333490844677469e-03
4.142067492961396674e-03
6.020436671547081502e-03
4.498570671315349143e-03
4.731412142962807335e-03
6.096104319417689106e-03
3.798989123651744671e-03
4.424421524987990142e-03
6.232092994550822614e-03
4.902255375101604619e-03
5.326362330113833254e-03
4.802092718981092537e-03
5.430164763664598916e-03
4.895904386684072317e-03
5.840841809004855556e-03
4.707079690695132462e-03
4.643094123713769651e-03
4.544588553905310087e-03
4.417955350038199266e-03
4.333494852317980317e-03
4.115399857993228168e-03
4.911135717894579353e-03
5.170824505534022709e-03
6.193542669348073293e-03
4.673988701555866800e-03
5.126382939877069909e-03
5.033356714346143984e-03
4.489691341754729198e-03
3.863989801046260105e-03
5.018581738875089841e-03
5.932897277203164413e-03
6.007921990290843520e-03
4.207072889389252418e-03
5.233848009997018116e-03
5.649308602402942220e-03
4.312910563633057422e-03
5.254803037460537007e-03
5.125628615852371832e-03
3.722447931665477661e-03
4.335069757647152904e-03
4.851357025335762720e-03
5.788765127454340020e-03
4.349709218603718675e-03
4.758519755364913964e-03
4.938243637367731656e-03
4.843322724341263784e-03
5.376960031011193686e-03
4.935544203310143936e-03
4.992122862959819801e-03
4.934951391034040138e-03
5.275834317707357030e-03
4.422867810524405002e-03
4.164649253957521113e-03
5.001280846814865066e-03
4.266795274369399038e-03
4.857324635898585194e-03
4.003643807124496884e-03
4.532690905860045638e-03
4.505772698277478276e-03
4.030320899708990032e-03
4.629420756130700129e-03
6.501127261995053030e-03
3.654835962680815214e-03
5.231089649973643015e-03
4.539653810132793579e-03
5.015588887866807496e-03
5.548826996550685481e-03
5.910633693779808982e-03
5.481110435003868839e-03
4.043144279223000875e-03
4.684445206404543385e-03
5.147647987426663858e-03
4.126444038251192090e-03
4.818906952620262592e-03
3.734530340903301042e-03
3.111230691121774812e-03
5.491085027614259553e-03
4.952029951853424358e-03
4.610057606410644659e-03
3.290458367198130854e-03
5.662570134761624185e-03
6.147230164680211363e-03
4.813299590425885316e-03
4.366008637276532107e-03
4.255601357738221339e-03
5.451898048730372329e-03
4.806027342945953795e-03
4.256777956622025301e-03
4.954352249464308126e-03
4.367443810653622721e-03
5.379931797733942395e-03
4.970202469488655371e-03
3.834699748057046002e-03
5.336555091655669804e-03
5.678146321263897664e-03
5.713698782210408986e-03
4.084595546547440878e-03
4.502736805840346079e-03
4.768121113252633998e-03
4.419981179711034158e-03
5.179680483324572079e-03
4.112998804498201218e-03
3.933609278194480710e-03
4.612191618742251739e-03
5.719572014785693527e-03
5.975972429758186037e-03
4.872480922446337410e-03
4.132036392253505240e-03
4.403460219547418106e-03
3.881805714586180050e-03
4.344113517031383993e-03
3.626285812259033830e-03
5.603503578300799738e-03
4.677829027789380707e-03
3.958903063758896328e-03
4.915112483118135034e-03
5.247533838141850600e-03
5.421269459514182175e-03
5.032202074553032527e-03
4.310919945387560633e-03
4.468951878170011188e-03
4.861562716467428616e-03
5.184340808962508915e-03
4.706098200262830329e-03
4.325479268728095461e-03
6.177539260843831030e-03
3.839531699536262443e-03
4.653283197580961386e-03
5.107358397010655464e-03
4.655207050331068921e-03
5.222674306982960819e-03
4.288685211314184446e-03
4.647559142299283359e-03
3.090943047736134566e-03
5.236604236747240473e-03
5.799906719288813912e-03
4.326231987355313655e-03
4.400153093756042390e-03
4.269302024827736214e-03
4.457338049859184415e-03
5.065720241064942432e-03
4.419292723059308620e-03
5.275133357852157187e-03
4.871741194247086043e-03
4.359991738050957716e-03
5.025322692189306342e-03
5.542843262406190082e-03
4.290119898253144833e-03
4.872812768598555264e-03
4.014320547354252242e-03
4.056165211524362726e-03
5.208340829421714141e-03
4.062944971982534147e-03
5.849358439845982367e-03
4.639971054100397452e-03
2.118262715514393924e-03
3.766399471050803100e-03
4.066262182388236633e-03
4.409207179701431743e-03
3.973027733187632637e-03
3.893721891366246166e-03
5.883163917905958121e-03
5.121215035939465088e-03
5.576336700922362999e-03
5.308070808602333331e-03
4.337969230304273595e-03
5.868608329447713018e-03
4.624102989020286401e-03
4.107308709978402944e-03
5.289157350045374691e-03
5.249199069164480966e-03
4.800273650030430390e-03
3.852450095290272953e-03
5.227485747287900428e-03
4.943316850709120018e-03
4.488764065330906605e-03
4.123933108130961415e-03
5.090249794475997826e-03
3.865831147598737614e-03
5.362555809824815466e-03
3.819461855040111320e-03
4.903668442463202277e-03
4.297935124352217882e-03
5.422990864691653277e-03
4.564624736815512882e-03
4.376008100203029709e-03
4.820633443511352159e-03
4.923564952291147045e-03
3.982035946141910566e-03
5.603292993142123396e-03
4.676400567029150891e-03
4.903804075689021345e-03
4.488066669963063950e-03
4.242029230539258282e-03
4.881204269286071838e-03
4.666370662376512560e-03
4.947190685729902296e-03
3.729440923558574768e-03
4.652545034573397215e-03
4.782085012961405542e-03
5.415444211222555232e-03
4.999785529671285644e-03
4.836761647174864232e-03
4.624212252334187340e-03
4.875138569478206993e-03
4.688426221936969548e-03
5.144985167641486119e-03
5.216774156425147552e-03
6.065216878934928321e-03
3.800915410841769655e-03
4.303824892140178070e-03
3.560059807284735554e-03
4.034361791591520828e-03
5.612307484532152654e-03
3.977854667620093175e-03
4.812884895691683061e-03
4.789724220234862877e-03
5.099894897987462816e-03
4.377190970893003567e-03
5.616691803579125161e-03
4.822244576967774608e-03
4.896217613120991061e-03
4.764065785622943923e-03
4.599327835185680440e-03
4.050339507992889963e-03
3.825892494003089745e-03
4.982358832889290622e-03
4.446558557096429512e-03
4.033644112947209169e-03
4.722289699856768198e-03
4.651640412440848256e-03
4.299417672788270230e-03
4.407159453370161628e-03
3.779493761398990820e-03
4.273810401362228457e-03
3.933573618348370007e-03
5.319593421205770847e-03
4.576798822647254114e-03
5.507795957367885714e-03
4.995532008117376140e-03
3.648995127895599423e-03
3.101366011966129408e-03
4.104111883850118658e-03
5.783535416411811521e-03
3.772229280463217961e-03
4.010243184817675194e-03
4.717895729404011744e-03
4.589917522755056906e-03
3.863959476027292381e-03
4.547589386171373843e-03
4.376327444541816721e-03
4.921345073960404354e-03
4.294173370832719654e-03
4.653819271497601322e-03
3.979745421320174739e-03
4.279230123454466454e-03
3.967565206351982530e-03
5.067056040800647920e-03
3.758112796969712097e-03
6.107395771920509121e-03
4.275370912024850298e-03
3.991036174635236716e-03
3.189503317267458182e-03
3.991166138905123499e-03
3.927239680027253162e-03
4.887743537276577344e-03
5.416141755372942332e-03
5.456136299756405780e-03
4.910146869103686369e-03
4.025256181212963531e-03
4.280641511460498046e-03
4.997155261168609829e-03
4.350465103126133909e-03
4.405929728333238607e-03
4.870348178672328707e-03
4.491545229757863342e-03
4.095547636784274345e-03
4.530712524540124117e-03
5.088244509334354654e-03
4.318912618774779950e-03
5.126933710205582896e-03
4.752964998241275378e-03
3.962118457702174489e-03
3.595633675321418567e-03
4.853396557308820893e-03
4.627691315547978121e-03
4.949922661233141855e-03
4.713573444303965562e-03
5.673879293118494482e-03
4.365561006894154959e-03
5.218394844185492674e-03
3.782275946076759775e-03
3.624625179942449205e-03
3.510009029091485863e-03
4.041849054590940411e-03
4.312240791642382026e-03
4.094826262290203640e-03
6.519496473287388072e-03
4.187939354704830509e-03
5.342851642499197098e-03
4.318119033705399186e-03
4.549895184047031936e-03
4.265577054751488496e-03
4.199012094436561232e-03
4.948356488903228774e-03
4.036622090436084963e-03
5.042127326406234053e-03
4.869084204528343132e-03
4.474387644625112646e-03
4.096154951114703777e-03
4.875792475578765058e-03
5.003440387755500943e-03
5.083727430940109676e-03
4.481508721408363101e-03
4.721208632954844095e-03
4.271962849680812496e-03
4.669772091280678314e-03
3.049207859640401790e-03
4.986993169744362991e-03
6.066223589066979151e-03
5.614487121172666989e-03
5.126488954555416706e-03
3.971418029748145784e-03
4.046029912092590289e-03
4.328964058593834895e-03
4.324848667293804474e-03
4.219621346316755443e-03
4.608432736860357433e-03
4.346176639756889164e-03
4.728033541118786473e-03
5.030167630954064488e-03
3.900890389496421834e-03
5.160746209809467452e-03
4.536125910621286068e-03
3.817564933258593956e-03
4.829437393273531588e-03
5.504276669565948479e-03
4.999939289622650634e-03
4.665717369923954964e-03
3.532837926982241878e-03
4.098570231052080411e-03
5.800266832190629877e-03
4.910728106910624072e-03
4.059189281546638807e-03
5.783678579985034388e-03
4.443580087553251033e-03
3.794795061960570034e-03
4.706012200855933317e-03
3.579506644790987624e-03
5.151870791020626839e-03
3.983411072853691032e-03
4.282556385371334533e-03
5.064797872127103397e-03
3.393655672545924529e-03
5.245592527903120833e-03
3.790032316319893058e-03
4.076622408855644017e-03
5.220206733488743506e-03
3.630015464577072450e-03
4.296428372938121930e-03
5.223699662997387944e-03
3.625657845915432765e-03
3.959900391297097727e-03
4.954783505161711003e-03
4.348455951636577901e-03
4.867791886115088208e-03
4.236141259210528601e-03
4.667591113511330991e-03
3.772012324331648712e-03
5.032942471390820793e-03
5.149920484458640410e-03
3.753249470183978292e-03
5.001673191169155042e-03
3.918081764529122643e-03
6.136813065571009203e-03
4.452421598687124858e-03
5.069826571375441251e-03
3.707126638753215509e-03
3.651522850857661599e-03
3.447741596356644015e-03
3.683970644551997232e-03
3.825211899012926839e-03
4.453928224859128940e-03
4.642856950641615667e-03
4.688859973328360700e-03
4.765045328058503844e-03
6.389896434649840369e-03
4.544742426850066630e-03
4.617041020285198548e-03
5.033960484426826427e-03
4.294721409952420577e-03
5.086735119885855798e-03
4.769649454128621797e-03
5.274661500440987194e-03
5.031523683445964304e-03
5.030393046274186930e-03
4.455563062068733024e-03
4.171561661866720130e-03
4.920114597674139084e-03
4.167573641154036918e-03
5.537569125336020207e-03
4.108843019995950252e-03
4.711234559639425855e-03
4.953494098043385169e-03
4.902253896201299449e-03
4.628505246175440915e-03
3.896877809912309074e-03
4.553100420608574908e-03
5.251944661478305867e-03
4.132764130810460262e-03
3.696312227825223739e-03
4.840026732252414830e-03
3.996070273943564018e-03
5.103382374647596857e-03
3.575996254170458674e-03
4.569246836944314098e-03
4.257978156485995105e-03
4.347580596691161085e-03
4.903524520871728812e-03
3.948721599276082406e-03
4.579226484492996546e-03
4.961708221732490445e-03
3.852048994148841218e-03
3.909282028787663260e-03
4.815293651958715317e-03
4.810769256038724406e-03
4.828861186905428898e-03
4.641912790118166848e-03
4.417465445487068001e-03
4.551993751614628013e-03
5.444787360180361642e-03
4.971476244631933480e-03
4.480205391091519537e-03
4.511075052563340640e-03
3.622812562379795504e-03
4.294171546095065274e-03
4.724449847589428687e-03
4.815517727176897751e-03
3.543639936467022755e-03
3.728032621088978905e-03
4.786877054646136720e-03
4.400004490552558538e-03
5.002144859781114394e-03
5.048812508599583200e-03
5.673382420628945121e-03
4.590574185725658854e-03
4.565202341733538144e-03
4.381232503502046141e-03
4.954899946068039469e-03
4.274081294044976623e-03
4.231005594793026819e-03
5.143735194987206910e-03
3.778553440020287167e-03
5.182044155467220928e-03
5.398643978166892815e-03
4.229892954130457655e-03
5.703581783747467202e-03
4.557043381472773713e-03
4.974383090914420713e-03
4.744570394443714707e-03
4.738777229682273641e-03
4.106880541483896169e-03
4.672045857759318105e-03
4.669617436357431997e-03
4.417582508615554814e-03
3.372966447736434111e-03
4.276893118678462384e-03
3.773799537908315970e-03
4.185822382562126576e-03
4.010783635103717416e-03
4.328899098598395709e-03
4.005858337291749380e-03
3.931173010532946523e-03
3.595697036668496927e-03
3.476641073792586991e-03
3.714278471887332272e-03
3.889519888915263148e-03
4.969527405978661772e-03
4.325128286393337997e-03
4.679199696527643927e-03
4.465053422698985267e-03
3.647480200913802342e-03
3.569490089574809625e-03
3.592683011131754100e-03
5.288788605443166084e-03
4.393024889104561390e-03
5.596991556732790890e-03
5.946989588710045738e-03
5.205254847654858068e-03
4.463281803832186943e-03
4.904684013324982043e-03
3.750135704469919826e-03
3.733368449526441174e-03
4.138155133283214458e-03
4.156824620399314323e-03
4.267795131172238444e-03
4.348305435941877441e-03
4.566708683956389840e-03
4.112170000323831301e-03
4.636568369365314142e-03
4.934452690543944704e-03
4.236438276126623659e-03
4.026249195193286855e-03
4.301117963543603546e-03
3.845380356915582831e-03
3.590915286116723708e-03
4.238220938453472926e-03
3.308336550201036903e-03
3.529351211429930871e-03
4.423964847663759345e-03
3.562325529788697154e-03
4.595917438941503515e-03
3.636161634281180697e-03
3.676334781397641756e-03
4.218907834753510278e-03
4.090029126874011531e-03
3.498948726408273365e-03
3.961729384212492322e-03
4.598490660982990780e-03
5.039859388058069885e-03
5.532225217841871268e-03
5.712238749569205007e-03
4.276580967378011341e-03
5.517273665016848502e-03
3.614331637761893784e-03
4.755950494479203351e-03
4.040534099507326130e-03
4.556088943635408332e-03
3.496768843351004841e-03
4.347079202304822421e-03
4.522931289888563675e-03
4.753318288906550025e-03
4.692091583099451332e-03
4.351733426990836776e-03
4.741675893632917548e-03
4.914720825202572967e-03
4.800628838158137006e-03
4.646797087548764499e-03
4.019990462256897018e-03
3.967289923936355087e-03
4.650912478465606646e-03
3.550461512212872359e-03
4.434472499386733421e-03
4.331946095510327659e-03
4.475278421755106602e-03
4.166040592279019426e-03
4.023084879086838601e-03
4.694726868926966598e-03
5.006750511634378009e-03
3.512456225827295837e-03
4.172804858708152771e-03
4.748756308815936175e-03
3.575209845118266366e-03
4.992948415972876461e-03
4.209252911116095897e-03
4.285452051267980671e-03
4.090941738666555721e-03
5.239570097697104564e-03
3.545188225366153155e-03
4.039916381682469651e-03
4.936593259148365498e-03
4.412960822553254302e-03
4.071015372273765510e-03
3.981377521922967871e-03
4.361221022721416957e-03
4.422756007443516199e-03
4.284642693843773199e-03
4.505046777979157188e-03
3.726537144253996587e-03
5.360969595323759190e-03
4.766347582756544181e-03
4.173853158220295310e-03
4.377881343046257333e-03
4.420111094433662284e-03
4.015036094761798707e-03
4.556392717348672905e-03
4.162265679392650707e-03
4.868130778215832948e-03
4.363941989377018334e-03
4.445692074580894632e-03
5.817902619758057170e-03
4.776126511049832990e-03
4.416142222383749073e-03
4.497716840262503367e-03
3.753281841280432709e-03
4.320452090773352176e-03
3.332515631189549282e-03
3.517942564620438108e-03
4.384434019250222497e-03
4.796410184758567036e-03
3.891291968136726884e-03
4.338907432254793944e-03
4.964178103488867295e-03
4.170512107078327459e-03
4.752313238803262951e-03
4.852798106631670688e-03
4.342241075660877025e-03
4.633926647118202791e-03
3.537856355702996818e-03
3.683818001076221305e-03
5.916507593511739424e-03
4.652657401849491330e-03
4.752331654804005552e-03
3.800875565249153907e-03
4.900384283141734701e-03
4.768373607935872012e-03
3.344641550788013049e-03
4.083435099509045811e-03
3.886175792142479608e-03
4.198593142280014623e-03
4.098558253421025026e-03
4.351257422987631768e-03
5.541799411481751481e-03
4.877383011306554543e-03
3.276570786476314980e-03
4.191755199261232648e-03
4.098133176361658248e-03
4.217676123375939737e-03
4.104810930626517224e-03
4.512376033207676426e-03
3.438125597121363848e-03
4.103145069183025510e-03
4.554597206633252682e-03
4.210493921035854403e-03
4.591182293131345661e-03
4.319567072841598056e-03
4.502917987342950831e-03
4.410762444398668401e-03
4.263900905620931700e-03
3.453036705133217480e-03
5.168394131483552111e-03
4.407723581389393769e-03
4.595220586365587716e-03
3.930122904909663997e-03
4.214678407101908088e-03
4.285414732812339866e-03
3.890199290875224081e-03
5.120491781170725780e-03
5.140757089982234476e-03
4.296503109413984944e-03
3.517572824993588261e-03
4.263250779363255034e-03
4.614690641521007608e-03
5.074556254477652524e-03
4.640449619046379745e-03
3.495340988816548165e-03
4.459688931400102724e-03
5.042288234249567465e-03
4.450823749552506453e-03
3.704387844180223946e-03
4.950031735979416002e-03
4.663891483384093907e-03
4.274854833355126033e-03
3.617589593656317295e-03
3.767374256776876221e-03
4.992147489852642554e-03
4.581095795871189570e-03
4.702926853736862957e-03
4.375577690592492332e-03
5.196107334540394675e-03
4.181599326353757640e-03
4.524778691653603448e-03
4.599888678218486474e-03
4.216629670115446156e-03
3.540225597038360299e-03
3.897555393425546945e-03
4.505246774074284782e-03
4.386704485094111532e-03
4.597997677773134860e-03
4.456377255519339275e-03
4.347986604205217841e-03
3.827511870263923446e-03
4.676035160806991248e-03
4.480906896350451106e-03
3.175904655162249332e-03
3.984896551361503253e-03
3.598026063016161562e-03
3.818179349203686471e-03
4.983897440306785109e-03
3.559408175724778495e-03
5.146740637334656747e-03
4.809367191197427838e-03
5.494282473387001112e-03
4.076652057762616792e-03
5.096354434448127635e-03
4.107886407651905984e-03
3.865191073128503713e-03
4.208445054789960657e-03
3.707662891831603816e-03
3.804573258955014012e-03
4.880528999019547939e-03
2.997554599061625323e-03
3.384612871941209723e-03
4.702469459735001724e-03
4.336237333649468027e-03
3.350189257917599115e-03
5.509246757303480971e-03
4.287905047037764150e-03
3.511769698329928694e-03
4.596612451937326024e-03
5.330771677293628941e-03
4.365554985776328410e-03
4.514812193753939100e-03
5.075166534150190104e-03
5.001773873040966066e-03
3.711120998535242816e-03
4.482154218312798741e-03
4.051699431165154547e-03
3.818758726095577549e-03
4.561083629744769850e-03
4.436341213177472098e-03
4.944467127310746279e-03
4.209479298302344109e-03
4.351003050263527704e-03
3.835081711844001880e-03
3.777299630520473527e-03
4.554767738574639312e-03
4.332551136860955318e-03
3.688692508407424159e-03
3.933106632674763722e-03
3.233344432556646726e-03
4.292606133170912691e-03
4.576686080915363768e-03
4.582721895133937996e-03
3.368857249178032649e-03
3.686013624743176599e-03
4.272963789659499530e-03
4.591602981029590212e-03
4.115416703132502955e-03
4.360968688920567951e-03
2.933007349707972711e-03
3.577498832923515452e-03
4.074686606204628268e-03
5.336872343852099888e-03
3.631726025405334572e-03
5.004430090616464669e-03
3.957652282986845634e-03
4.509672091491042333e-03
3.671586519975610866e-03
5.267311434983357708e-03
4.318713156817318745e-03
4.195620366282255993e-03
3.355758239927738619e-03
3.559165345394138188e-03
5.119044139384827143e-03
5.309580730540427139e-03
3.334933576403033371e-03
3.900060963952230869e-03
4.427356924524552748e-03
4.273116731916966685e-03
3.956224280209105423e-03
4.504718052042553864e-03
4.682687462869515767e-03
3.421434722890662802e-03
3.492196665873748863e-03
4.076552940882301537e-03
4.175273165529634449e-03
3.379531355972673068e-03
3.739932537969985465e-03
3.995954821406759797e-03
4.459533039550746258e-03
4.263289394295532823e-03
4.021603903526801450e-03
4.241468250648422998e-03
3.570887011167571227e-03
4.529375606561073485e-03
3.763820131725843961e-03
4.169788952356897130e-03
3.993584426814969328e-03
3.933496573884224731e-03
3.665847818061676849e-03
4.254449254161739823e-03
4.314326098159231015e-03
4.167251234654108932e-03
3.482582204363410868e-03
5.209908353690849252e-03
5.902919919097470401e-03
3.724961147997695420e-03
4.017544656039535693e-03
4.808605334744461834e-03
3.558282115838870465e-03
3.260902145449514830e-03
4.859568405982579026e-03
4.333960152491996877e-03
3.248093571298020250e-03
4.552213170823187459e-03
3.988168656869241560e-03
4.542798081649776151e-03
3.544496440608144866e-03
4.425890858938153274e-03
3.102978090319028891e-03
4.553624453964395628e-03
4.327583932240426645e-03
3.855114766658676410e-03
4.984784064121857913e-03
3.799800889340121390e-03
3.860606646825197070e-03
3.965687172035584421e-03
4.951519751993356186e-03
2.963984517209147709e-03
3.662566441430128040e-03
3.892229916055300713e-03
3.650396532385881670e-03
4.088103388844526072e-03
4.432847969621513465e-03
5.222730040849591152e-03
3.684449337877752917e-03
4.229013711261739826e-03
4.002520922465767697e-03
4.415751829999859518e-03
3.765503575660482730e-03
3.968615611423223673e-03
4.367809426820325885e-03
4.436428554514441382e-03
2.815180327921375410e-03
4.389099147544029550e-03
3.540715405171404075e-03
4.614042368309654966e-03
3.959508336757280519e-03
4.098898150989098085e-03
4.075614842822214770e-03
5.018367570332645834e-03
4.790686024478313203e-03
4.130294151607351305e-03
4.738649267488782152e-03
4.696060597321761662e-03
3.537647274699028382e-03
4.398270487360547015e-03
4.426165765586641959e-03
4.987311045499444838e-03
4.435963830853721993e-03
3.803709758589851261e-03
4.115568371056802476e-03
4.016894024726071905e-03
4.640567074071228273e-03
4.432830858409118543e-03
4.262491253109844912e-03
4.351051754831317987e-03
3.109191858020537297e-03
4.105096498831213234e-03
4.204573149510238902e-03
3.665816636823960879e-03
3.721077545892176233e-03
3.618994659516496914e-03
3.958720816885378559e-03
4.203652090779727915e-03
3.820290881122248572e-03
4.816259698229007416e-03
4.263132380388382457e-03
3.265499146174744016e-03
4.465540518698511707e-03
4.002660963533889726e-03
4.444783898597368284e-03
3.912019983674921986e-03
5.445641956035047332e-03
2.895655111745182135e-03
4.086194931753539365e-03
4.904708286548103632e-03
3.981081217927848540e-03
3.683681497892333980e-03
3.074889994912923669e-03
3.945566918319648800e-03
4.579518632928107798e-03
4.741450289603169922e-03
5.131838934127927465e-03
4.573198997963296743e-03
3.722245258008166375e-03
4.268958618222937901e-03
4.444896725918551228e-03
5.016704958983746014e-03
3.270276311601459391e-03
5.093048785945146831e-03
4.235819197207699865e-03
4.445440046905124037e-03
3.128861387790786170e-03
5.210110179310954541e-03
4.336238209612641552e-03
4.621987259451079688e-03
3.699809020237040860e-03
5.861498339681872616e-03
3.482931455441746690e-03
4.213632770143339000e-03
4.729949462871228978e-03
4.653983234124935142e-03
4.722954538907561499e-03
3.208911838660058989e-03
6.098595982187185807e-03
3.879523323445513601e-03
3.567146894977128637e-03
3.900693662317998838e-03
4.090103787037342731e-03
5.649451619923476046e-03
3.414753301644338820e-03
3.722690215137842290e-03
3.189483222290677520e-03
3.280624655083489837e-03
2.381883307352867553e-03
3.657077027083902726e-03
4.555908060947274144e-03
4.786596082358440113e-03
4.601829562519737377e-03
3.688313386997568895e-03
4.135460499245888211e-03
2.821388316240376528e-03
4.077484839149541664e-03
4.486071336107663732e-03
3.391216921012204719e-03
3.545312207015478227e-03
3.510254411371979862e-03
4.986042008806513236e-03
4.857304171557082564e-03
4.542468408733629434e-03
4.817846751262154677e-03
3.722178630311800615e-03
3.226733509571961308e-03
4.487704301769745822e-03
3.916617700033936042e-03
4.055028739109333216e-03
3.954534625681316654e-03
4.439391349436781591e-03
3.659688467742366457e-03
4.232871645566565512e-03
3.718696854680204281e-03
3.871724225056170313e-03
4.292266414706875054e-03
4.791787187274116830e-03
3.777837530930870918e-03
3.711266675316768175e-03
3.613621754183816981e-03
4.962419974712790546e-03
3.990260678618280307e-03
5.358607984883859837e-03
3.455610391470656257e-03
3.716770224396663460e-03
4.505598204154233864e-03
4.104149897615530160e-03
3.147833043692227408e-03
4.455880032023520725e-03
4.002354016606634972e-03
3.322763717243853564e-03
4.637209581960761474e-03
3.893474586176570891e-03
4.077477077480813790e-03
4.316856411258896721e-03
4.672972165678584630e-03
3.540489770298766142e-03
3.796617276146514904e-03
4.517272394294105306e-03
4.990047663813133860e-03
4.438086185721703582e-03
3.718657689091512362e-03
4.001044371039084481e-03
3.710390514708570078e-03
4.344074430745799992e-03
4.221583779626109437e-03
4.080485196335511232e-03
3.722205472332105851e-03
5.269014572343395583e-03
4.735272372475344410e-03
3.985477150472728318e-03
4.396197791648436166e-03
3.302532446546178023e-03
3.806904275012305740e-03
3.662198923232826316e-03
2.712573474859958454e-03
4.234469179993970503e-03
3.740022398633208872e-03
5.225863006472980868e-03
4.774045448764488442e-03
5.007467102764797361e-03
3.433860999041501386e-03
4.124643790822492447e-03
5.040755171640146602e-03
4.115765980502050607e-03
3.711247502535028331e-03
4.200675805888507038e-03
4.538244538652782406e-03
3.634161000656700724e-03
4.450387711126156318e-03
3.237202045992171665e-03
4.917725624267437617e-03
3.467624711924559983e-03
4.398935983226669871e-03
4.381964465986548304e-03
4.592530055918043683e-03
2.891652597193123710e-03
4.133410625390421429e-03
3.765384558185022167e-03
5.365558094575671386e-03
3.537991893769471072e-03
4.479256556413967021e-03
4.298333932570948951e-03
4.131167028980169652e-03
3.070744385491146200e-03
3.932493034936931399e-03
3.520522303770999128e-03
4.053192527503450375e-03
4.183031617362470422e-03
4.260996158743968892e-03
4.101051175011054782e-03
4.010850708696762565e-03
4.721161440540280231e-03
4.414333036227425025e-03
4.601070075725725676e-03
4.528561232388438745e-03
4.307574430020331621e-03
4.067762042243139482e-03
4.025981333061821703e-03
3.491513815394722137e-03
3.972472783862392859e-03
4.147915423225153990e-03
3.388191627026448157e-03
5.781653469905087377e-03
3.619804757434407199e-03
4.329645291157979692e-03
3.973806739513755654e-03
4.070581407288391580e-03
3.897070770894199045e-03
5.078960069095465879e-03
3.580928753217616032e-03
4.683590712004068179e-03
3.793060892914651080e-03
4.665560633520901557e-03
3.595920406833438745e-03
3.526318838425441127e-03
4.558172764332488018e-03
5.077163264753247959e-03
4.450172593297858394e-03
4.390796409261253121e-03
4.874793888890850344e-03
5.098641398352646986e-03
4.585659995738664875e-03
4.202285691907445449e-03
4.511062576866970569e-03
4.301040629569897848e-03
3.817606532510094044e-03
3.896105308493486366e-03
3.271468258514696227e-03
5.415858471645876825e-03
3.954704402022377052e-03
4.470976660413343573e-03
4.232313917001364299e-03
4.444786797722958920e-03
4.025723877780178553e-03
5.298183401512928520e-03
4.461931050243075035e-03
4.376059344765510263e-03
4.415688181408659874e-03
4.671432562037810057e-03
3.883242394486539212e-03
5.007248985737866934e-03
4.308363422418458669e-03
3.816925219827236367e-03
3.285547076756985957e-03
4.967266593749859738e-03
4.915736245634715236e-03
4.838030068658343875e-03
3.386277853681145776e-03
4.500692372938906033e-03
4.658159199757030619e-03
5.230369978190378862e-03
4.305127220846771165e-03
3.802221016039463320e-03
4.155416189596072667e-03
4.861681317554615925e-03
3.917136486899934315e-03
4.598413309485053016e-03
3.203373510226629854e-03
3.297688159762680957e-03
3.887851921999986235e-03
3.807672132189052466e-03
3.781711779590677704e-03
3.213574100865285166e-03
4.637286002660792605e-03
4.134063078628260474e-03
4.237844894712077155e-03
4.166689124058632621e-03
4.206561506508939979e-03
4.507031260952199837e-03
3.878099331472583625e-03
4.196382207130605439e-03
3.712474431181706988e-03
3.917548502372488958e-03
3.924629312582640119e-03
4.669260163020472719e-03
4.137729504678724739e-03
4.119127211448557653e-03
3.436102892365402832e-03
4.485282585169285581e-03
4.073062543554475425e-03
4.117464776667030535e-03
3.566508024569578061e-03
3.626100766090719664e-03
4.247255536844618366e-03
3.707715392367819541e-03
5.010224819215878048e-03
4.431478394856946598e-03
3.779968997674771226e-03
4.869484882777148568e-03
4.163668529823732339e-03
4.969697663755683580e-03
3.886030444337868102e-03
3.741755504999449630e-03
4.123499521254824114e-03
4.172163639652852821e-03
4.022996537153000936e-03
4.693379464626006199e-03
4.330018744599837231e-03
2.946471638664737835e-03
4.604337825034633506e-03
4.163425524092546383e-03
3.457162985862826006e-03
4.219367136233657944e-03
3.612011213143173291e-03
3.721862766306472097e-03
4.686893298063410894e-03
4.295800747404487051e-03
3.587464829599402907e-03
4.312008050387565634e-03
3.903063447491832236e-03
4.744752639144356882e-03
3.965131338745766891e-03
4.099675071274627366e-03
3.752704487288946976e-03
4.018751501199919335e-03
4.253541760333663657e-03
3.554284019899942373e-03
3.517115809378734519e-03
5.055013773120745069e-03
3.338351147782718173e-03
4.873183590638023414e-03
4.116989498134534207e-03
4.901323869441804974e-03
4.606610226381239841e-03
5.119044684093814260e-03
4.335708862855437024e-03
3.703104482213075057e-03
3.265906923987848751e-03
4.386412347724493420e-03
3.706614349381161591e-03
3.887840804785003442e-03
2.607823567048484989e-03
4.452916731237302819e-03
3.247415718922769864e-03
4.579724756827355421e-03
2.985589485642351285e-03
3.927475674142993749e-03
3.356427938071903511e-03
3.675172535218540048e-03
3.542968558061409222e-03
4.869768574741766345e-03
4.001901407485249085e-03
4.329011691090144977e-03
3.837967290319390344e-03
4.195626164025469465e-03
4.038740155741631262e-03
4.385695180241649081e-03
4.210262686034821171e-03
4.442842103413262127e-03
3.527935345716001671e-03
4.796410940693050448e-03
4.474876808810219347e-03
5.229004644186630024e-03
4.401552439810166133e-03
4.183774292190193395e-03
4.711727166143119851e-03
3.511775606256844172e-03
4.564153150526480650e-03
4.180269712502773273e-03
4.188801399937751996e-03
5.288651945390177717e-03
4.056076255713675534e-03
4.583215411950149198e-03
2.984748481701691731e-03
4.172607308831231474e-03
4.646066802481447523e-03
3.601460323126528477e-03
4.296602668971548356e-03
3.427278463791313696e-03
4.018394439602250220e-03
4.180588901104995148e-03
3.905102870686840474e-03
3.392023061728107955e-03
4.485915927054554692e-03
4.380738630254219813e-03
4.037936293411442494e-03
2.864514436065167778e-03
4.698359774633212652e-03
4.098604227304973070e-03
4.770981768322030657e-03
4.839822833674002796e-03
5.021892349814257445e-03
4.858996916048708217e-03
4.650944175177322906e-03
5.240033928750970939e-03
4.091168550290068782e-03
4.258849075020935959e-03
3.781541331581676855e-03
4.299590962804428033e-03
4.482258746669014193e-03
4.039678995334966029e-03
4.348860864954435732e-03
3.574720712640028133e-03
4.581954919744483760e-03
3.842296254476564206e-03
4.457838475052834301e-03
5.438329239721912019e-03
4.487241755046648788e-03
4.626385467361169949e-03
3.461821085047734822e-03
3.362520962871460434e-03
4.269517543585242374e-03
3.223219722865100501e-03
4.376449691985011964e-03
4.264731250816950446e-03
4.226162209246518871e-03
3.993567815893667682e-03
3.455027343914887725e-03
3.313387946579948642e-03
3.731266902108849436e-03
3.768097688681406807e-03
3.550255039742122778e-03
4.633849902621972605e-03
4.433233294113768028e-03
4.100365794288725850e-03
4.582199031584495777e-03
4.284267970888760470e-03
4.075704585757809750e-03
4.279114844247105913e-03
4.909907649525292739e-03
4.163576135520500633e-03
3.970240685372339491e-03
4.501348545433338753e-03
4.109317637283873594e-03
4.181389773385095314e-03
3.047976685398557338e-03
3.968002736380905893e-03
3.821373984920067683e-03
3.882127927607927510e-03
3.808417960061002625e-03
4.795708721331188445e-03
4.353799252543772563e-03
3.576571111237031048e-03
3.884170002100073744e-03
4.791873973330408772e-03
3.688805539090955331e-03
3.653630424924001092e-03
4.339849350648837013e-03
4.013948282149098178e-03
3.067251971336009027e-03
3.731344246811073035e-03
4.245305851564952666e-03
4.183765774583634960e-03
4.942550982329011952e-03
4.534932314636684093e-03
4.911453016954338627e-03
4.395071493212559730e-03
3.395918359074318830e-03
4.173196729717620207e-03
4.063818313714020330e-03
4.809244601954745443e-03
4.858578263708354314e-03
4.660429599602395299e-03
3.857285751966151467e-03
4.027970414066820402e-03
4.407692923286202213e-03
4.044783680561412492e-03
3.219479258875432293e-03
3.959759221745408689e-03
4.098213478134061713e-03
3.963892363937951933e-03
4.059439683717498172e-03
3.605309328416920079e-03
4.928466697840407258e-03
4.351583340622591778e-03
3.994379250947310833e-03
3.384273627074195663e-03
4.727493470158715926e-03
5.198104783920191180e-03
4.354000759177867504e-03
4.217920579805258495e-03
4.147930847750992862e-03
4.243446567511435091e-03
3.870614914842608004e-03
4.547127638925257953e-03
3.190106366331489293e-03
3.436935915308845547e-03
5.088131793523679135e-03
4.666780999476952303e-03
4.294041036609849878e-03
3.595535878942404933e-03
4.038352042628936232e-03
4.591336242607367037e-03
4.084955874522863337e-03
4.387662529641860390e-03
4.030205402707031162e-03
3.562648064180632020e-03
3.594818822951628343e-03
3.801870487549678743e-03
4.814276307429290504e-03
4.410705019365970640e-03
3.418415164934761330e-03
3.584780896306148310e-03
4.549173348006372089e-03
4.492386134856747419e-03
3.742419698879528335e-03
3.671198602229224037e-03
3.593135508270980764e-03
3.589398768284990902e-03
3.784793237376638149e-03
3.818407446400540889e-03
5.036980254291365672e-03
3.404675369694134049e-03
3.986181579399739223e-03
3.877310504914748598e-03
3.570360255652482110e-03
3.540522651006673422e-03
3.852169555245634966e-03
4.558088831148344663e-03
4.062276460604401923e-03
4.509438867449297450e-03
3.967010511362219043e-03
3.830879392479602779e-03
2.993579063442342210e-03
3.904355331370197319e-03
4.865670766735696526e-03
3.945772482612137054e-03
3.773769445563871991e-03
4.276030491934129825e-03
3.785690681918085776e-03
4.202036456705100960e-03
3.574058955356948248e-03
3.770870750252011943e-03
4.696451205608552677e-03
3.536958808542891262e-03
5.103282357421676241e-03
3.059332491345829585e-03
4.078410245507694230e-03
3.437419405226153999e-03
4.477084758114132333e-03
4.485119229240230182e-03
4.207545408052869307e-03
3.752909938492850293e-03
4.862331488731492027e-03
4.504360441678677794e-03
3.742825618529504496e-03
3.356040123452345807e-03
4.960768454742917749e-03
5.185421721336619730e-03
3.636762214532413516e-03
4.616167194033877520e-03
4.167622089427718869e-03
4.259635519264178861e-03
4.198155634683874322e-03
4.735354958652623208e-03
4.805087809017442001e-03
4.695149390631263471e-03
4.319334841250375111e-03
4.908422896479697727e-03
4.998692138178087788e-03
4.307275441017830928e-03
3.984261369539609209e-03
3.760794019917576732e-03
3.942643106950823213e-03
5.141531523191349151e-03
3.695923998981694939e-03
3.465281233696194084e-03
4.091498838302098581e-03
4.226198135490953113e-03
4.559611425197648664e-03
3.655493483808776572e-03
4.330099095676614648e-03
3.927443891244978072e-03
3.684399248602605609e-03
4.629706478318124617e-03
4.876205162169792995e-03
4.267545286355106486e-03
3.876521103241289175e-03
4.772471883924100065e-03
4.088720826645689081e-03
3.441720506773299215e-03
4.385011302869556114e-03
4.093616035360077288e-03
4.637555848845611658e-03
4.339653082376049298e-03
3.941855995425012568e-03
3.865432198734517367e-03
3.986751831490159895e-03
4.691856695021139056e-03
4.152985478364631423e-03
4.606982817904469764e-03
4.164286092147522801e-03
4.267755009441983466e-03
3.771625130754553690e-03
5.241705256221335096e-03
4.760524160401028750e-03
5.035091716935630006e-03
3.141178172165456917e-03
4.387171919859208374e-03
3.624786244254187689e-03
4.544203499601340464e-03
3.917334307387152804e-03
3.757003869513400596e-03
4.361399995134572147e-03
5.163670907362260393e-03
4.137863026770742178e-03
5.269570866070777057e-03
3.683182403248781277e-03
3.933567941535509073e-03
4.202027353928527650e-03
4.121266946972055624e-03
4.183365263667025366e-03
2.965837550071956982e-03
4.107432284079366204e-03
4.730662528397331160e-03
4.739665143521758391e-03
4.202599933417119210e-03
4.548204008695383091e-03
3.987772577837066061e-03
4.289466442045418090e-03
3.472312324914268201e-03
4.486106329709473386e-03
3.538620366296768224e-03
3.934139152037818658e-03
4.039727572093728195e-03
4.423220743779924212e-03
4.052330704499694514e-03
3.692890472346473021e-03
2.768161387843239615e-03
4.198113006174068913e-03
5.069916069279478688e-03
3.588852283150986613e-03
4.923264549398561479e-03
3.150024834879105486e-03
3.692343554840603424e-03
3.384962301729715906e-03
4.301080890872729413e-03
5.394955833565520317e-03
4.385665118660424765e-03
4.298243134180090852e-03
4.430477908056093365e-03
4.008578306181413177e-03
4.025501097074334587e-03
5.064135836215817935e-03
3.667729324132072959e-03
5.234267796375840186e-03
4.085374429747508536e-03
4.372156929210180461e-03
3.958599976467297790e-03
3.622660690105642539e-03
4.152054677444336379e-03
4.287934668468850775e-03
3.978323662194488235e-03
4.897683512587860943e-03
3.135953292642789259e-03
5.520380476654837207e-03
4.764771061225726856e-03
4.140381519716727389e-03
3.658721197700711900e-03
3.571024489032877895e-03
3.641496272998780842e-03
5.206305041614364346e-03
4.475869742511682722e-03
4.321676966659324624e-03
4.389437826417555422e-03
3.564237258588320943e-03
4.045669770336807365e-03
4.519030512910473911e-03
4.134415585771084208e-03
4.967962535368674118e-03
4.175479603014869111e-03
4.001236839657832875e-03
4.662996555243056375e-03
3.155614897742763970e-03
3.997514003100594189e-03
3.701417760728863832e-03
4.529637798931601851e-03
4.268552292188186083e-03
3.213976944069714663e-03
4.502826049842027778e-03
4.654146901178931456e-03
4.077737554957655899e-03
4.715909347776277294e-03
3.953759320883189210e-03
4.411299294464547834e-03
4.639274793243814039e-03
3.409813043913193648e-03
5.305787113406784140e-03
4.119496768593306456e-03
2.963250278312516434e-03
4.295048398512251939e-03
3.779467285516646680e-03
4.314377709594597807e-03
4.180045852117992775e-03
4.069131123294828477e-03
4.075859018290716416e-03
4.867090769963820264e-03
4.673624049779767468e-03
4.975127844925106638e-03
4.566994481417024736e-03
4.172020221495422072e-03
3.937063495576417771e-03
5.267632519999608867e-03
3.532961869125460664e-03
4.847696246506417138e-03
4.456493799858474332e-03
3.692474265061117429e-03
4.073686566537979697e-03
3.497243079182791106e-03
5.524733731640645192e-03
3.947027983744942799e-03
3.713237658567112177e-03
5.075066737965032437e-03
4.373893203132466802e-03
3.914765271868656665e-03
3.721312115364829726e-03
3.041091853901972241e-03
4.559008144283107841e-03
4.601400532607495715e-03
4.395441997609842756e-03
3.731522706302496228e-03
4.451833898186549100e-03
3.121998419734974602e-03
4.272852605305981280e-03
4.783831055334416410e-03
4.319812399064232311e-03
4.284089452046619360e-03
4.123957380339753759e-03
4.427123221904557052e-03
3.581077512931452305e-03
2.989692172845012565e-03
3.517087890067641456e-03
2.939332722942370694e-03
3.566532671317869645e-03
4.206424868233864418e-03
5.181796102197644242e-03
4.056451560228907516e-03
4.534258727866891103e-03
4.315475618564776697e-03
4.011945550084917989e-03
3.956398196456831565e-03
5.224565519858520406e-03
4.597241400787295887e-03
4.734343767235853206e-03
2.610313059718623666e-03
3.920938779167278988e-03
3.324098158972503721e-03
4.907130098775943153e-03
2.525182895598679367e-03
4.812231184555722414e-03
4.576729596600518854e-03
3.775865104880390174e-03
4.296397389023826584e-03
4.770927048347342950e-03
3.309785689543032899e-03
3.916458969604432599e-03
3.192427004697202982e-03
3.733483015474779558e-03
3.721829265795010850e-03
5.011815192218415857e-03
4.389375271428945340e-03
4.372554108788768643e-03
4.509228778595981632e-03
4.347628088677320778e-03
4.886857165504337325e-03
4.912292842846804029e-03
4.624537915749231398e-03
4.009919574161793440e-03
4.732969098105345093e-03
5.195443964703050192e-03
4.923379625720966657e-03
3.781743194414109114e-03
3.867083698774735449e-03
4.432994062164997973e-03
4.909497981603568907e-03
4.150489461251985653e-03
4.886798111202013233e-03
4.110731598431569336e-03
4.490394880177553220e-03
4.469544295275641385e-03
3.570021251863534847e-03
3.338987106703051634e-03
3.382825070460811559e-03
4.013231664408065807e-03
4.840107101270123106e-03
3.614412804536442248e-03
5.123380729082190749e-03
4.233423167858747782e-03
4.276865003388688122e-03
3.769322237876238102e-03
4.001684152151139921e-03
3.602268357741943323e-03
4.274161663104947967e-03
3.329991190835309388e-03
3.719636122040550965e-03
3.752551896298361722e-03
3.705088600197301626e-03
4.862453092931182802e-03
4.424052244931181606e-03
4.592446172221317964e-03
5.189402436427129756e-03
3.225040471830757389e-03
4.726587151370111733e-03
4.245081249517983039e-03
3.386648190674250176e-03
4.305310145744119590e-03
4.234167286666816639e-03
3.346307030965160745e-03
4.797415983993586451e-03
3.888658430617789822e-03
3.668550293177426369e-03
4.256030874790408570e-03
4.215583564417658621e-03
3.716709568675023202e-03
3.914006445226602370e-03
4.360840716066296044e-03
3.655400652703700605e-03
3.930021932150971550e-03
4.797074701805350942e-03
4.052202754505716126e-03
3.949888787550715104e-03
3.581604350109228885e-03
4.546660423357564394e-03
3.868705635239353367e-03
3.634954219905206594e-03
4.796132603237156233e-03
3.027930412478066317e-03
3.635461271030212150e-03
3.723544175884427754e-03
4.089596108497668345e-03
4.335391621804240980e-03
4.329504843800111892e-03
3.457731790865192258e-03
3.782004529229397987e-03
4.989688306819851579e-03
3.750884740521231910e-03
3.905595109384928619e-03
4.236212658343691678e-03
4.623486972766533559e-03
3.610209087939094449e-03
5.136542683544430277e-03
4.519204187055098597e-03
3.885057930197872642e-03
4.802826862699704699e-03
3.568925673105762669e-03
4.881289749205037880e-03
4.014218656031722822e-03
3.614479150915730302e-03
4.684379407297806393e-03
4.081664488928781614e-03
4.875705354458949314e-03
5.131931882440661508e-03
3.677954626324256987e-03
3.674160328923523067e-03
5.169469918297411523e-03
4.651912660976888041e-03
5.061857158570223260e-03
3.988290806538113444e-03
3.812463070979710267e-03
4.928816593724517393e-03
4.147254031489964674e-03
4.236984963683128151e-03
4.187067165633480935e-03
4.494595952416269649e-03
4.889059791105375939e-03
4.520181697074407597e-03
5.335424521097573147e-03
3.998971825506864725e-03
3.969494194946620973e-03
4.073803375759812127e-03
3.807886283435198832e-03
3.690764486640297527e-03
5.438535398983126469e-03
3.419163038667033788e-03
4.028890918252262671e-03
4.120719266743298574e-03
4.229972292265246972e-03
3.236900416465377395e-03
4.221776735647224561e-03
4.155936677805375894e-03
4.542018642905946459e-03
4.046044147844101053e-03
3.564013839245146892e-03
4.136294436269926864e-03
4.111740864836531395e-03
3.884759810307278089e-03
4.775239345525546242e-03
5.412053386772449140e-03
4.807780807667585803e-03
3.985711369167767824e-03
3.540622624935694553e-03
3.909403188393648435e-03
4.564784147771147431e-03
3.205255846233387353e-03
4.517941565278058881e-03
3.896354266623145747e-03
4.452868999267377628e-03
3.596125390132821377e-03
4.688968870092059121e-03
4.033607925116033076e-03
3.855682534520517291e-03
3.986061639030476916e-03
3.589022258857791844e-03
4.825487401934700632e-03
3.391440689397089668e-03
4.715619139881462203e-03
4.508659491485613423e-03
3.305504352419189659e-03
4.990925024845128781e-03
3.495202451789277635e-03
4.442424287553203843e-03
3.906800193206192567e-03
3.623690078439864137e-03
4.293934982513471742e-03
5.801596847928476575e-03
4.231993356812663483e-03
3.898519777791346549e-03
3.783868780111640778e-03
4.321987397765649636e-03
3.731525231664248841e-03
3.957689286305663551e-03
4.541863778193616467e-03
4.978256403444908038e-03
4.760337616149741373e-03
3.322088544956220725e-03
4.176410909386345065e-03
4.749859761131772565e-03
3.481254952754276547e-03
3.885205783668630505e-03
4.454566825060807082e-03
3.598397760736415842e-03
3.346976807261891652e-03
3.859211618788418053e-03
4.908182454335959996e-03
4.444408227271950777e-03
4.202159934501931149e-03
4.654580575383416435e-03
3.664857671940676808e-03
3.286126583263539354e-03
4.457721956128611607e-03
2.765643775436163118e-03
4.611402351489452683e-03
4.465799085350926310e-03
3.955618839269764951e-03
3.970698427760307146e-03
4.556577196741948277e-03
4.869292411104403882e-03
4.441175057628072784e-03
4.384541357241581415e-03
5.472486684464782092e-03
3.752953535997670138e-03
4.705562271506620077e-03
3.988016538247604950e-03
4.873781644235681935e-03
3.635331021478148145e-03
3.310054667907474327e-03
5.454456160115347084e-03
3.878961895949637178e-03
4.183617981006637621e-03
3.523554504526404951e-03
5.549630499595962531e-03
4.756762139414992888e-03
4.714215926185252523e-03
3.866275575141796782e-03
4.283811417452707167e-03
4.237524915545675189e-03
4.179596331469160111e-03
3.912546628363737164e-03
4.572496603653745592e-03
5.164888646997603354e-03
4.483528596533586062e-03
3.581567218094118630e-03
4.477145380171472511e-03
4.760745426487075077e-03
3.523441593947234697e-03
4.105533037082892932e-03
5.742765817554227811e-03
4.220603996116724550e-03
4.404189409545724784e-03
3.904502484981453667e-03
4.364418284909132861e-03
4.262448599594392644e-03
4.312475700009910790e-03
4.845494881748379709e-03
4.861469256480693661e-03
3.425084357173172230e-03
4.270747750819178616e-03
3.977874007964605704e-03
4.643888256936483036e-03
4.792653700936253501e-03
3.925050204804187738e-03
4.209639672391267927e-03
3.350415259701754710e-03
3.359625293391264606e-03
4.205126557045873840e-03
4.348316000396056959e-03
3.614169640127040325e-03
3.574134424178877431e-03
3.892728665704434099e-03
3.427530931884001202e-03
4.842501094628337208e-03
3.811779999656388432e-03
4.577112094482436999e-03
5.620569202307934033e-03
4.351045915273805097e-03
4.230332933542959792e-03
4.772084729237010409e-03
4.373534010579835721e-03
4.048409635172895392e-03
4.849233271840477748e-03
4.387224482745375256e-03
4.445816586017694444e-03
5.333268855182305562e-03
4.543091459494714816e-03
4.239663798616590679e-03
5.116739627916431013e-03
4.926240648155054934e-03
4.383532066927224927e-03
3.590513402058267793e-03
4.293899230120539270e-03
3.917018395550165948e-03
4.169536578824779502e-03
4.173736840890177741e-03
4.134386138781336560e-03
3.671525263700095316e-03
4.464657514545698064e-03
4.468786257744473099e-03
4.292261777278980235e-03
4.969055280287663738e-03
3.735832654277597073e-03
4.511722596970650125e-03
4.005399986423862496e-03
4.473383339074621726e-03
4.601423541615336232e-03
3.900443281727865395e-03
4.238502311460769396e-03
4.458344822056758104e-03
3.485535327208486110e-03
3.309089524415134882e-03
4.612831939840289323e-03
3.988120534343681661e-03
4.337887363097519405e-03
3.568497614636212921e-03
3.242753056895730443e-03
3.398812744853102995e-03
4.479886978788948960e-03
4.168826119959822933e-03
4.257627903932260580e-03
4.343903971376273342e-03
3.786998930937733772e-03
4.636039407029475881e-03
4.499321222925792979e-03
4.076110074878567732e-03
3.962501986859431197e-03
5.041544800303977836e-03
4.575256042313010502e-03
2.821725554110871958e-03
4.727583345024417502e-03
4.495734791157641498e-03
5.097727926929570240e-03
3.906341386601321075e-03
4.864514659796822550e-03
3.901386003732834964e-03
4.519173656488367601e-03
4.580313523280104063e-03
3.846597857903965960e-03
4.558920811328002337e-03
3.263722511335367862e-03
4.303194138344095497e-03
4.319875305037559378e-03
4.261037616926555485e-03
3.681936617213085999e-03
3.852772396051049562e-03
4.442609378561159991e-03
3.798777514611745721e-03
4.962281741093170148e-03
4.917329857413916573e-03
3.790781643112832531e-03
3.667357083604638832e-03
4.028620959309552052e-03
3.477782515886499760e-03
4.160700220218136076e-03
4.843221946350170955e-03
3.762485679074588103e-03
3.546478773107799177e-03
4.522597600210291786e-03
3.524095340297102655e-03
3.120420960277097040e-03
4.106394881888248381e-03
4.337286806621275075e-03
3.760782318838167514e-03
3.741517364709476354e-03
4.136390787310847798e-03
5.031106924438968550e-03
3.516162033866906435e-03
4.103610977282096117e-03
3.967405528628788550e-03
4.066999194976074310e-03
4.104237298568798320e-03
3.536124415427756296e-03
4.541200787407182436e-03
3.484215338931437311e-03
4.047785632373492037e-03
3.656005924837131289e-03
3.888572596584637022e-03
5.304671009516846898e-03
4.119797076103839072e-03
3.813337366395044923e-03
3.200903024252531575e-03
3.714061697910654453e-03
3.971545269028609222e-03
5.139426878865224410e-03
4.795255881430217013e-03
3.921553183554454987e-03
4.128435733403447959e-03
4.787586671395415751e-03
5.856951744281474123e-03
4.333443032116874455e-03
4.652277505115453606e-03
4.511874362876092809e-03
4.710838089636884031e-03
3.686210799310011069e-03
3.482945058127243781e-03
4.135795170254099283e-03
4.975099783764059917e-03
3.546872968214538884e-03
4.086040397935475355e-03
4.072847494092360007e-03
5.102355994636518371e-03
4.317126865553845734e-03
4.115939177086906653e-03
4.385270428809515814e-03
4.342024235468769366e-03
3.487070948384022023e-03
3.890322743234670300e-03
4.495759053517887384e-03
3.493032161234308538e-03
3.055963259603187120e-03
3.527588028267678033e-03
4.947076750369355097e-03
4.760281158139906439e-03
3.832072351200205371e-03
3.265851533377826885e-03
4.626292968237905381e-03
3.211210151527158375e-03
3.048855510593063110e-03
2.493993694339460832e-03
4.675809553370735908e-03
3.424972997721733008e-03
5.008137926027712156e-03
4.086915352552390919e-03
3.995720389709109081e-03
4.660081717120651001e-03
3.637549912271851715e-03
3.772256075384687515e-03
3.408707982400075755e-03
3.688284062952676499e-03
4.695164722366067939e-03
4.548912631776433693e-03
4.391085536889455070e-03
3.794593514490817322e-03
4.040995945653966075e-03
3.074172823947686137e-03
5.692864103149089701e-03
4.588937168597650995e-03
3.459450028113957975e-03
4.061387456184226315e-03
4.535482149824307876e-03
4.816138426519194285e-03
4.939545810848298274e-03
3.187910634029957838e-03
4.031774593559379720e-03
4.813020081772884790e-03
3.977453346316863793e-03
3.502676940387486337e-03
5.410321336881026601e-03
4.612446405416963102e-03
3.821923473506029165e-03
4.279193817172785748e-03
3.591920365424284330e-03
4.445287680919387738e-03
4.141477583266404104e-03
4.000397787986933670e-03
4.158220137993876540e-03
4.051166743128923123e-03
3.795586837997776738e-03
3.733673616514211931e-03
4.201371223249182781e-03
3.679349857954658000e-03
4.088898146725043238e-03
4.207299309373321514e-03
4.110180773422070916e-03
4.256707352763900755e-03
4.669115409687520611e-03
4.666301996560155881e-03
3.972527759062845568e-03
5.344814701992988727e-03
5.133278971244713794e-03
4.149502344159021819e-03
4.191335689977278463e-03
4.291945857259182179e-03
4.356757185978914725e-03
4.131934184700131359e-03
3.681887364151685809e-03
4.001937076099810163e-03
4.152173598416248300e-03
3.929987077186461453e-03
3.695857608262328835e-03
4.921325472082953290e-03
3.469241877616068438e-03
3.849924068968696433e-03
4.204308284417584453e-03
4.119641142934130952e-03
3.999178629214190234e-03
3.815946433993267287e-03
3.546186473210340053e-03
4.166134557619322401e-03
4.869259966201119026e-03
5.436513504628333500e-03
4.486374621788305310e-03
3.796861521577115598e-03
3.504710690208630124e-03
3.456515494838950913e-03
5.019843008908922606e-03
3.353297226272513622e-03
4.843964933745742267e-03
4.086701406873687395e-03
4.713367993768710976e-03
4.484847155232890049e-03
4.401091484891784915e-03
4.647100017925558102e-03
3.823051845164652726e-03
2.926727395707562265e-03
4.984194155104588846e-03
3.417822055657947916e-03
3.747292745168094054e-03
5.629941002997414234e-03
3.720404977570087885e-03
5.081843149797923148e-03
4.310550573154021438e-03
4.659059781406375486e-03
4.067958599228712648e-03
4.357782133141464148e-03
3.640007446052478165e-03
3.834796783965074406e-03
3.778813236235088573e-03
4.329328908104270943e-03
4.104427746826001117e-03
3.826158124858130422e-03
3.908528574746492242e-03
4.463525865046822673e-03
4.285652440872100150e-03
4.483611860329938560e-03
3.988113086470942981e-03
4.650949256963004402e-03
4.618455923900816572e-03
4.001925907650974272e-03
3.043283955990281654e-03
4.642052804622633089e-03
4.405762850587187189e-03
4.754652280226057473e-03
4.491822268360620533e-03
5.175763411000279708e-03
4.413028720573502171e-03
3.291082669255168507e-03
4.070913495012335598e-03
3.466595073952514951e-03
3.733724271483874774e-03
4.429996754322215215e-03
4.473524364277069870e-03
4.670611174481235743e-03
3.816063160628917032e-03
4.184713237640049627e-03
3.745233128519965659e-03
3.984886723237594797e-03
3.953744341762768615e-03
3.744733991378861038e-03
4.309011236320149825e-03
3.800057877923750105e-03
3.716605142947724833e-03
3.855863564829851899e-03
4.508102393372756186e-03
2.844404911398105886e-03
3.646707754083886813e-03
4.084209984613731796e-03
5.370786424678119717e-03
3.928542801852745806e-03
4.738564805814029016e-03
5.137847140368752286e-03
3.650333672183658524e-03
4.339268297267189455e-03
3.790253281287596452e-03
5.270195910425498100e-03
3.344659410102346006e-03
4.975938706259839736e-03
3.593418326112876419e-03
3.088068352533850439e-03
4.781348863313012593e-03
5.113274917705602600e-03
4.280945336211547728e-03
3.604596386541581571e-03
4.213920093915450409e-03
3.941942326802097898e-03
4.022222273589431268e-03
4.333129807494350699e-03
3.411832028367963419e-03
4.596065096737796465e-03
5.086599495152535969e-03
3.985425435498109702e-03
3.359692779590637331e-03
3.668276006525458821e-03
4.189454870591666907e-03
4.170345569149603963e-03
3.805024810884012013e-03
4.312771237625970082e-03
4.001754341316720275e-03
3.255084120474778259e-03
4.285435302758010268e-03
4.644974915505149619e-03
4.232192648322097468e-03
4.003093886683849710e-03
3.924933215087905193e-03
4.711218446011132197e-03
4.841914091057178404e-03
5.616842228628627677e-03
3.951460359512264965e-03
4.147200370885635763e-03
4.367682442067108949e-03
3.534339288167662966e-03
4.292116053791261709e-03
3.403419416488371544e-03
4.141040775087357489e-03
4.517940171032175205e-03
4.246815025566357329e-03
4.501490824269134203e-03
3.309702775285558278e-03
3.964861913041667525e-03
4.741491511422029313e-03
3.761766128485220882e-03
5.038837814957780083e-03
4.922579063364348334e-03
3.847675649442200158e-03
5.257373792182160228e-03
4.427168552447267175e-03
4.973075380339090495e-03
3.687763115001609082e-03
4.106095878475360741e-03
4.891858147164110555e-03
3.579702145070315714e-03
4.282685186350458119e-03
0.000000000000000000e+00
