1.084111867734263192e-02
1.282233187143290432e-02
9.779475338948401611e-03
1.093044250918600614e-02
1.052955398479870144e-02
6.593697259862582767e-03
9.586574281258197772e-03
1.056012039412408503e-02
8.910468380413193515e-03
1.404770756031892970e-02
1.070263287761149228e-02
9.726925972932112460e-03
1.068073160000007626e-02
8.679454710713088716e-03
1.079010714061295895e-02
9.385156631481379741e-03
1.112061709829503114e-02
8.583618919419517407e-03
8.907899437950611912e-03
9.173627879833300136e-03
9.674189027095398546e-03
9.775082355826742245e-03
1.002766319968773252e-02
1.030795924881937331e-02
1.176068290115194620e-02
9.949762205292950190e-03
9.883688339461942779e-03
1.044638369649875283e-02
8.131104488599331243e-03
1.249340880230389444e-02
1.341729403527258148e-02
9.691120567103295863e-03
9.716027105939941191e-03
9.227437519216332915e-03
1.199722089115141770e-02
1.040246432840384073e-02
9.512670122568187350e-03
1.262274969714565105e-02
9.557917488697364669e-03
1.219467307377985685e-02
8.260879549369892078e-03
9.249915972001147152e-03
7.238929685537893663e-03
1.001988117303379000e-02
1.202770830372885784e-02
9.460513730864277340e-03
1.355762976662578528e-02
1.112301843978985745e-02
1.042828787878094347e-02
1.123064045072624459e-02
9.446368926421378973e-03
9.155250527884895712e-03
9.394951061729338998e-03
9.733930252560000704e-03
1.077300108847333363e-02
1.091218195424806768e-02
9.163221651383484517e-03
8.611166764408146115e-03
1.026311815545652428e-02
1.032926713854753070e-02
9.501562024866254744e-03
9.049120777781947261e-03
9.459222169216113113e-03
1.110040314899402025e-02
9.026485597858846521e-03
1.292122367101554252e-02
1.029001313090325588e-02
9.645817449510140154e-03
1.305655720850884723e-02
1.183224985018266166e-02
1.100779501926769585e-02
9.064583324441835566e-03
1.090838906643011239e-02
1.169059006301861534e-02
1.372833741090163408e-02
7.096636693919562353e-03
8.483314025124789881e-03
9.282351376089091610e-03
9.742142390824992670e-03
1.139780925766231169e-02
1.012630097053850847e-02
7.760519500773942723e-03
9.148958915409767523e-03
1.190987076318168400e-02
9.077170586470915958e-03
1.132151766534828831e-02
9.026382946704278668e-03
1.121657612604808237e-02
9.872268408339315501e-03
8.089006506322320156e-03
1.049253620718125328e-02
1.043285093624453375e-02
1.034246199852435766e-02
9.501063392345450095e-03
6.941120562099209468e-03
6.605359240270093635e-03
7.564251043636924070e-03
8.643059875267661979e-03
8.080097873961401139e-03
9.246843306396952331e-03
1.085662913815553347e-02
9.056566397771128804e-03
8.239989351181560909e-03
8.506682657842715850e-03
8.280653387587773306e-03
8.776903542945467193e-03
9.632033871138596937e-03
8.182526518670428517e-03
8.197283154775051803e-03
9.251217260084659486e-03
9.965158606275755296e-03
7.708312986638595626e-03
9.989289841762293704e-03
7.993679114383827125e-03
8.775120901642735269e-03
7.452427766062401197e-03
8.005142127013580022e-03
1.001685082012416725e-02
8.503452549465327290e-03
7.499902063154099269e-03
1.022006830268341014e-02
1.066702085121267775e-02
9.281104859151961470e-03
7.937569654725109419e-03
8.622199610720098287e-03
8.251111493925591608e-03
8.781261217904259148e-03
1.325393692036754348e-02
7.994468380701207771e-03
8.000516725504665944e-03
7.863310303296457485e-03
7.398628880572515921e-03
9.968052804498177960e-03
8.385654321216923918e-03
9.075483923746628309e-03
8.306145527367237574e-03
9.910884434605186921e-03
1.051036269746226381e-02
9.172044848481405652e-03
8.522335193692743074e-03
1.098479387773731997e-02
1.054344005433221869e-02
6.923915628413842768e-03
8.528509408923088189e-03
9.747675045062707821e-03
8.225672395624040317e-03
1.422362575006894808e-02
6.619148488663929679e-03
9.093435857673300843e-03
9.674962461002143202e-03
8.698049457357153250e-03
9.996195824047343637e-03
1.035049208200491261e-02
7.826876089329186381e-03
8.003638943965721980e-03
9.375051832760186027e-03
7.453619606728928253e-03
9.938592230656529899e-03
7.491887915921554772e-03
7.618169958512461398e-03
8.455608685359931875e-03
8.726177826144355942e-03
9.230866268946504721e-03
9.671356099678996704e-03
7.232576063897949541e-03
1.030485857991341944e-02
8.004729108639432877e-03
6.501284034989980067e-03
6.622313212953151104e-03
8.673636031416484191e-03
8.173639106349306002e-03
7.721357576186482947e-03
8.381785353811269448e-03
8.554686114286376084e-03
9.772077902210055469e-03
1.033521801383826405e-02
1.001253380876168143e-02
8.333345617940803376e-03
7.576064369872245220e-03
7.765453793947659639e-03
6.710833948729107677e-03
8.817739728579979119e-03
9.885442474557444917e-03
7.306491659338577686e-03
7.113717070993619274e-03
9.301416810144680358e-03
8.967035267807748136e-03
8.717519440490727189e-03
8.226985461757069240e-03
8.342448048169380515e-03
7.231683916980058760e-03
9.292800139032249621e-03
8.238483881278116025e-03
7.822628826675698255e-03
1.114464665276413205e-02
7.815568492853558480e-03
6.709140296065924970e-03
6.782963393909552038e-03
9.942341317931714315e-03
7.165347389161636805e-03
8.327201088041845736e-03
9.791154561219173394e-03
8.311628773318828836e-03
8.874916913099271595e-03
8.249916315974104020e-03
1.010783253129953103e-02
1.045404130701205712e-02
9.042514287138429113e-03
7.862436963485094216e-03
1.048217700836294453e-02
1.098594518171057410e-02
1.000903734036115780e-02
9.986558184395841892e-03
6.336628894669778765e-03
7.167131713784945408e-03
7.805726094490394486e-03
7.005591829008984105e-03
7.635725922129440839e-03
8.140941479275697751e-03
6.353750204775347743e-03
1.098426329668183640e-02
8.170632840952271950e-03
8.854085306686673706e-03
1.026596556684390878e-02
8.102142386059133991e-03
7.316931582556567698e-03
7.163465230341452446e-03
6.926958269933405909e-03
4.297267114005332532e-03
6.149271953005514338e-03
8.254877483327243554e-03
6.170462604061058808e-03
8.319931956753394420e-03
6.706580016259229386e-03
6.294758592932827961e-03
7.474869076775803034e-03
7.468269184016168225e-03
5.836148325713877948e-03
8.262518439043664217e-03
7.662274548085643879e-03
7.588566337784190090e-03
8.362744377688630451e-03
5.443353549575286922e-03
8.241829314143776092e-03
7.068531997831262355e-03
5.803723060432139542e-03
7.067914386956667024e-03
8.433448624363553553e-03
7.164781101406770408e-03
8.845898486285115950e-03
7.554011474971831196e-03
8.339463131432404974e-03
7.809482497422541927e-03
7.460062943417779605e-03
9.355969341837288081e-03
9.794403124268578203e-03
5.828606081859100292e-03
8.034966936397909890e-03
1.077289959973926244e-02
6.841513444395826149e-03
5.748945181188647516e-03
8.187917506386919661e-03
7.366523442049894774e-03
8.435423804080065605e-03
8.061379093452603756e-03
7.688087723083714131e-03
6.976273820477938044e-03
9.005227380241863366e-03
6.191440633900999711e-03
7.039410054946276980e-03
7.644814725948882381e-03
5.754396245267642297e-03
5.778396888050945160e-03
7.588054816675899109e-03
8.686239298138007450e-03
5.948480130040085384e-03
7.484623663349161335e-03
6.789426997534615121e-03
7.357290637661497226e-03
7.101988900848153069e-03
8.831033880311221773e-03
7.723122961665668772e-03
7.806150639147508771e-03
7.413165531176072083e-03
8.871079761830446414e-03
8.218937438858583966e-03
9.511316318895256250e-03
7.830063417982176602e-03
8.488283566977524938e-03
6.247497086252146344e-03
6.434808321445210921e-03
7.611072955851692044e-03
9.219058285571705633e-03
7.243805068006794502e-03
4.757490454826139060e-03
7.583698265211287655e-03
6.714294323367252237e-03
7.601102314920490065e-03
7.008410555942954506e-03
7.604251731841408894e-03
7.620525208234627847e-03
4.445639703441010664e-03
9.519617956786128807e-03
7.929365686666954918e-03
7.753512694399953067e-03
7.091987061370162541e-03
6.237869681512379569e-03
5.460018175275600967e-03
7.108694730024721700e-03
8.185634345898780764e-03
9.822118499232626934e-03
9.886681777759814480e-03
7.254000419759535322e-03
8.579838014619622574e-03
7.752821913601075018e-03
7.457771166228169442e-03
9.425095413776594239e-03
8.068489405158835170e-03
5.107238583071842600e-03
5.411833551453032985e-03
6.444274607897872501e-03
4.232937776308899960e-03
6.168888999606493041e-03
9.387404806136194491e-03
7.295147969133003105e-03
6.705821257567938162e-03
7.959091006329513038e-03
9.462264071934747833e-03
7.060596500394641234e-03
5.950310500092538014e-03
6.085189565515547114e-03
7.496517897047924074e-03
7.120040999622108402e-03
8.466968330895337236e-03
6.413599719475453036e-03
6.363578719457056374e-03
6.957989677152164563e-03
6.468269670228278707e-03
6.993962148418513859e-03
8.045689194624765922e-03
4.686043571628002724e-03
6.404474193103142261e-03
7.416763505883662913e-03
8.124424830036431830e-03
5.720761801044771735e-03
8.506607077575974521e-03
5.623828462859376681e-03
7.165075360025911777e-03
9.884986671920897514e-03
7.234532295510026287e-03
6.096759747694151590e-03
6.060955176211774154e-03
7.111265816065263402e-03
7.758615091384446841e-03
5.482210972187820212e-03
7.097196272654896984e-03
7.113348095370494728e-03
5.632532448758885077e-03
5.954172790367947936e-03
5.188614939303245674e-03
6.208263977672452000e-03
6.873768618874558957e-03
7.297438681430287039e-03
5.795949545352761974e-03
6.573312806616722626e-03
5.854362301812347791e-03
7.369271740368938187e-03
6.578310701459791701e-03
6.263055943897491429e-03
7.176484103127468706e-03
7.719712921383213751e-03
7.987052425021290425e-03
8.200188382082885044e-03
6.863062658513066627e-03
5.699722254271578567e-03
7.528679738063820924e-03
7.417821165550357934e-03
7.600845783703586572e-03
6.320151481150521749e-03
5.686563811121172346e-03
7.072217059990280538e-03
8.968413946110125740e-03
6.853806648873596828e-03
6.855026600645760734e-03
5.668013455464224887e-03
6.970676478414992820e-03
7.255963717226324161e-03
6.739230387241711487e-03
6.536366900250937216e-03
5.512722987952776293e-03
5.187294429079755513e-03
5.138362124935404521e-03
7.033651565921132144e-03
6.734969436245462002e-03
7.881039443786472254e-03
6.259727473992177625e-03
6.197449103717647158e-03
7.852747787080850347e-03
8.985536851571196068e-03
7.679523219940987029e-03
6.536433963624159980e-03
6.283529206269915582e-03
6.108866134832136897e-03
4.417846641608650336e-03
5.648662981419355113e-03
5.474176105035409926e-03
7.548899356065003410e-03
7.048757421986328806e-03
7.865427273701668456e-03
6.280348516923090971e-03
5.890290156325588174e-03
5.318330741352616034e-03
5.929981684250037674e-03
5.204542423517469728e-03
7.291530674176423948e-03
5.593545530020870189e-03
6.382569494167030476e-03
5.400499146404761155e-03
5.855227936197299546e-03
6.386243476075212887e-03
6.171086652237476808e-03
8.537933350270792560e-03
8.250955160000074742e-03
6.813810012591471274e-03
5.354701261753386232e-03
5.130065057157739104e-03
6.275226129559264426e-03
4.530529837623599107e-03
8.095466577838276306e-03
6.719124796887632201e-03
5.898543970656229887e-03
5.247115433583076673e-03
7.449581382154674483e-03
4.608290318095149309e-03
5.504597252307502978e-03
7.730594710833546025e-03
5.528134969652210608e-03
8.652659227429755628e-03
6.723159042075922860e-03
5.792385003409675909e-03
6.358924496676946272e-03
6.151867280560657271e-03
7.342476049760892146e-03
7.104307206593172934e-03
5.440959895451097372e-03
7.765220573434031791e-03
5.928421510555082277e-03
6.978437512864799769e-03
8.159901723326321368e-03
5.009609045108905263e-03
5.877586693158591037e-03
5.200235185819932458e-03
7.627486986768706838e-03
6.549399940451837085e-03
7.296596808601584806e-03
6.246158323088721494e-03
6.534502475782228911e-03
5.624534145785503939e-03
6.427626343759705249e-03
6.813978405322095380e-03
5.363455921840827242e-03
6.608270301582672319e-03
6.421147265629734667e-03
7.766062286599905926e-03
6.892220393230004231e-03
4.698899668719860173e-03
6.391476818223666874e-03
5.763168792294433990e-03
4.979319895789468056e-03
5.543444557015152555e-03
8.841314921598304039e-03
4.550612031148914063e-03
5.802316702103076269e-03
6.023588119627002607e-03
5.207491338060471833e-03
6.092789076124739689e-03
6.885750857005447888e-03
8.020602963460625456e-03
5.362410036720936801e-03
7.684360486791090399e-03
4.591434697850239541e-03
7.844459108890205687e-03
6.494659960321672726e-03
6.995757912971436315e-03
6.286247669071031233e-03
5.818980610510447390e-03
5.938195957395545933e-03
5.015063228778228292e-03
5.767655190365864569e-03
5.480798139022070165e-03
5.869374659075716864e-03
6.542058803829428268e-03
5.113020395142212592e-03
7.152352436110758459e-03
6.312650294229792819e-03
7.749287185500103661e-03
6.617206347989179616e-03
7.978327691943162825e-03
5.162812470121450580e-03
6.422003507544105615e-03
5.236937023390623308e-03
3.996586319462029635e-03
4.977150029475736585e-03
5.659036976538198496e-03
5.828838768826280665e-03
5.423677046861481721e-03
4.593555711201019118e-03
4.710305078811358181e-03
5.100018643607547898e-03
6.911039905116075736e-03
6.703304348995547078e-03
4.287407811186515552e-03
5.607261987874740880e-03
5.805604461672028531e-03
6.240536975280180920e-03
4.580039230913686768e-03
4.941740337250468025e-03
6.430351061089295030e-03
7.628896545798895257e-03
7.026326731505804120e-03
6.747684979158607814e-03
6.679332568938743837e-03
6.900026963099576728e-03
8.943597055121387668e-03
6.169730225772733848e-03
7.383775565159271352e-03
6.859537247346675880e-03
6.048388405527482282e-03
6.359825349495274241e-03
6.777244509107740317e-03
8.362235497474597087e-03
6.192291566981421823e-03
5.683153522392334935e-03
5.517844421377496311e-03
7.013627249709573040e-03
5.005614232460321202e-03
6.157426629824676485e-03
5.983804816556708220e-03
6.564529748501847679e-03
5.675465390965796393e-03
6.885387476985219309e-03
5.943805755787225260e-03
5.731361506856620831e-03
6.091402066447634822e-03
6.291845301394310454e-03
6.272899160306192115e-03
4.182321715481507503e-03
4.998697325137589458e-03
5.905871478194662724e-03
5.411403495950439964e-03
7.190805297399452921e-03
6.300550254172243396e-03
6.235221374842351595e-03
5.612440957064560206e-03
7.321263941650015504e-03
5.597060993666196256e-03
5.230253686137061910e-03
5.060301799955664766e-03
5.161169453788468781e-03
5.562476213581821725e-03
6.343536328324549285e-03
3.763947048501336753e-03
5.077461261530507447e-03
6.580418201065305235e-03
3.937037133425796455e-03
5.399510732849287925e-03
3.629391398163604558e-03
5.915447808799368518e-03
6.070587970128282947e-03
6.710107747651592423e-03
7.157084403680597819e-03
6.142261019481715274e-03
6.870121674233975809e-03
5.966050683078846610e-03
7.911594572884527235e-03
4.971403789359506685e-03
6.347908488567460990e-03
5.379095061442151250e-03
6.614220453211659689e-03
4.735733930769718894e-03
3.937520776278900445e-03
4.843170483498958692e-03
5.467700536804733294e-03
5.278047986222961056e-03
5.436353256559375846e-03
3.988434130139542275e-03
4.152302552522526072e-03
3.856234538208877689e-03
4.160735246225462369e-03
4.824787769755205409e-03
4.585705475763419796e-03
6.126773994295659116e-03
4.280160158105399300e-03
5.781052806066515684e-03
5.742040247829541949e-03
6.083703883488171711e-03
5.508648611603179229e-03
5.635245932938203785e-03
6.759690885215602699e-03
4.881516389374409258e-03
5.780021380509853431e-03
5.335482443456342726e-03
5.515203949377863422e-03
3.931068633022083772e-03
4.617298766991972253e-03
5.807351261775004110e-03
5.472016865278667846e-03
5.537364583203015743e-03
4.292014941857145473e-03
5.002460717043648655e-03
4.573064438262078486e-03
4.753685042199527408e-03
4.813306007836967021e-03
6.964958149457566375e-03
6.102253581637403362e-03
6.516472454574540919e-03
4.535801054926410537e-03
4.724805808139548660e-03
6.639172124737555830e-03
6.089587071327009875e-03
5.796948817691170534e-03
6.776356339228059578e-03
5.214642322622473243e-03
6.921829230440595428e-03
3.806811564140281587e-03
5.172804893397866567e-03
5.298726976822713992e-03
4.666969915093205183e-03
5.824025873672450393e-03
6.823551688744776238e-03
6.030674032619014018e-03
7.367105362562284543e-03
4.976489231641504328e-03
3.844927174159272661e-03
5.916522074913639975e-03
6.080714421549985975e-03
6.746022498634076693e-03
3.919015348712679911e-03
4.913926425181335336e-03
5.070635611542476801e-03
4.808297098450273546e-03
5.258230256565644620e-03
7.044365752275208621e-03
6.129846387504156793e-03
5.384643627695596610e-03
5.879979659339583387e-03
4.580163745967095329e-03
5.402212185541931631e-03
5.035669317520255310e-03
6.975473651787496635e-03
5.361536908161411603e-03
4.366408601497177161e-03
5.479988075864463890e-03
4.960306155135435144e-03
6.914323190190265443e-03
5.233091792180931574e-03
4.804113215528578971e-03
4.166231500575176203e-03
5.734838965267228909e-03
4.914953337950326261e-03
5.044077356994654433e-03
4.960759819292876946e-03
4.532146351376646447e-03
4.439630117428637092e-03
5.399601037945500441e-03
3.631623766270943889e-03
6.346536516381875472e-03
5.485103888594519868e-03
4.100671227156001651e-03
5.771703102163497703e-03
4.742537098526093328e-03
5.114049363795732973e-03
6.737499149292537626e-03
3.825163585584811891e-03
4.018376017525687217e-03
5.982897718834606464e-03
5.356300883485921177e-03
4.200464506860147711e-03
6.574395215130756330e-03
4.831396039282294386e-03
4.394837950056987470e-03
6.717706407818247426e-03
5.793950745271089602e-03
4.218562548772434966e-03
4.270683319138070082e-03
6.238789050395381237e-03
5.392671462961835457e-03
4.190337290750105990e-03
5.921315776261783063e-03
5.666645984961820107e-03
4.647920017683622625e-03
5.691905005686542958e-03
6.403944373468769755e-03
6.558058507466745998e-03
5.619184817409396404e-03
4.787631660867920809e-03
5.212098099346673327e-03
5.438868467948112899e-03
4.489449872640535744e-03
6.107000632820275797e-03
4.213666616574400503e-03
3.991328030050401987e-03
5.237646465484723131e-03
4.892122435677002772e-03
4.399801976185518763e-03
4.066477794005395920e-03
4.503259407047133754e-03
3.535753851667784026e-03
5.522539353337916138e-03
6.095934245190022700e-03
4.597124874999518329e-03
5.809543360761774966e-03
4.553572469930088421e-03
5.686383189369594374e-03
5.250875984355309403e-03
5.645863070320313037e-03
4.438297524494029707e-03
4.089901382358271734e-03
6.545869475528065008e-03
4.887316594868145250e-03
4.381028862857984200e-03
5.326137215877375757e-03
6.453072666655150155e-03
5.673273306144888464e-03
4.256779249221264751e-03
5.365608929467521188e-03
6.795487371498272477e-03
5.933087860409114699e-03
4.001936015692314844e-03
4.977843900753586327e-03
5.462280443178171158e-03
5.292286991683156812e-03
5.623579957087730327e-03
4.771336401640349605e-03
6.004476504843472492e-03
4.413713273222464283e-03
4.092927339024722035e-03
5.618269880223741505e-03
5.499917831007966433e-03
5.118615388774301785e-03
5.311656328764272419e-03
3.684882426687600184e-03
5.933481027989931551e-03
4.561090827111296403e-03
6.300411564861921679e-03
5.813919044887433038e-03
5.255051518733911894e-03
3.746300814409134466e-03
5.597653103536148582e-03
4.238273671681910479e-03
5.595208793633759357e-03
5.118590920911501689e-03
3.625061521492709427e-03
5.396630307794328570e-03
6.679853358192065771e-03
5.049919575922039161e-03
4.526895440655035428e-03
6.826025822092763110e-03
5.246124442896167236e-03
5.121129450762095491e-03
5.243880367552989155e-03
6.348660228229421366e-03
4.169139836798020290e-03
4.431731468667533119e-03
5.397444417063865588e-03
4.471431733685604128e-03
6.267342297975561291e-03
5.678604552428103552e-03
4.428217085180228239e-03
7.200942021323431842e-03
5.542141458890801654e-03
5.143702046525151783e-03
5.204014898998170040e-03
5.803580337128412016e-03
5.830287844865761522e-03
5.822797738319607057e-03
5.481611649268508697e-03
4.719997771667074939e-03
6.361934237290822053e-03
4.704184818203025441e-03
5.050839425109059609e-03
4.451241259402897478e-03
6.425258652301099084e-03
6.098527555658812653e-03
3.788625077909469133e-03
5.848360025260498918e-03
6.027823539536164739e-03
4.169691590754961985e-03
5.583874503652699363e-03
4.640190486642850783e-03
4.344576833526552634e-03
4.227596791315816824e-03
4.787541831382874195e-03
4.624955719223439524e-03
4.900836047173529400e-03
6.231628975252322816e-03
5.945683818089090612e-03
5.301633146600052450e-03
4.130357370837319485e-03
5.124401687722883632e-03
4.936146281364742032e-03
5.085992508341408147e-03
4.330220334476720702e-03
4.675304336984380423e-03
4.719009735041863017e-03
4.740360128353365149e-03
3.788987942142563788e-03
5.333640325155629587e-03
6.056426294246977649e-03
4.789850995761149761e-03
4.855395531608622771e-03
5.581772231327418628e-03
5.877303338885034138e-03
6.211981448687304425e-03
6.296358388899399826e-03
3.785390730376299393e-03
5.550619496034072883e-03
4.455883680650475111e-03
5.166910309887588065e-03
4.099002335967594050e-03
5.656517376146446251e-03
3.999070589534846690e-03
4.335343302968965203e-03
6.325584547121879467e-03
3.134616307234943874e-03
4.760504483188665766e-03
4.484999546739303934e-03
5.415207000215502102e-03
4.858108055570864621e-03
5.423820169799416918e-03
5.524814650252741696e-03
5.397182451909672378e-03
3.731959882580047211e-03
6.001658280182032949e-03
6.384372538766145549e-03
4.385831682639130744e-03
4.851783120049206824e-03
4.395814029260316884e-03
4.232343986338938865e-03
5.271539197581580870e-03
6.458197471873019548e-03
3.574094973744601327e-03
3.442538568332630285e-03
5.166910091885640842e-03
4.846829332887062081e-03
4.843151877676575047e-03
4.232905050544784852e-03
4.716824872162588347e-03
4.714762018427715896e-03
6.702985881087040847e-03
5.032224375358424970e-03
5.390819783814049075e-03
3.628600204419215550e-03
4.801710517170888412e-03
5.357110234425968218e-03
4.002078605880561059e-03
4.786231909304192872e-03
5.568483210317139512e-03
5.453738830214548659e-03
5.195526180568468821e-03
5.624833207162476499e-03
3.207617912931807688e-03
5.546946272544204734e-03
4.921009382901917265e-03
4.314595211574567823e-03
5.666085872856559992e-03
4.227556258049018287e-03
4.597068750490267315e-03
5.314084097633154334e-03
5.818762366275713645e-03
4.154119106162920856e-03
4.373897173478852665e-03
5.074261664951383935e-03
4.400379552784858088e-03
5.768069539726738797e-03
4.401777495954648824e-03
4.429935220266204010e-03
4.133570952502206054e-03
3.915581357635136359e-03
5.806964795691329194e-03
5.272354083333910882e-03
3.843214639237056262e-03
4.062496588512688744e-03
4.550553593094644293e-03
5.149413853348847568e-03
4.369066455446620964e-03
5.715245013173738883e-03
6.433535284856834943e-03
5.341510025532181238e-03
4.941244738825467837e-03
5.649633219296034715e-03
7.150339395058231268e-03
4.710673005705835401e-03
4.717559012619544807e-03
3.447088485053329595e-03
5.738387389946724391e-03
5.124021899295497749e-03
4.554558743953744313e-03
3.383176145689401840e-03
4.943499578463249160e-03
5.338662277816659529e-03
4.907540883271846455e-03
4.793738244508773116e-03
4.604049530895978036e-03
5.576404333033455930e-03
4.397106712583027759e-03
4.624646126646476778e-03
5.095364650854492493e-03
4.419178869238997789e-03
4.773684023567764320e-03
4.955824615404460197e-03
4.844151124839495177e-03
4.522740026796930914e-03
4.556677798223104231e-03
5.019795051461216871e-03
5.252731893357106240e-03
4.497005430871975351e-03
5.401283272641666834e-03
4.662731190008716914e-03
3.464941327740246862e-03
4.092025154960164494e-03
4.002810479955364389e-03
4.468999883686658979e-03
6.301605714339803509e-03
5.122335613719023080e-03
5.153781466333968476e-03
5.740788703118188813e-03
5.329520505982936023e-03
5.049912846872631200e-03
4.517610464773710865e-03
3.991892173330043384e-03
5.019869124223939015e-03
6.179046663636766738e-03
4.772353063642299775e-03
4.140435612389171960e-03
4.412629147358445268e-03
4.738996124401618007e-03
4.812707801476415019e-03
4.533603553295055370e-03
5.248679180025494530e-03
5.700052246969329259e-03
3.870999345821244005e-03
4.978552658734464349e-03
4.059974234144136419e-03
4.865870760439588473e-03
4.734893030874640953e-03
3.652843089568823080e-03
4.644068528602400894e-03
4.385412427205017012e-03
4.642700801537265852e-03
5.971679854557754991e-03
5.331880472994214755e-03
5.042493757134541149e-03
5.009445074088294918e-03
5.608617051226895758e-03
4.679663628849187705e-03
4.740575583388762122e-03
4.666683941771051364e-03
4.370169944257860407e-03
5.344890664110840683e-03
4.937391931207147158e-03
4.800017224720398712e-03
4.441071250118177466e-03
5.777486701459827803e-03
4.891128998166040937e-03
4.289506134377918736e-03
5.674623147951690129e-03
3.198237298118542481e-03
4.446620873612549575e-03
6.016988431995890473e-03
3.691851379165749045e-03
5.052434698805063906e-03
3.661770780659697432e-03
4.571563172941561087e-03
5.200396364235730477e-03
3.801619634833441029e-03
4.267883128044569832e-03
5.597329701582717115e-03
5.180815607806802357e-03
5.235001603243819024e-03
4.714370376811953013e-03
5.028329665375393456e-03
5.239217852000158798e-03
5.270902164147167265e-03
3.401357746359072020e-03
4.445558240360768243e-03
5.272758181395870332e-03
4.448909640750156949e-03
5.127050442551728086e-03
5.533240243003542669e-03
5.368685050058572515e-03
4.745498787443232051e-03
5.097419060901962895e-03
4.819421036833915206e-03
4.919169936595644936e-03
6.290971926364563420e-03
5.074218491316235223e-03
5.712099434686840338e-03
5.939716177597021557e-03
3.894142416996460108e-03
4.731322382681601296e-03
3.774292651555670366e-03
4.632575806965548090e-03
5.501966093881155082e-03
6.359875174845628504e-03
4.530592283805938772e-03
6.493329315087450863e-03
4.927818541450122193e-03
4.355270677825566136e-03
4.820990094034964535e-03
5.472461545352744379e-03
5.538791447147196380e-03
3.119015174785008671e-03
4.598890087529061699e-03
4.497598145897126198e-03
3.391078953842008043e-03
4.258544687426451224e-03
4.952361639756894772e-03
5.540004235536561024e-03
4.653943753920927219e-03
4.463008769411788701e-03
4.210192063453795791e-03
4.817130373704629938e-03
3.951533291444066925e-03
5.131304385770073598e-03
4.709432090161975483e-03
3.635093924282262971e-03
4.184313609082958817e-03
6.067276096782865495e-03
4.902615751982252433e-03
3.704119232580346983e-03
5.117640629398861711e-03
3.855049270515281765e-03
4.029873574140362645e-03
3.901628293135540448e-03
5.219875841696260989e-03
4.122239635845057794e-03
4.596158070022148164e-03
4.581368078101753956e-03
5.331599430094558292e-03
4.403498131313170021e-03
4.583946684003287371e-03
4.843152308371867845e-03
4.220999333740950259e-03
2.915500490401524633e-03
4.176604501095907383e-03
4.488715811320372756e-03
4.574322537201189372e-03
6.359440654131813878e-03
4.132527434252786930e-03
5.043729455145941169e-03
4.597313681416126223e-03
4.929822616122204841e-03
4.745813521146420924e-03
5.459367234349448393e-03
5.713204770124652790e-03
4.184340210974296995e-03
4.580407088245653721e-03
5.448734559343445041e-03
4.468817727704994282e-03
4.839906893276892282e-03
5.068428017915220345e-03
4.309592498990685687e-03
6.104817964127578350e-03
4.524456169620219396e-03
3.948500334506821301e-03
3.737993231864694330e-03
5.337963162280857411e-03
5.449589041738188769e-03
4.322173721933746625e-03
2.755385179276449541e-03
4.575079517457632423e-03
3.879384543086436977e-03
4.648399687952993291e-03
5.141649596032892185e-03
5.437792568512534244e-03
4.702917437114769762e-03
4.359164090661256721e-03
4.956610711243958009e-03
4.252186397070117918e-03
3.876474802677928010e-03
5.136041030883448620e-03
4.210191256450768887e-03
4.661456306533346035e-03
5.546723376455953147e-03
3.320830747981492158e-03
4.240683617530279816e-03
3.714838600357527835e-03
4.146310655130788433e-03
4.504750813837108889e-03
4.243590295491725048e-03
3.704499271400862707e-03
5.311195084037677316e-03
4.403251173353400598e-03
4.102353393742316084e-03
4.739366367383362512e-03
4.815914339526720239e-03
5.004757584144950595e-03
4.768727729323828275e-03
5.146783777111153466e-03
4.400482794870372479e-03
3.805436420275490339e-03
3.767058614698354929e-03
4.114259521272343317e-03
3.901220880801402249e-03
3.469118360141671895e-03
4.466544570294989427e-03
4.296217656346476045e-03
5.247520775759836019e-03
4.528153111722081278e-03
3.661465447214190625e-03
4.031872575113729790e-03
5.672173641080102170e-03
3.681176374493190344e-03
4.985503349056133460e-03
3.211487650394855876e-03
4.275825207285378557e-03
5.631198500512635263e-03
3.969823358829956995e-03
5.076798929912984711e-03
3.767853549405366514e-03
4.181843668882733248e-03
4.034789980809589359e-03
5.430329427782643742e-03
4.071980350318141900e-03
4.187757181679736644e-03
4.317198247901552106e-03
4.414102851892402583e-03
5.361597764444981339e-03
4.454046861690558884e-03
4.608256794932493773e-03
4.007539872129180572e-03
4.655128897298166889e-03
4.813152164471001283e-03
4.722177015098169388e-03
4.055055927493109343e-03
4.367571977241341448e-03
6.122853406316205657e-03
3.743862299923852392e-03
4.968040503121600761e-03
3.735858593995758283e-03
4.396037331967157964e-03
5.032987527385283932e-03
4.397719320371103364e-03
4.545349414590682709e-03
4.778576182267765642e-03
5.288674150625803649e-03
4.093761777555029492e-03
5.143666259902795329e-03
4.241636324943943298e-03
3.876411199813866587e-03
4.984084011071721401e-03
5.968592722168389320e-03
4.458777154571590476e-03
5.628089149451380273e-03
5.332469430228700159e-03
4.853759573335602109e-03
4.282729188903317344e-03
5.053815167850081620e-03
4.272219018679058143e-03
4.939130578106649266e-03
4.213693530825840007e-03
5.071142217525968429e-03
4.032851989007793687e-03
3.761759388687472769e-03
3.788611417426840378e-03
4.109290077967880234e-03
3.434709391004365370e-03
4.799120185431483138e-03
4.126543946722059999e-03
4.745675049374660157e-03
5.384714041494117684e-03
5.018699574896062776e-03
4.286126370154697170e-03
5.436263287554791816e-03
3.965783802907739061e-03
5.119540241712347735e-03
4.872100326887133549e-03
4.359341563353351899e-03
3.169809682044348077e-03
4.589666682705518044e-03
5.287142558776571771e-03
4.610788300764430934e-03
3.525151757011770349e-03
3.776652733001041075e-03
4.749928069417929354e-03
4.074378680216660803e-03
3.998264650085261301e-03
4.308939554092605477e-03
5.309564121769172994e-03
4.851195716146030484e-03
4.545132929627338988e-03
4.010924080857790862e-03
3.837733831431295629e-03
4.076132453725666085e-03
4.360716379145249642e-03
4.127222138224043158e-03
4.770853921502667822e-03
4.388729284814537474e-03
5.354958911121126403e-03
5.827479321960883293e-03
5.064437111741970469e-03
5.007107238188355548e-03
3.829454491172312822e-03
4.293325969944868092e-03
3.328750555980907692e-03
4.915893165333683548e-03
4.484550533039255438e-03
3.538457390909876578e-03
4.585339938016765732e-03
4.949148660518425981e-03
4.039925541964434902e-03
4.756236181657564482e-03
4.187407112739992450e-03
3.284119814979844735e-03
4.617416308585749023e-03
5.839712609139771984e-03
4.327360277841720698e-03
3.666485955239761133e-03
3.831133378027210250e-03
4.455471756453052018e-03
4.705441123582401568e-03
3.688107694010737698e-03
4.863200954142962371e-03
4.376097768453296455e-03
5.405408112868667972e-03
4.819547988600393802e-03
3.391008457804845725e-03
4.622055401852051548e-03
5.853074759244865539e-03
5.006366063638467701e-03
4.003549984793066015e-03
4.933123291985147194e-03
3.625389724898928773e-03
4.311925109884898362e-03
4.310604922885317644e-03
5.299198757280477665e-03
3.967637895234143314e-03
4.440616427399041166e-03
5.104905487071123744e-03
4.066379234726077291e-03
4.205088487365246305e-03
5.005568421313721060e-03
5.633623209864616933e-03
4.275654405762412645e-03
4.231806650711680134e-03
4.790983587004494018e-03
6.019950295994663282e-03
4.426458736622644261e-03
4.216186624186813586e-03
4.536320260102242631e-03
4.250750531560563115e-03
3.966070698778124265e-03
5.522118511191206024e-03
3.755549697480624425e-03
3.927867001445657646e-03
4.348974953800183174e-03
5.541874771415489231e-03
4.944738161833557577e-03
4.437197967251230862e-03
3.802746097268760832e-03
4.238690035969016646e-03
3.996019028237643954e-03
5.314286249972845037e-03
3.860860539919858201e-03
4.041638295564090738e-03
3.730222421718142663e-03
4.292581531257719414e-03
3.436408721532841024e-03
4.946197790170862169e-03
4.648584212159275267e-03
3.526566913570178784e-03
4.838498506396646942e-03
3.596201835495385808e-03
4.161095095983943955e-03
5.772853597718507167e-03
3.845068214715881456e-03
4.024408180395080102e-03
5.247372767744657059e-03
3.429829305822106478e-03
3.981209940493323288e-03
3.662513306680509600e-03
4.354544494909088660e-03
4.364264626592962056e-03
4.833907804694351218e-03
4.978990653540602690e-03
4.719185403658330592e-03
4.926451576856632000e-03
4.230068628614906678e-03
4.044536106405467388e-03
3.249422794106860638e-03
3.734808658518338001e-03
4.607092097645898443e-03
5.270990490241855495e-03
5.195839707648250601e-03
3.720852029282228739e-03
5.142375985580565322e-03
4.793485505243284817e-03
3.533134358593289018e-03
5.547949728058680120e-03
5.558008851250861165e-03
5.154604635686108050e-03
3.976136980071578488e-03
4.319120915434175589e-03
4.616190729371708913e-03
4.819471472115932804e-03
4.964861268937833041e-03
4.458863483402108682e-03
4.599612613755485989e-03
3.756174010716865474e-03
3.691503152478114828e-03
3.826945936781872126e-03
4.863121713058245893e-03
4.196553291308315579e-03
3.642987346144688741e-03
3.958379031609676399e-03
4.521629602192591899e-03
3.615377527859348159e-03
3.839554136050771140e-03
4.001386423140380379e-03
4.694098386811298117e-03
4.103987358773228920e-03
4.218358121520060684e-03
4.724698031018694823e-03
4.430410848531195905e-03
3.975037698075517371e-03
2.935867036245473193e-03
3.583832148690436169e-03
4.044592791708604557e-03
4.207331926021915317e-03
4.036969443320977645e-03
4.098934969224503864e-03
3.086367003059086855e-03
4.173749856944105122e-03
4.316215832175871597e-03
4.889468503196952101e-03
4.261594598831234225e-03
4.440912893501674542e-03
4.139717829705926583e-03
3.716340005952519995e-03
4.398122599980627649e-03
4.086899286797066738e-03
3.106074168879772914e-03
3.845047625014517880e-03
4.458450817470964271e-03
4.060899151537607742e-03
3.286166750782299265e-03
4.209225613007655520e-03
4.536231842339103794e-03
3.455265960316138574e-03
4.540600299882943669e-03
5.015570577037545795e-03
4.572744091828552689e-03
4.127630820702400324e-03
3.725535036424546843e-03
3.723769131690399508e-03
5.210929865700562012e-03
4.210830677875205229e-03
4.055332168438167094e-03
3.840011168776348311e-03
5.041953390732862791e-03
4.278383053709176181e-03
3.720803655203619182e-03
4.001551944223064212e-03
4.420857022056418582e-03
3.973415426535437285e-03
4.734068768119472671e-03
3.863571367213296335e-03
4.531696427597172935e-03
3.790033614844792210e-03
3.289268246023028044e-03
3.419810888908812567e-03
4.393529553819543361e-03
3.160070984257029678e-03
4.520396073286752844e-03
4.329933438938450042e-03
3.121318752253469248e-03
4.682610023506846020e-03
5.243687097622247439e-03
3.225660782584574820e-03
5.397541797265313288e-03
3.852894580482127580e-03
4.813222599339945541e-03
4.586213604750177461e-03
4.438476486140771095e-03
4.768442465512297453e-03
5.108798531295168782e-03
5.345739774981678183e-03
5.063753823274705183e-03
3.816633991568080513e-03
4.366522486002290780e-03
4.246834019804809381e-03
3.793562903532213780e-03
4.537332581346647728e-03
3.711558746062226105e-03
4.627518445505412678e-03
5.574470300189044401e-03
4.331702133944678908e-03
4.452612527036911398e-03
4.254092691357837415e-03
2.844488632643563022e-03
4.372002348916535254e-03
3.788397665189396826e-03
4.718974263521447630e-03
4.821110230159511220e-03
4.269929251871343659e-03
3.291515607736790212e-03
5.499834681926787927e-03
4.919531848572264963e-03
5.011906692743507523e-03
4.238964256644757976e-03
4.050233508105555331e-03
4.338611205749679477e-03
4.800339350043896468e-03
4.888729302935016993e-03
3.923280574530089646e-03
4.806292953899797896e-03
4.758521948824240462e-03
3.803827138792703969e-03
4.051450127087042122e-03
3.821100848943531809e-03
5.250987258619358063e-03
3.478456720015556721e-03
4.812656048386760102e-03
4.588800635902842186e-03
4.455458998674144931e-03
4.698380305238806717e-03
4.794115568168948356e-03
4.809340962029422760e-03
4.101223144229487055e-03
5.926720547899283140e-03
3.988187520393265614e-03
5.613899438496610869e-03
5.027989853693777197e-03
4.477718904005062971e-03
4.929914107858854311e-03
4.837895673354843280e-03
3.870920656488429940e-03
4.457724862249515425e-03
3.800222253037477491e-03
2.947283348330435870e-03
3.765097354274466335e-03
3.898469124030568694e-03
4.521403856358753234e-03
4.850239297524049781e-03
4.166391186397277145e-03
4.266625377685380818e-03
4.890120525625726508e-03
3.442403403122712858e-03
4.127542338464272771e-03
5.268041870972700429e-03
4.641222284439661463e-03
3.510350864417198166e-03
3.830329767459016415e-03
3.640150597865238202e-03
3.029084990185857817e-03
4.672851922595949725e-03
3.823074073444435519e-03
4.983132609109871408e-03
3.287522115919433961e-03
3.694810032234656112e-03
4.435283686636357948e-03
3.545699566155480383e-03
3.587813509089503652e-03
4.495857618327679661e-03
3.872473911063648109e-03
5.665465721432812532e-03
4.579450906736851068e-03
4.207579046033023233e-03
4.608350638584001423e-03
4.444112195327738421e-03
3.775012200098094677e-03
4.551528719749764126e-03
4.552827459084556570e-03
4.269683514675506018e-03
4.049292604778151512e-03
4.304703628868431289e-03
3.950924804817432072e-03
4.087524983103235469e-03
3.784723817432605365e-03
3.687613352552157782e-03
4.983581092838167657e-03
5.164549816702005552e-03
4.171516853217191456e-03
4.952708668959271768e-03
4.706866669577025424e-03
5.537897358307241474e-03
5.015432247010286580e-03
4.625758210852996301e-03
4.084496573082132924e-03
4.392375717215245973e-03
5.296128049796132269e-03
3.457625734464752666e-03
3.835629009272930635e-03
3.877077680201167133e-03
4.938176139697692500e-03
4.434027631683965659e-03
4.465758157906826731e-03
4.105197155714484375e-03
4.621500432023101929e-03
2.977125615748873067e-03
3.802333280842036447e-03
4.923107495546710788e-03
4.647127060309763288e-03
3.786341538876406964e-03
4.242775880142444014e-03
4.617267445312992630e-03
4.321601705955620785e-03
4.426148223356521187e-03
4.008505202907268125e-03
4.061582147520686852e-03
4.125251694944935717e-03
5.070176354360467208e-03
4.796924816016266864e-03
4.520356034756885417e-03
5.699178638762055459e-03
3.723525046876735231e-03
3.967517530182864890e-03
3.717966880995035237e-03
3.978503725163928459e-03
4.169885623334477695e-03
3.646567813018190829e-03
4.965658792457817647e-03
3.501568584583918207e-03
4.757554732442534351e-03
4.082459384085281029e-03
4.338684313449073758e-03
3.325884982951567235e-03
4.414839501469234456e-03
4.727979569847172263e-03
3.787364632686515686e-03
4.251852403005263251e-03
4.815567523402446148e-03
4.749375696261896353e-03
3.717981633651328433e-03
5.257676729887797960e-03
3.978867536461997735e-03
3.529610127185563596e-03
4.395789257588623815e-03
4.672163796910387516e-03
4.543675119205469771e-03
3.452473795219686715e-03
5.327725075052802683e-03
3.595745438080502447e-03
4.954363475523995003e-03
3.597077870134804661e-03
4.365218795962126641e-03
5.674332082547388877e-03
5.622349650958112510e-03
5.172270650403634241e-03
3.927034861186133943e-03
4.179360254242733656e-03
3.391291358242674511e-03
4.768079869960612817e-03
3.945271492183901468e-03
3.386978381871739649e-03
4.409012530541527725e-03
4.010384320754087004e-03
4.975546504730458779e-03
3.672260118703560543e-03
4.945620909793948042e-03
4.707507422956495012e-03
4.418675286356541290e-03
3.420029417294933628e-03
4.872292607695622411e-03
3.746395439941342491e-03
4.116710948195763213e-03
4.987308675285429330e-03
4.106091438938278167e-03
4.237736528040453136e-03
4.863490714878002975e-03
4.410188818391216556e-03
4.368469198458895843e-03
3.583524652085739830e-03
4.183690316858930044e-03
4.108432311770091050e-03
3.874502569171969259e-03
4.645657511519122283e-03
4.651885375030515024e-03
4.811419716857451810e-03
3.969994611928908713e-03
4.299824145110580503e-03
3.562471635875624505e-03
4.238762999551855433e-03
5.055685475815942936e-03
4.496727163146968867e-03
4.093510980551325756e-03
4.203043294455518185e-03
4.373096714199805994e-03
5.110986164112891333e-03
4.495721734993891536e-03
4.430597483704620289e-03
3.745623168366549443e-03
4.838711009108041458e-03
4.213943005516597971e-03
3.924447135083703950e-03
4.872177261743843718e-03
4.919763976667228603e-03
4.377541367410214650e-03
3.613294200078919546e-03
4.530220701903567987e-03
4.118836689650151942e-03
4.496466687599860908e-03
3.481869928350463193e-03
4.234597515128979937e-03
3.189477798088229208e-03
4.104149391728106194e-03
3.692603027965406497e-03
4.556866596476466871e-03
5.354642341774250996e-03
4.339356018492545111e-03
3.819236240449177221e-03
4.779848826340416836e-03
4.226971783584159738e-03
4.807512197794489885e-03
3.809274058562458782e-03
3.982717316266360524e-03
3.608326472630388627e-03
4.195541902030790887e-03
4.380631812827690853e-03
4.326806732257497574e-03
3.927336403932247914e-03
4.578205920832663714e-03
4.565569405121092279e-03
4.478892017182336226e-03
3.834614213295283423e-03
3.581316720503492559e-03
3.536091637608773392e-03
3.048369931475375123e-03
5.064419014916123583e-03
3.185446764796282058e-03
3.740471967538317247e-03
4.591854141031272846e-03
4.338627551352384169e-03
4.772401414945644585e-03
3.880776009648543527e-03
5.252934490681067728e-03
4.561157999398053609e-03
4.563416947565857203e-03
4.045324556279681488e-03
3.977630765900823026e-03
5.011781826150541949e-03
4.435228915126218120e-03
4.547954918446716135e-03
5.078456711089623238e-03
4.844156762998724601e-03
3.935567146495511093e-03
4.510689691413220098e-03
3.610571717438025140e-03
3.846123025809894923e-03
4.518356299674799147e-03
4.909057040177310788e-03
3.910573407367667030e-03
5.277354093960387807e-03
5.498497564443934928e-03
4.599872443234897211e-03
3.654273121144029687e-03
4.463358567889402773e-03
3.943879279477684012e-03
3.486679363105643116e-03
4.024503906872673765e-03
4.294626077617749206e-03
3.076019265525469816e-03
3.883481705356432376e-03
3.998952005698760970e-03
4.789381128428670149e-03
4.021969833114284396e-03
4.416781848867875997e-03
3.649904917271726713e-03
3.414274429125810102e-03
4.374804671679998445e-03
4.449509216467657097e-03
5.037883149903181826e-03
4.925547803434694380e-03
4.469322285110573570e-03
3.562337932590259847e-03
4.904560070536961337e-03
4.245836029667767603e-03
3.705689243183307984e-03
4.837918334312175245e-03
4.710287873313742137e-03
4.040218367080327007e-03
4.833383157587887308e-03
3.770774993696855443e-03
3.988030216715438177e-03
4.329495005220844635e-03
4.056387174474522343e-03
3.256781431406454222e-03
3.428678585623358942e-03
3.981883274002053115e-03
3.796881210615835750e-03
4.352148392815420076e-03
4.581510375351273943e-03
5.001422537516396136e-03
3.295399485977069422e-03
3.097601006862168126e-03
3.672644078958267090e-03
4.334873557738662918e-03
4.703105071149338116e-03
4.522931801817945373e-03
4.937920127309392351e-03
4.129033822676526563e-03
5.390863163468657959e-03
4.267964215424954744e-03
4.331023824096011735e-03
4.576813505352248651e-03
4.078236389128381267e-03
5.006348630237516563e-03
3.694027431438510253e-03
5.343719511141513910e-03
4.382791371199832621e-03
3.970151653854139991e-03
4.440683317307966317e-03
3.690220813235810422e-03
3.667850299950987936e-03
3.059147921404031540e-03
3.981042732656680724e-03
2.783010712068322099e-03
4.815803006362653037e-03
3.628128393775825744e-03
2.989960872839244298e-03
3.278815710398837440e-03
4.126159934422748282e-03
4.187059567159487697e-03
3.831357410313296439e-03
3.917964832030261871e-03
4.228105167977707496e-03
4.567470758248562586e-03
4.068805266776281612e-03
3.795377333822353826e-03
3.733450704734778917e-03
3.695861974669442315e-03
3.677669295650992567e-03
4.275267439753073495e-03
4.416141584350240235e-03
3.951871901595511820e-03
3.643039184892885984e-03
4.560985713008037200e-03
5.141697544331363598e-03
4.365017615333551156e-03
4.195077545665464383e-03
3.890239171548978778e-03
4.027952974638216062e-03
3.997667843198327887e-03
3.341966040399891365e-03
4.095352303435910966e-03
3.510320992221378344e-03
4.265678984515278507e-03
3.341137420165170551e-03
4.493462263928751400e-03
4.002491219260996894e-03
4.060080410137119344e-03
5.030654791002265279e-03
3.782567662780938773e-03
4.515614251719864830e-03
5.224831226277946994e-03
3.673264146909781952e-03
4.484135007376788620e-03
5.052379517109352805e-03
3.686163451081703787e-03
4.359156905676109077e-03
3.988151351569281175e-03
3.781041503770087020e-03
4.663163589302995841e-03
4.122665808077163527e-03
5.235092388635756606e-03
4.237123979528196159e-03
4.815241714846447280e-03
4.535273779272888661e-03
5.181876834769605193e-03
3.851068120754481093e-03
4.635210894497058740e-03
4.979761747974536558e-03
3.430995215954301802e-03
4.184327433954015789e-03
3.999547149675721468e-03
3.861536712012603005e-03
4.157600135526811139e-03
5.020984464715155283e-03
5.005654054841148989e-03
3.837015387355942504e-03
4.403720136770760372e-03
3.780567329240220025e-03
3.596097255544486535e-03
4.749799419164558827e-03
5.043298712219858489e-03
4.410515472067054986e-03
3.838638686426043296e-03
5.241432187243345690e-03
4.599483560716063554e-03
3.280940305377092522e-03
4.394791118540949948e-03
4.876928357458828155e-03
4.217464420668283823e-03
4.126982251502561358e-03
3.756977674598441230e-03
4.306352635149826233e-03
4.214026477169534844e-03
3.356114411111601678e-03
5.056115177145916774e-03
4.095887659592800829e-03
3.790260133111570534e-03
4.197395659711837708e-03
3.721266433990690157e-03
3.774710512236096986e-03
4.875176689020824065e-03
4.537853534493796991e-03
3.679859716166662600e-03
4.662620720163724794e-03
3.629596744817345944e-03
4.450361174839105767e-03
4.152098273925508044e-03
3.553694891464598358e-03
4.190693047917692926e-03
4.011191055740257784e-03
4.720334336887409971e-03
4.727527706591453348e-03
4.366975496784905250e-03
4.711289855828219506e-03
3.541585923913326793e-03
5.161935099058352974e-03
3.446794603330997561e-03
4.363151174350419527e-03
3.890215554612668544e-03
4.433421735098737847e-03
3.839262248285923908e-03
4.597253361270207256e-03
3.681485481385627506e-03
4.517987033885667927e-03
4.240360280372265644e-03
4.490034742842041737e-03
4.764272009619781485e-03
3.585933987594191671e-03
4.335669469833790257e-03
4.221593208633042313e-03
4.081488946714129269e-03
5.199804809619570749e-03
3.741235769850756367e-03
3.564913263305482735e-03
5.132272180418236997e-03
3.419747483999921629e-03
3.807602948095748386e-03
4.441219713279864582e-03
4.653386583201435736e-03
5.266511699080834649e-03
3.565834309105497205e-03
3.786051417386545378e-03
3.806079700142750172e-03
4.309119457697947395e-03
4.459477998801648913e-03
3.630080894226637989e-03
3.908528514834609495e-03
4.114221235570605061e-03
4.451862501130495614e-03
3.203913068823935340e-03
4.525206790127501988e-03
3.919007660679998083e-03
3.996684660420544988e-03
4.789497915103153175e-03
3.429397270270863676e-03
4.765480176994261151e-03
4.087622143075945146e-03
4.719859606863471661e-03
4.467092342550521566e-03
4.279634712357216660e-03
4.316921490509390523e-03
3.313159771298652533e-03
4.578797967643823477e-03
4.826809958602871174e-03
4.715840049488853776e-03
3.887856006134858110e-03
4.218215885573506872e-03
3.262453647722335631e-03
4.533476522548190307e-03
3.613764718723161060e-03
3.569008507760742122e-03
4.635002461536835705e-03
4.256408580405084824e-03
4.009547605464260783e-03
3.951453086784881968e-03
4.051057174524903479e-03
3.976345658908149450e-03
4.191508442897407156e-03
4.461636165135481405e-03
4.330854578976615216e-03
4.356068644662653387e-03
4.859663632145279008e-03
3.960113420011506825e-03
3.633925747387041667e-03
4.863919353468597676e-03
3.960122543472350404e-03
3.147407994100923177e-03
4.281023841424567294e-03
3.642116550444453836e-03
4.203524056306570666e-03
4.550619920164635998e-03
3.927478566697012105e-03
3.986209567125974761e-03
3.937069598821479020e-03
3.901598013757413656e-03
3.237601224831583580e-03
3.722609000986308245e-03
5.191281892198235277e-03
3.088658650832272392e-03
3.919318573646787818e-03
4.098096098492731189e-03
3.921970636014121027e-03
4.468192951763561363e-03
4.302720434145488985e-03
4.336270057697085532e-03
4.694868177932111364e-03
2.803977322705313458e-03
4.555211783886473076e-03
3.675339547763546450e-03
5.069882676129534686e-03
5.197723486426742215e-03
4.110398552071064561e-03
4.081323691566424335e-03
4.021514758055800762e-03
3.661562531707057006e-03
5.189423275264413993e-03
4.282400233354275582e-03
4.663375229493772929e-03
3.883828158261256290e-03
4.308671386541954723e-03
4.414232622253678844e-03
3.114730170428030211e-03
3.569661855300667978e-03
4.289094844841191169e-03
4.138642803767840148e-03
4.890867909115251093e-03
3.755722132907325303e-03
5.021534476164216804e-03
2.788867110592138741e-03
3.235731892769971602e-03
3.761500115476825671e-03
4.198726072629528974e-03
4.654213821773214507e-03
4.252106435204866357e-03
4.954927130504771515e-03
3.884075757957598015e-03
3.450588249977230414e-03
4.152922941700415427e-03
4.181609566743305258e-03
4.121015169259696978e-03
3.074721027492991702e-03
4.108170712097179364e-03
3.666820805313614293e-03
4.285517485177576906e-03
4.121132402068612352e-03
4.560629773192253350e-03
4.284709499352773801e-03
3.851219061174580502e-03
4.109974483666781718e-03
4.758118500995339381e-03
4.627908286864251125e-03
3.774962392819644630e-03
4.358922736185014309e-03
3.708992444050881500e-03
4.148887036197527155e-03
3.437150562568123957e-03
3.709569634038416622e-03
3.632556748802091406e-03
4.787330631718374890e-03
4.948014648013274695e-03
4.406705728211981511e-03
4.642899599681360803e-03
3.762908857885798562e-03
4.915437315583867997e-03
4.245814723844768511e-03
4.203654929781471677e-03
3.470506659308392975e-03
3.765838089056241633e-03
4.706866566642185085e-03
5.178747272105068550e-03
4.235110315891986443e-03
3.850605886535059339e-03
3.851861233461164723e-03
3.925076809814987203e-03
4.416020825249374580e-03
5.070228612569276094e-03
4.247345898823478780e-03
3.948096835424835978e-03
4.941879572242058143e-03
4.227023750629683302e-03
4.949862595688097992e-03
4.591060193259567310e-03
4.397216215494041680e-03
3.395329558053333027e-03
4.883311857245605653e-03
4.080991541601228234e-03
5.124574968469497969e-03
4.920192100456215710e-03
3.972511769477520514e-03
4.413116211001548612e-03
3.076355631593734145e-03
4.245902150158684281e-03
4.204782801886178777e-03
4.617146917080035100e-03
3.573308777039507691e-03
4.888804311773750980e-03
4.682065089244756562e-03
4.226335699139278923e-03
5.328796923030157742e-03
4.353461418144063955e-03
4.351214252047263219e-03
4.485032999313864205e-03
4.369488515255796728e-03
4.409855092031530685e-03
4.154169551791086004e-03
3.345331288319550525e-03
3.881696821183039988e-03
4.893905976739711290e-03
4.116488090974250447e-03
3.603576305924565890e-03
4.911352060884690424e-03
4.109605478176100828e-03
3.899937157986559620e-03
3.808947656861598127e-03
3.395372660226515186e-03
3.949805464658694143e-03
3.956877001038354436e-03
3.252285686594863154e-03
3.193651267039937080e-03
4.165647622752698120e-03
4.258876481643135946e-03
4.150915704274281935e-03
5.193790183535397162e-03
3.900844510759151219e-03
4.119736309926690793e-03
3.924310407667532842e-03
5.107118927953086668e-03
3.839498109941400818e-03
3.799755208452884007e-03
3.912343349774165778e-03
3.403893378720553899e-03
4.399516528547253724e-03
4.261499314037029210e-03
3.872301474148658572e-03
3.803239099809503469e-03
3.908289361753609394e-03
3.068362576755288319e-03
2.795680009668250615e-03
4.542388209919630791e-03
3.898409861531009109e-03
3.712376537845475926e-03
4.752857488163181841e-03
4.704996348335907345e-03
4.350904824223926146e-03
4.219592549480938488e-03
4.472138904630497749e-03
4.545744308075036835e-03
3.464418523420227658e-03
3.761123777502197070e-03
3.494380108454508450e-03
3.193533710217880302e-03
4.404733733278785000e-03
4.101500196158948570e-03
3.399580209139026546e-03
4.083890354744173883e-03
3.765069202612188540e-03
3.629748689917993744e-03
4.218044626357914974e-03
4.887663232378043447e-03
3.984080625445615524e-03
4.111857979972835531e-03
3.468222699254539659e-03
3.654587704175880740e-03
4.167107562022663407e-03
3.954202825230785159e-03
4.117099123719403578e-03
3.971856994449489940e-03
5.071550372699061039e-03
4.259740453920072244e-03
4.714176335845166391e-03
4.951842561651309364e-03
3.386405229381759564e-03
3.845877458550817259e-03
4.070541831441483807e-03
3.917254247156581014e-03
4.541595633752650019e-03
4.773248210165732808e-03
4.563816405192381437e-03
4.458970940552062917e-03
4.552094198998387665e-03
4.660604863664914374e-03
4.126451943971222967e-03
3.962961361103151808e-03
4.189076636820825150e-03
3.507086585310848371e-03
3.889787802184979052e-03
4.192767435082942785e-03
4.102851332067201234e-03
4.279174769126503977e-03
3.448306401032963289e-03
3.980812714053591668e-03
3.003654236099042359e-03
3.963842226713008149e-03
3.508695662933714477e-03
4.153740209112787365e-03
3.378269340989536237e-03
4.532233593218358211e-03
4.770963783438646015e-03
3.510000813030462932e-03
3.447003714534585279e-03
3.959217947233273707e-03
4.079098615433057566e-03
3.901728471866799247e-03
5.015954683989007346e-03
4.353287334380622105e-03
3.965147331641391895e-03
3.501868224390958066e-03
5.169202827752362658e-03
4.083751794275168254e-03
4.395144796171467430e-03
4.171001872118045017e-03
4.193426535666046340e-03
4.564779058924748473e-03
4.270825637866856352e-03
3.821275028637859290e-03
4.209988907381488968e-03
4.138363678917155938e-03
3.929802449307356546e-03
3.895734811705615572e-03
4.294383930433911048e-03
3.982827761455135472e-03
3.832496154561343231e-03
3.787631493605417028e-03
4.270123669066561503e-03
3.761760764249573192e-03
3.704651947636385372e-03
4.027090400519939793e-03
5.022397941506497390e-03
4.574859563040733525e-03
3.837488027222834240e-03
3.706079295805626665e-03
4.069128747741248241e-03
4.396432625777263806e-03
4.614706884668686067e-03
4.370013418313708174e-03
5.030051493064745076e-03
3.963198978377715023e-03
3.886707611010780695e-03
3.119597963519497689e-03
4.388561624274012717e-03
3.603434532758511329e-03
4.911776869204640197e-03
3.820606908270763984e-03
3.659723016856082645e-03
4.598147732039666209e-03
3.732683078845813220e-03
4.051761944954056054e-03
4.344446704458403141e-03
3.362993144513045946e-03
3.762967964462599502e-03
4.330365284209130271e-03
3.617154003974564196e-03
4.683365020399414894e-03
3.643734253194303233e-03
3.727641998155290914e-03
4.557644641517510573e-03
3.968418953167567910e-03
4.454481160082115684e-03
3.649149034856517815e-03
4.300155174033913098e-03
4.713163420832951200e-03
4.059726032066821033e-03
4.539350437705150058e-03
4.992611553940262681e-03
3.898517768244203711e-03
4.622004923438022966e-03
4.033618039103988376e-03
3.893637680608208820e-03
3.488140963234105142e-03
3.935290156104040427e-03
3.828446264651863464e-03
5.227144134240154991e-03
3.478559014008226428e-03
3.665160546607564972e-03
3.992008936302464395e-03
5.235659355875780380e-03
3.792589804020815927e-03
4.218511375871086301e-03
5.048048406060382659e-03
5.059432980965348006e-03
4.127334464186492059e-03
5.020493623013401290e-03
3.612133834592603371e-03
3.939106259438301949e-03
4.860975240477769660e-03
3.969022805264194736e-03
3.623530210823061939e-03
3.906744971365351191e-03
5.004835943629247670e-03
5.428725167752462659e-03
4.313882238484870527e-03
3.581674374127248681e-03
3.967636489009566426e-03
4.068999802133932420e-03
4.403255808152484185e-03
4.695093370767696069e-03
4.056309987309161640e-03
3.774907838398170856e-03
4.918793855590897907e-03
4.331211331111679483e-03
4.171832916097116886e-03
4.196837713092597261e-03
3.530670337772825410e-03
4.440414390863216959e-03
4.297569857560840263e-03
4.411298606942935276e-03
3.675088538155319752e-03
3.841601001430761803e-03
4.189604842155695424e-03
3.868682936493687743e-03
4.184065381627074393e-03
4.117893456067522363e-03
3.604602218989017611e-03
3.837758599361326337e-03
4.339256706285274726e-03
4.961598755538119271e-03
3.606706860421227210e-03
4.439477974234024016e-03
3.943882760015266983e-03
3.818147090673123124e-03
4.265170948745808897e-03
4.816295340941541443e-03
4.641616198841696031e-03
4.757533498796111607e-03
4.266154703510208722e-03
4.076535573944366046e-03
4.227008554431179767e-03
3.983302799159820114e-03
4.469349149766302723e-03
4.758389711081658854e-03
4.456527497530430107e-03
3.994416076865293409e-03
3.966487917304923304e-03
3.704455130797847107e-03
3.807580876464454044e-03
4.317196929306378085e-03
3.887107969430264685e-03
3.662396428741688907e-03
4.748100191479288912e-03
4.152380836385313224e-03
4.069096686401145468e-03
4.198548732548815741e-03
4.801687164843224803e-03
3.688702535758044132e-03
5.108200208698338365e-03
4.716208062651938704e-03
4.285593777187225034e-03
2.710659595355129157e-03
4.549377683498524554e-03
3.907889089533479916e-03
4.149113998945434464e-03
4.022632765744996869e-03
4.091721258759909753e-03
5.175047419498252435e-03
4.130786296478823269e-03
4.231177248127690298e-03
4.324919480459317282e-03
3.788262906812914395e-03
4.682094781637195433e-03
3.981207433506034517e-03
4.353878491329114808e-03
4.299360838865506906e-03
4.706123057015331249e-03
3.443755131878886017e-03
4.291152411638676605e-03
3.766496521163036591e-03
3.815956429673782353e-03
4.291975634685592234e-03
4.424809288211236161e-03
3.725538033480105433e-03
4.235051315033522799e-03
4.380872054535127347e-03
4.356211724987229562e-03
4.044895741240304987e-03
4.043350651432573925e-03
5.221917135532699178e-03
3.417052041311154000e-03
3.939576899555529213e-03
4.491231104228944962e-03
3.512469957968516413e-03
3.299998898752729091e-03
3.681199678859812998e-03
4.365592636063685833e-03
3.819682773157717561e-03
3.715966786218778684e-03
3.992541082477065600e-03
3.222816940295190977e-03
3.882172807682366441e-03
3.862925792293539929e-03
5.134749179310904750e-03
4.628754014439305335e-03
3.809628257475347699e-03
3.938442363674100714e-03
4.063099713610384897e-03
4.873281933634056491e-03
4.538307364697761678e-03
4.927912089205344071e-03
4.536262653613176710e-03
4.151671343560713739e-03
5.461852528464280696e-03
4.013025350281867673e-03
4.819379670435382061e-03
4.279701236864267254e-03
3.511467617060184520e-03
4.882370530748112586e-03
3.789935970394291750e-03
4.409626820953826444e-03
3.603203950569556797e-03
5.271981300453118351e-03
3.728987120120417099e-03
4.459368350024070504e-03
4.546432888704691859e-03
3.322801870332647758e-03
5.709382523700757932e-03
3.348510169171829611e-03
3.411151066094485207e-03
3.910802659723482989e-03
4.530788994920569544e-03
3.612126057489900219e-03
3.780583892428953773e-03
4.465233341230380633e-03
3.690251276638300670e-03
4.826903314489105340e-03
4.149424707654283777e-03
3.404288013871292241e-03
3.457884966421031353e-03
3.683867650964023095e-03
4.670427150898893640e-03
3.582726810725061356e-03
4.937476291430999663e-03
4.337664052028372685e-03
4.755541837709311055e-03
4.250341896617555737e-03
4.472449579805327750e-03
3.830896352858737756e-03
5.382543755984655134e-03
4.041466300587560553e-03
4.977703571404634535e-03
4.851166675957553458e-03
3.021550928982076178e-03
3.272621112135679945e-03
4.258307252464945888e-03
4.335703974245445382e-03
3.745765676091639997e-03
3.854974164780086872e-03
4.468170954719122810e-03
4.755298307842631411e-03
3.706554907546208248e-03
3.756732140629072229e-03
3.803454838212499359e-03
3.241435186348175148e-03
3.539556375885649989e-03
3.908553364843319125e-03
4.084829169773740096e-03
4.583378350584563915e-03
4.210897801874561447e-03
4.594546420014353726e-03
4.127811293493478112e-03
4.440753191796355248e-03
3.907024090005332441e-03
4.400010504044015933e-03
5.000168197854336360e-03
4.647069154094315632e-03
3.434959986816436741e-03
3.520925110300269622e-03
3.873145285617918352e-03
3.516641129432786575e-03
4.515925048047228149e-03
4.978650494516635369e-03
4.991229335419632845e-03
3.748168584111337496e-03
4.059619318446059874e-03
4.368750921116096829e-03
3.102702557674771964e-03
3.210254119937165727e-03
4.792130074102569914e-03
4.438914693941331882e-03
4.826812145423189752e-03
5.091876730645697111e-03
4.307566032782658184e-03
4.462755715508178421e-03
4.115454112284895084e-03
4.090136184308936461e-03
3.855631633230992804e-03
3.106070840930649606e-03
4.277227898268347490e-03
4.688840499066001741e-03
4.359687841190821971e-03
4.126178998584489714e-03
4.180701126243969480e-03
3.609638652713406410e-03
3.824370592366935131e-03
3.685922844667260511e-03
4.324010490929041002e-03
3.200252209450798503e-03
4.028322243143910367e-03
3.586502512946780196e-03
4.118802449556876501e-03
3.827781973257591858e-03
4.314335208792915988e-03
3.851913104694845887e-03
3.915801057761379884e-03
3.831868625971519837e-03
3.071014388988311562e-03
3.909017418391916472e-03
4.557603370919423129e-03
4.265734657080137888e-03
3.818319512845577343e-03
3.819026139760671457e-03
4.022705054774830188e-03
3.564186592220076367e-03
4.500758910284887934e-03
4.050234920741262526e-03
4.885963851155902815e-03
4.376147954213709286e-03
3.333132290419678692e-03
4.074124251969651889e-03
3.317960965647882843e-03
3.136795905190072585e-03
3.645074895691789284e-03
4.608340323277381259e-03
3.556689438670219104e-03
4.423450143649063776e-03
3.272310798557516616e-03
4.777553987292597858e-03
4.467924270910984472e-03
3.108804368224731690e-03
4.779085062678674507e-03
4.132311972133917259e-03
4.330547601951614985e-03
4.047335536324684312e-03
3.589112720109736802e-03
4.184823273741187545e-03
3.342663976274862659e-03
4.010202166622173561e-03
4.229805592508368434e-03
4.952930612719230741e-03
4.027611710138010413e-03
3.054044292707534542e-03
3.925879467434909530e-03
4.621270844261719801e-03
3.553946148304391005e-03
4.517849633646192804e-03
4.710391375877743397e-03
4.069275235907975248e-03
3.491659358203121066e-03
4.119299305534178564e-03
3.736621342445809422e-03
4.430397428312730750e-03
3.676054442165861431e-03
4.349333227840577500e-03
4.478660806479816715e-03
4.625071415206028110e-03
4.461331991561614738e-03
4.144364718196611765e-03
4.299165539709147790e-03
3.527057478020966669e-03
4.077093520882347187e-03
3.931137483309104889e-03
4.394697614559736794e-03
3.402569023219901949e-03
4.062110711016104353e-03
5.130053330114952605e-03
3.796270601835182411e-03
3.366756558395892288e-03
4.977377340833089026e-03
3.719807217741958466e-03
3.763686255062738753e-03
3.891447283171424812e-03
4.804047455850800341e-03
4.504098469376200016e-03
4.250249281780813307e-03
3.331480138167601437e-03
4.384141334335630615e-03
3.935309870928992669e-03
4.832893375989921921e-03
4.245572620132162175e-03
3.734349947432955962e-03
4.489763052700055171e-03
3.579473179107677157e-03
3.532273070482810830e-03
5.196261729191960048e-03
4.290762539346666335e-03
4.228628390846956263e-03
4.481916394205996690e-03
3.648851540043256906e-03
4.529964146094474231e-03
3.771969198403966449e-03
4.060965906519370568e-03
4.338752516165693060e-03
4.039980794818024204e-03
3.682873186737058244e-03
3.270071658505364215e-03
4.105618243394288346e-03
3.993475027376390887e-03
3.376453047036272626e-03
3.420812765204212565e-03
3.598955932907730703e-03
3.583363843541636715e-03
3.601982394936597415e-03
3.437449362427051017e-03
4.974512390231978186e-03
5.359755757633077704e-03
4.387469236959249709e-03
4.958479885233933043e-03
4.392044715531675907e-03
4.063165780674067584e-03
4.270341497767760584e-03
4.887127923328378823e-03
3.457638182835919439e-03
4.679795957636926837e-03
4.881948958815463327e-03
5.036648784529494660e-03
4.392295482414544129e-03
3.396749162354511468e-03
4.938938061258162961e-03
4.402901936945948641e-03
4.290013666231070819e-03
4.088421323232840736e-03
3.932964006194413636e-03
3.525133345469111824e-03
3.678628893158601091e-03
4.294039726649633189e-03
4.221304720981137147e-03
4.602841171265383696e-03
4.246085217618368775e-03
4.809066047800086667e-03
4.058053427673946438e-03
4.269253809582390473e-03
3.856514735771091312e-03
3.937286684700948627e-03
4.361084841218417288e-03
4.317757705377431136e-03
4.807835252789696180e-03
3.583250674527870688e-03
4.236086030010573038e-03
3.179015967864861486e-03
4.469036119598814374e-03
3.980133026868788726e-03
4.147551401843471014e-03
3.665470943622219091e-03
3.202819528706413697e-03
3.649766091684576632e-03
5.151414308010586647e-03
5.320212915930790792e-03
3.912944761930302502e-03
3.734782026586547059e-03
4.223931772725670122e-03
4.696096734751256663e-03
3.764925822224762363e-03
4.064755774675019202e-03
4.994687003680431218e-03
3.928211558321319762e-03
4.352886307942078342e-03
4.239890142849325749e-03
4.289672318538921385e-03
4.262031584848075677e-03
4.028359295376707921e-03
3.992801561928491401e-03
3.615009785885433310e-03
3.325463981751038828e-03
3.899958493807427484e-03
4.339795129173404202e-03
4.269920068107044275e-03
4.726525541489097135e-03
5.370747920029911998e-03
4.624136959706069867e-03
3.820004905668703769e-03
4.310396172284101241e-03
4.097458398473183272e-03
3.825027681382813828e-03
4.505719256586704184e-03
4.041068538788480935e-03
4.269294266057722595e-03
3.424780602057435688e-03
5.356191924133465662e-03
4.588983430082469242e-03
4.735392857050712244e-03
4.531800537190227088e-03
4.030234902965656833e-03
4.367382990966999813e-03
4.176800482662187605e-03
3.818659617206801582e-03
3.341996312369914079e-03
3.887283444843436884e-03
3.497157422810666123e-03
4.403897947230054309e-03
4.246568724322129229e-03
3.652443317731153896e-03
5.156055565515875981e-03
3.641825819083246117e-03
4.988875296128804891e-03
3.930846212682410738e-03
4.314022844807763497e-03
4.779094759539221672e-03
4.557042491576425262e-03
3.928485271602523247e-03
3.769544353898150041e-03
4.308992642526103707e-03
4.676911852486878574e-03
3.826822273392818056e-03
3.892845402057871183e-03
5.480478744817767790e-03
4.183339927587513205e-03
4.874885697404477726e-03
4.716597921656680986e-03
4.448604102933831697e-03
4.888835729932962393e-03
3.437299719804753125e-03
3.969757115991751767e-03
3.731687696351417526e-03
3.929429571725644166e-03
4.174277880486781250e-03
3.723770528076862565e-03
4.380485639148667086e-03
4.378329043891672663e-03
4.902660498340565519e-03
3.894656566610351766e-03
4.372770664008407068e-03
3.732103645759857549e-03
3.725394157904395216e-03
4.185735377374200789e-03
4.108559173829607301e-03
4.648538064663310099e-03
3.751442988427415668e-03
3.724208749572524395e-03
4.801795146545865915e-03
4.372531349334399763e-03
3.837536769632284885e-03
5.193426364781897515e-03
3.988820350261788016e-03
4.950295605897967605e-03
3.454276073420588667e-03
4.892248576475632937e-03
3.780644664813934477e-03
5.024196429050078322e-03
4.105599409318241334e-03
4.614801725568145468e-03
5.294635757286636837e-03
3.205094692650562686e-03
4.022444042466872920e-03
3.767058533301703357e-03
3.557682102220529295e-03
3.575851332616637474e-03
4.750961691209853836e-03
4.194778748344282944e-03
3.971404593274478582e-03
3.794212250095468572e-03
4.322763949147804922e-03
4.641716387307686514e-03
3.562238594176678035e-03
5.429559044595610659e-03
4.535159157049331417e-03
5.324712346777132725e-03
4.686723360288000233e-03
4.911095089651044271e-03
5.026943919273775888e-03
3.614553334618696850e-03
4.441293071883832023e-03
4.559297095991950849e-03
4.710256427369034597e-03
4.513107117371261724e-03
4.325899248559568130e-03
4.464126025746115861e-03
3.582306009949180314e-03
5.518691217366380151e-03
3.972946749636768228e-03
5.532134219697087962e-03
4.395351513178998894e-03
4.035160248841956031e-03
3.998525031407455799e-03
4.095242476315272620e-03
4.275137032037337227e-03
3.955157725766645510e-03
3.852114520938881240e-03
3.298746636383591193e-03
4.385359410826582954e-03
4.360170046502069574e-03
3.779412448439176640e-03
4.661201913926890129e-03
3.893372266077818177e-03
4.237547264939049360e-03
3.872968897988894252e-03
4.403791523089235771e-03
3.582286222470301359e-03
3.605926794573360850e-03
3.404430077456063221e-03
3.983814336583071762e-03
3.818138985864182825e-03
3.565977316942199171e-03
5.229938491901529006e-03
4.895638258525813503e-03
4.445953425240285577e-03
3.751377689002865796e-03
4.277159285829197112e-03
2.387405576155811424e-03
3.869694419614724823e-03
4.068552529429817280e-03
4.321945590551764388e-03
3.855757019210855584e-03
3.951597564743153553e-03
3.304873669612283429e-03
3.539679163429382443e-03
4.120839102070793063e-03
4.923152959179423471e-03
3.646262141330566548e-03
3.799967806180718551e-03
4.958938540994668742e-03
3.617693696449664383e-03
4.707817335624015984e-03
4.842920983241217302e-03
3.491674231104717561e-03
4.343798473697758379e-03
5.039348402953127380e-03
4.075862383993577795e-03
4.968793313611964517e-03
4.597325763307948295e-03
4.442692501781466026e-03
3.422591369165390533e-03
4.243932505379906066e-03
4.310932566734321757e-03
4.307245903770325415e-03
5.075178851618442066e-03
3.341552442459733586e-03
4.138596806136461866e-03
4.416933416475021627e-03
4.656558865183955606e-03
4.162204422193355874e-03
3.169843369033951280e-03
2.905456387596104788e-03
4.605098783240915879e-03
3.425270062676721676e-03
3.926584942261069841e-03
3.862020609470989164e-03
4.348368111183227580e-03
4.195541878290840777e-03
3.866602534208853168e-03
3.911032009712685567e-03
4.768694156946136180e-03
4.835026586621786818e-03
2.950501405685618684e-03
3.495878613252091476e-03
4.170775478657254287e-03
3.835656318773092779e-03
4.149898451864880537e-03
3.961281359077676104e-03
4.338065927082624534e-03
3.397592616681983750e-03
3.960204361356323491e-03
3.395963903605858647e-03
4.605803565204578780e-03
4.130646026273478155e-03
5.316164779584434293e-03
4.592299372920692797e-03
4.283611571367574450e-03
3.844080106165127190e-03
3.997740000164345595e-03
3.647664030492411228e-03
4.538861060095543062e-03
4.993635094630850639e-03
4.866176249036375558e-03
3.575054572496809326e-03
3.814918743851819158e-03
3.725091677328696855e-03
4.901605569509799414e-03
4.602330912428580570e-03
4.154248854223485492e-03
4.929026120950427171e-03
4.406052745107194406e-03
4.289766389005075960e-03
3.179135880342527642e-03
4.486032385013945245e-03
4.014503238440192932e-03
4.238878068694184632e-03
4.388776814296716476e-03
4.011826522705166931e-03
4.024464986666117031e-03
3.983866240454062013e-03
4.094640554862929993e-03
5.238495207191040497e-03
3.182679455647876958e-03
4.151707554438470102e-03
4.323765533478399724e-03
4.074073352560919799e-03
4.594267592080871279e-03
3.946258272380409257e-03
4.845810656177873196e-03
4.150120424802227447e-03
4.747789837159876666e-03
4.151368478860712266e-03
3.296136349916458947e-03
4.326597893624529144e-03
3.687209630021965907e-03
4.802825440184501846e-03
3.257950345404010423e-03
3.814665771122286754e-03
3.673469976840012478e-03
5.068257961427943825e-03
3.666626674420765414e-03
5.202843366824025546e-03
3.512381120456503029e-03
4.217417998510205289e-03
3.938477589862416847e-03
3.553833615228769137e-03
3.304751190346933397e-03
4.254305294095581114e-03
3.900021215785798127e-03
4.154745745932890595e-03
4.916323346005209947e-03
4.349719800871581880e-03
4.071034938059629391e-03
5.296070349495124625e-03
3.951553460401975235e-03
4.226170533709609940e-03
4.944528878433581201e-03
4.704433791868323569e-03
3.831091688573032370e-03
3.594277134190802456e-03
5.159358629145461596e-03
3.591525845088576301e-03
4.661307559026364213e-03
3.572566365427016014e-03
4.215751096910282103e-03
3.869116536331217420e-03
3.060426779674266760e-03
5.160792215609674195e-03
4.141425151096091162e-03
4.268843792457588729e-03
4.574398593251004230e-03
4.336498070136251236e-03
4.362010031351706320e-03
4.241578762098759288e-03
4.064539391696325374e-03
4.386051113542034467e-03
4.575553360193307904e-03
4.338331783640094613e-03
4.110479386532897919e-03
3.358480564713670416e-03
3.930223873633760870e-03
4.404802422296612806e-03
4.073577347303302537e-03
4.069344836422071274e-03
4.076834126732863453e-03
5.298868749655499984e-03
3.676783759118515751e-03
4.430462144553475555e-03
3.609973493905076387e-03
4.894157032802630945e-03
3.711150775459136006e-03
4.395864104402374094e-03
5.371131555069264332e-03
3.957645465949378126e-03
3.911230493111608753e-03
5.010334344135359934e-03
4.576217815379426783e-03
3.843055612912745465e-03
4.112842478893377444e-03
4.384932697369184340e-03
3.707468362743349902e-03
4.036009194774138782e-03
4.986394137222198777e-03
3.553983234896879867e-03
3.641962560169804530e-03
4.022351791758696331e-03
4.196390792771390564e-03
3.944518797378274676e-03
5.041704947723494451e-03
4.212813983986464506e-03
4.464280404209625130e-03
3.719237779774248014e-03
3.748836776793572790e-03
5.557055357683125286e-03
4.371617868296380494e-03
4.653143198651525127e-03
4.048655197795608847e-03
4.032627450053899096e-03
5.118787047244318343e-03
4.034699042237506125e-03
3.863655057430257726e-03
3.833008169205587637e-03
3.700732063805909321e-03
4.435424069795871650e-03
4.066725737173932341e-03
4.094408683393355695e-03
3.808738231845906937e-03
4.929899400778640917e-03
3.093975488831394310e-03
3.367576001846490138e-03
5.024930255589673926e-03
5.262891880112773903e-03
4.158673516468102543e-03
3.846150407821416831e-03
3.172446919757171673e-03
3.816556159191479471e-03
4.527578047296446258e-03
4.014591689883426073e-03
4.281215690561448843e-03
4.961660139019077181e-03
4.586889195053746836e-03
4.254075758385112913e-03
4.857905321942863029e-03
4.166264816122033053e-03
4.318239574287655383e-03
3.660975369457466263e-03
3.936382354638642660e-03
3.902159608875062011e-03
4.141357876323624801e-03
4.069779264899535398e-03
5.039764576030216110e-03
4.327138771648931723e-03
4.984027718924474021e-03
2.902336927746833068e-03
4.639390903415223019e-03
3.957545200475683610e-03
4.671814304541081417e-03
2.869094182932084396e-03
3.573533446538779742e-03
4.097076709463159938e-03
3.800443177978079894e-03
3.108496057027486121e-03
4.008557352384076178e-03
3.396965456600208218e-03
4.277281781005898807e-03
3.991237435302202180e-03
3.728104069946408788e-03
4.401500387745203163e-03
3.972212954825405512e-03
4.264497904356402171e-03
4.237498198271299685e-03
4.075025344109064508e-03
4.049356941505238838e-03
3.965254239380775272e-03
3.784530881617004152e-03
3.768883303333827890e-03
4.827122025850632929e-03
4.660000302907470020e-03
5.331099385081421345e-03
4.497055923469628694e-03
3.993102223796600285e-03
3.997875082328146597e-03
4.939037156411008565e-03
4.621321856998562676e-03
5.596990873933504161e-03
4.090783572072086496e-03
3.892196702852509377e-03
3.572387146541580304e-03
5.149412396552695975e-03
3.965670249661380244e-03
4.581319788462604597e-03
3.818715291005566736e-03
4.552240664466860806e-03
4.374134529070736882e-03
3.958272599320198162e-03
4.512089485762796684e-03
4.455102482162693299e-03
3.965250232212914720e-03
4.127319720671529350e-03
3.852780572981137023e-03
4.887276981892132999e-03
4.300881062430908855e-03
3.955092499644201343e-03
5.003724286590462492e-03
5.311502402918885819e-03
4.991840187764853137e-03
3.255820864107110933e-03
4.088835248125323105e-03
4.007911552156759837e-03
4.278541149591362155e-03
4.432985089980301385e-03
3.952225522296332234e-03
4.290851190728235329e-03
3.192600808819549395e-03
4.642156172394548003e-03
4.149102582478147311e-03
4.601305697472766153e-03
3.679595586116249199e-03
3.415236572119126259e-03
4.037624746109050484e-03
4.309647930059411214e-03
5.096199162617299876e-03
3.584744811370099531e-03
4.243932913187520133e-03
4.403147128153472693e-03
4.254562385411816104e-03
4.198787124738571734e-03
4.250854793440206857e-03
3.767874740356327076e-03
3.729729053847437130e-03
4.339715332499196644e-03
5.166752755211976439e-03
4.980074158880167835e-03
4.311834473146313428e-03
3.454067812411186836e-03
5.282658379769965447e-03
0.000000000000000000e+00
