1.016843079990484809e-02
1.417170220800675895e-02
1.001509171251357966e-02
1.172836360510778712e-02
9.541040295684994482e-03
1.188040582109643403e-02
1.015249648639318658e-02
6.668274206880374887e-03
1.254505785675196460e-02
8.806618911345232351e-03
7.747824424870820327e-03
1.138294865571511452e-02
1.255583058945648582e-02
1.035359587601198186e-02
7.663497759460449407e-03
8.508350413558808320e-03
1.282409079525679944e-02
1.258049283871096914e-02
1.034688501933138903e-02
1.049336743987366698e-02
1.004814728053200767e-02
1.265811315555144360e-02
9.961424549674009407e-03
1.349386815430740801e-02
1.080507350048068999e-02
1.060163385760252118e-02
8.747434697433574546e-03
1.143307468647042704e-02
1.008108260026734267e-02
9.100641994997788614e-03
7.933769369949385600e-03
9.077390730927571358e-03
1.117815296435254249e-02
1.106259377714763695e-02
1.014870788739109797e-02
1.010450438869077427e-02
9.488764534748981433e-03
7.981430245788501826e-03
9.730833992473398100e-03
8.622282644891291620e-03
9.722681082494097002e-03
7.644646255025243711e-03
8.350816231563001901e-03
8.985985453929161773e-03
9.546897364254573054e-03
9.524083963959859012e-03
7.733771979228154687e-03
9.531990862324901323e-03
8.809583179203205397e-03
1.001351309593913504e-02
7.935906350081423435e-03
9.839970571320183837e-03
9.382045142157697387e-03
6.449522848737167420e-03
9.751617070067948589e-03
6.690687713079792112e-03
7.858763920997062849e-03
9.191225061473665484e-03
1.006758400962268901e-02
8.869743467459610328e-03
7.905649570868812995e-03
6.813303933027181278e-03
9.452058582614407400e-03
7.072901727364022673e-03
8.972191721778261311e-03
7.423282122223101229e-03
7.549375252140715954e-03
8.857434098887305429e-03
7.953911306942479387e-03
5.865723301886757550e-03
7.881909165836959927e-03
7.776792596404023643e-03
6.348206674139346244e-03
8.865941101508401090e-03
1.126589027094271854e-02
8.930033403434451192e-03
9.042584716842633208e-03
7.248675115150446900e-03
9.081562379872837668e-03
8.221175401931393387e-03
1.010197987768788989e-02
7.966681696470702054e-03
1.040576322960081249e-02
7.512387348936051638e-03
8.448946071904673769e-03
9.413326684619851767e-03
7.797690854481453826e-03
6.637072604432546485e-03
7.082876049202224862e-03
8.984994886365805025e-03
7.811644102017345492e-03
9.787644177031942783e-03
8.246143090431383785e-03
8.274056168446952686e-03
6.813896597056177777e-03
7.595946063799541292e-03
9.960792009014928991e-03
5.166830414056779175e-03
6.343773920779648308e-03
6.489870339316624291e-03
5.733447140347382176e-03
6.405940229713622848e-03
8.757561923228882744e-03
6.946809884187912093e-03
6.785361531868408860e-03
7.884349815610293410e-03
6.234338267583966996e-03
6.567409481267856911e-03
7.611325133647418167e-03
8.217130040708628749e-03
8.553489379384269717e-03
8.651040190769659216e-03
8.805895784182985256e-03
8.074504630357614773e-03
7.377799643093643431e-03
6.934170055868110402e-03
5.549516387014219281e-03
8.341171568386518062e-03
7.202072105634427755e-03
7.479868754766612685e-03
6.520681843497362629e-03
6.650485860039831269e-03
6.482609874486148713e-03
7.732168847034679576e-03
6.220753870121258772e-03
8.013566536340475249e-03
7.540455125822297620e-03
5.885140614670789604e-03
7.598676429004496378e-03
8.370282118018696968e-03
7.393135690082404746e-03
6.554296982000998133e-03
7.170404979109729939e-03
3.983787889238390306e-03
6.090055556089179513e-03
7.403196947225353618e-03
5.757659251365135344e-03
6.009203333320721138e-03
4.990255353653152634e-03
7.890708090323194854e-03
5.196821057894678540e-03
8.730723153216334714e-03
5.826866547948473044e-03
7.230599805056795414e-03
8.288446159697796314e-03
6.197814800318744710e-03
5.737970846350859411e-03
4.235314284600738381e-03
6.117030423442287174e-03
5.427873596859508591e-03
5.471989919339465686e-03
5.469855708084358538e-03
8.130560220784092615e-03
9.512805654860765486e-03
7.495271539273714624e-03
7.361356427597810781e-03
8.415030767902904885e-03
5.767038332253530616e-03
7.448309090638905415e-03
5.535969230865227936e-03
6.541370736014563009e-03
7.241359415008260560e-03
7.202836641575438396e-03
5.764281106397101638e-03
6.056435714268283178e-03
6.366532833543802825e-03
6.518557041057790324e-03
7.332412265592773426e-03
5.536743369534634883e-03
7.396379658236773916e-03
6.279359010664244643e-03
6.199308084700170217e-03
7.570269458359075651e-03
8.746882297448785315e-03
6.061223320142155105e-03
6.246051990462853955e-03
5.974334522112871582e-03
6.218223579025465748e-03
7.300319974645200043e-03
7.006795836850866939e-03
6.007408027746653605e-03
4.405590835027222742e-03
7.178907803437690506e-03
5.601575222249988509e-03
6.881501451386822822e-03
6.007608136967720371e-03
5.472308916116943103e-03
6.271722020703682232e-03
6.356736765720354294e-03
6.687585861588651349e-03
5.494720085226378718e-03
5.838577082087535730e-03
5.789535910245981187e-03
6.158151316962595656e-03
4.744480776857021992e-03
6.109585154860452429e-03
7.418984562740959729e-03
5.181311787981954069e-03
6.702827690415946379e-03
6.162471874358024446e-03
7.705272332160928959e-03
5.585738547147638643e-03
4.253290709447481513e-03
6.876146456799537079e-03
7.003308289465368097e-03
6.253140468306963434e-03
7.233395133127851727e-03
5.856755860590679395e-03
6.351398418221879290e-03
5.242543064962314724e-03
6.775150688834312256e-03
4.702180433209170174e-03
4.367812210345274615e-03
5.986938737790875077e-03
5.865119973521382667e-03
6.767587265373655597e-03
5.155021963844853838e-03
5.327840432958134108e-03
5.371794381081766885e-03
4.165503133476316892e-03
6.306279648380014313e-03
6.538561471713215389e-03
3.966554020616333900e-03
5.580022505427799026e-03
5.815280141370640817e-03
5.402208167777379152e-03
6.707378673396531196e-03
5.769331445932199959e-03
4.988639086487878932e-03
5.153240368992425928e-03
5.821637642410772313e-03
5.332778096400756992e-03
6.228260056826920993e-03
4.027308753226389523e-03
5.772170487755254667e-03
5.300386917434052152e-03
5.966182889970419838e-03
4.623228676187122847e-03
5.482241710015722108e-03
5.603074267873150299e-03
5.719311691938677722e-03
5.029642142231538146e-03
5.421980396872522548e-03
6.882627136718451333e-03
5.469377005215375100e-03
3.455697835293852077e-03
5.049062906397431064e-03
5.710215992087134922e-03
6.186407861361074151e-03
6.687483833353935481e-03
5.557643290819818012e-03
6.611132503704954082e-03
5.067669615428033528e-03
4.383233351768117507e-03
5.163942438924643517e-03
4.314069061434538249e-03
7.424259205114534625e-03
4.928187926484065354e-03
6.393193804320608520e-03
3.669547720959928910e-03
4.431256451359103475e-03
6.494285552840485878e-03
6.280875335091659281e-03
5.782265415573571189e-03
5.876176588380722932e-03
4.130316954764521979e-03
6.353070738077824277e-03
4.623264556204232170e-03
6.799095036272841293e-03
5.373657070849145560e-03
5.450056646443329419e-03
5.838638600446550281e-03
5.699018587579003821e-03
5.667586941920001696e-03
4.745137649333089867e-03
4.899772745047388522e-03
4.930873302047486528e-03
4.366691489129422531e-03
4.239726646693932864e-03
5.842032476602821052e-03
5.783523648528047720e-03
5.478481163538999506e-03
3.818287390254129429e-03
4.270914015177120632e-03
3.496076804560029581e-03
5.447104902259848787e-03
4.246140158071625044e-03
3.653014954571552446e-03
6.328140742894887427e-03
4.074388532198059028e-03
5.715482998633177915e-03
5.247793252698682021e-03
5.915836341180751891e-03
5.005994795520770507e-03
3.858784290472335940e-03
5.704940437948717580e-03
4.181589380324600251e-03
5.966549942783861207e-03
4.196140278795447778e-03
5.974525673659527095e-03
5.146228257090224197e-03
4.633828908607967069e-03
4.557193687873703491e-03
6.013371154511538974e-03
4.851190128946475909e-03
5.482975426998073359e-03
4.515248037432481078e-03
5.548899225159453080e-03
4.714085388695465374e-03
4.971412302866805993e-03
4.627613252547778736e-03
4.204071768917086449e-03
5.663403023790303942e-03
4.762498516900434339e-03
5.117032795740298831e-03
4.521638810400144259e-03
4.659305302888177951e-03
4.161253678088897706e-03
4.669207863543618428e-03
5.482274095130419689e-03
6.883485107292112645e-03
3.678922964141902001e-03
4.655055262784895363e-03
5.675790096114509582e-03
4.812267420290551774e-03
4.353914123553154214e-03
5.533311794111394656e-03
6.045616502822938852e-03
5.301132019331004745e-03
4.442427056953459838e-03
4.497188695139483355e-03
4.443701416790146221e-03
3.549417161652308750e-03
5.360198529936605928e-03
4.820890312550698414e-03
6.219972289927623403e-03
4.657494056326795528e-03
6.028562359861259178e-03
4.241582569230998960e-03
5.079973276338889919e-03
4.567793133863002827e-03
4.308103122025488431e-03
4.783836845500284880e-03
3.915389718407279000e-03
3.798199234035287176e-03
5.215393714291026092e-03
3.871135292762372879e-03
4.298278100224481486e-03
4.089959863861414475e-03
3.612329171627560748e-03
4.133603122837164502e-03
5.325327746307325326e-03
5.659750449930725340e-03
5.296964974509459599e-03
3.779420688079838681e-03
3.992626041558201312e-03
4.796294098582858448e-03
4.674885858893772228e-03
3.899184774193556469e-03
4.880589391176809108e-03
4.198816068013740653e-03
4.247357649201283225e-03
5.878865399669199257e-03
5.230073947434730509e-03
4.262342107151791473e-03
5.503627232694515217e-03
5.049388176076299514e-03
4.120235499840767604e-03
5.772293388029320869e-03
4.097601189949078362e-03
4.181867827451472494e-03
4.487273437401473504e-03
3.957617262685170570e-03
4.346350012025121910e-03
6.184014991081759893e-03
4.276394444720024030e-03
5.490011672265400836e-03
5.014847453222870920e-03
4.981920564658586306e-03
4.658901879061118183e-03
4.062538413070586503e-03
5.220192586073800836e-03
4.790403895441906756e-03
5.562874811730142074e-03
4.200490597093865103e-03
5.175464540979928668e-03
4.145507465540137354e-03
4.027678775402076562e-03
4.643606989470658829e-03
4.519989899758956008e-03
4.160821925613160215e-03
4.960660757500852391e-03
5.170581311955853993e-03
4.514861401804015628e-03
3.649151280068636469e-03
4.379153244670754355e-03
4.628905468830780620e-03
4.939663491733362749e-03
3.693793758348478968e-03
5.162851022914960279e-03
6.189213181777115762e-03
5.269295883850104445e-03
3.846556013958825522e-03
4.721852815126959327e-03
5.103823163843754923e-03
5.121436358053906880e-03
4.178961158713389787e-03
5.567642930020811481e-03
5.032416163824464037e-03
4.600812066788929552e-03
4.743935502934798314e-03
3.742267534072315095e-03
4.786918393049525468e-03
3.704302836324449393e-03
4.780621057650806527e-03
4.181676615802897880e-03
3.747226685295377072e-03
5.554444769709543026e-03
4.463604635828636626e-03
5.393455367645986695e-03
4.346634915474763099e-03
6.098417392692186134e-03
3.698539066090928557e-03
5.123506351957911494e-03
4.284068450306353221e-03
4.175048297877351905e-03
3.576804800242680982e-03
4.830674766458671783e-03
4.182898895450842813e-03
4.286299445861022073e-03
3.800137390361184656e-03
5.622483299271319700e-03
4.912949408290023974e-03
4.376372822301634671e-03
4.137067690083302482e-03
3.994259795063156808e-03
4.469427902371642461e-03
4.890610517790367102e-03
4.189814710598565271e-03
4.758965208954483474e-03
4.678184849568339451e-03
4.780416662484026843e-03
4.278276191265885202e-03
3.831777812276828451e-03
4.476691911559732735e-03
4.374752176519009460e-03
5.190349058769605853e-03
4.289528392367088390e-03
4.137460564091579793e-03
5.149525419580872933e-03
2.932914578728790158e-03
4.012743948307883647e-03
4.148406760244856967e-03
4.751219733161123060e-03
3.719740935879836327e-03
3.776707204452381915e-03
4.289694133711679028e-03
4.744984630772362995e-03
4.483046768033645442e-03
4.380101649253760089e-03
4.132670125609256249e-03
3.553286613569782339e-03
3.482930935161704118e-03
4.266189185931521140e-03
4.461239862531704570e-03
4.500798765142392452e-03
5.047231216789506598e-03
4.696527049523244700e-03
4.500032289954129447e-03
3.173819373126646366e-03
4.505285750669268431e-03
3.722177693851972963e-03
4.569562027587842704e-03
4.694608301953570074e-03
5.165585406786653289e-03
4.237494411193650813e-03
4.211764796850004169e-03
5.117824012628982913e-03
2.921440522409089486e-03
4.462221689010638197e-03
3.584612715546582097e-03
4.345264927242749320e-03
4.932305929176910436e-03
4.942600491580319104e-03
3.914478683776843188e-03
4.408438467089137967e-03
4.991396510395035638e-03
4.788506015729045336e-03
5.243496014720672865e-03
5.036475059031304477e-03
3.323141541838766071e-03
4.535882820006368124e-03
4.826170418599525988e-03
4.515673088546540322e-03
4.787698602453455132e-03
3.027680923984855683e-03
3.851998063427977421e-03
4.790341459247855933e-03
4.471255297291478262e-03
4.796511550802963833e-03
4.537196672311581691e-03
5.013972378695290624e-03
4.452496640051150333e-03
3.974893818125956046e-03
4.297276481839700131e-03
4.220139057350449398e-03
4.140987241006523385e-03
3.998194830145047375e-03
4.987704147197169306e-03
4.758818256838069638e-03
4.100301213379725120e-03
4.957078566719029522e-03
4.218373073775007025e-03
4.517399889746736424e-03
2.989480114855817654e-03
4.500292504795256297e-03
4.704896931652434965e-03
3.802048169963307897e-03
4.507712485505050749e-03
4.176922417257556211e-03
4.717923525952684785e-03
5.158955512129949350e-03
3.136797672313740033e-03
3.504645662074327029e-03
4.539167732386623771e-03
4.819695235293722582e-03
3.214502795147574678e-03
4.748828415137434054e-03
5.102104490089675107e-03
3.749382064623710351e-03
4.314469316914912311e-03
3.698064872036678150e-03
4.236142572681064929e-03
4.416602226639088080e-03
3.775472140773487254e-03
3.508994969357099019e-03
4.042336084262360650e-03
4.512887146783031191e-03
5.056493332259884982e-03
4.462696694072662562e-03
5.462019612356205922e-03
4.909666940165141949e-03
5.987329302179568262e-03
3.355161937609040489e-03
4.538842620264653405e-03
4.318139155042859979e-03
4.600977642906603840e-03
3.923195583769231720e-03
4.468626975070439170e-03
4.222602831718966915e-03
4.978591062319103963e-03
3.435641857242679748e-03
4.487394283880638199e-03
5.276612661799182265e-03
3.782431075132752611e-03
4.085583454628351728e-03
3.903682801595403234e-03
4.397117584996769642e-03
5.604998688407989392e-03
3.737675643941010088e-03
4.665914444678599671e-03
4.272250353246949926e-03
3.956762451792096742e-03
4.320474540811252914e-03
3.617822613755499687e-03
3.998788065858174465e-03
4.797027370582507104e-03
5.080596520117912004e-03
4.132035024985040994e-03
4.020469795595519626e-03
3.174898875414934769e-03
4.748006947946700231e-03
5.226611143598484596e-03
3.956678122828318628e-03
3.930954441940132452e-03
4.883332201887516030e-03
4.209861511582042859e-03
4.732134353699895581e-03
4.271996738064396185e-03
5.945017921776476685e-03
3.239973596214475084e-03
4.274461846778447073e-03
4.156527770114295389e-03
4.717113942950139187e-03
4.354678257346276081e-03
4.743145358662970677e-03
2.775679464993859469e-03
4.276439487264766665e-03
4.323049288806364056e-03
4.156377119154474643e-03
3.805795624594837060e-03
4.220266209765005140e-03
3.545628755845459026e-03
4.800016271045247709e-03
4.050730333975435631e-03
4.469780515732870059e-03
3.948958179877314241e-03
6.362285547550068296e-03
5.282750419812965760e-03
3.857747790549463478e-03
4.674070736615954652e-03
3.839864777277598746e-03
4.523533093368892199e-03
4.328692186548703004e-03
4.843587748206773340e-03
4.016838237683251558e-03
4.450122580147144666e-03
4.519892313056932988e-03
3.871493242878790587e-03
4.745549560162851815e-03
3.949453588228481020e-03
2.886944621152007229e-03
4.460363947164364476e-03
4.710654046245973080e-03
4.716254871876403992e-03
4.153964757844151590e-03
3.992004778697367390e-03
3.709322968989840763e-03
3.972880666379806185e-03
4.827054533156030502e-03
4.381265814844110228e-03
5.066301648628905412e-03
4.290659203878059019e-03
4.454414510575390417e-03
4.058024045524731040e-03
4.077619753209779478e-03
5.815296791473478083e-03
4.685918762297174890e-03
4.217976913240661062e-03
3.677479060807220795e-03
3.970627275967168399e-03
5.769146174309768178e-03
4.692336365575012179e-03
4.848130457551946826e-03
4.330663837705433887e-03
4.485835456450620005e-03
4.791072305410576555e-03
5.385275257954416639e-03
4.442978626025758347e-03
5.145117073018289598e-03
3.502159973169274246e-03
3.865003166571914783e-03
5.165650710252940592e-03
3.710066591510124013e-03
4.414716833552303522e-03
3.470272227361831992e-03
4.372494462340143807e-03
3.907901399771380145e-03
3.621923360574469571e-03
4.064402766026067176e-03
3.402347259057568810e-03
4.574740637076233664e-03
5.062011183985072778e-03
3.929389274864397881e-03
4.672018208562478923e-03
3.405572307934880225e-03
4.332941801292861800e-03
4.122741490531177389e-03
4.565353532886507783e-03
3.320581734686619234e-03
4.147553247049246515e-03
3.494829382095059229e-03
4.901738246071329214e-03
3.788767844423882123e-03
4.157992226845609249e-03
3.216242401466800141e-03
3.304333463546872771e-03
3.686346223744339963e-03
4.026890586604746532e-03
4.017886321029503355e-03
5.738818411512346465e-03
3.585478615977896310e-03
3.975705078863623482e-03
4.439775443182914817e-03
4.037142486128712446e-03
4.377699146340437684e-03
4.588174269341274529e-03
4.129949255933852183e-03
4.856545206039284898e-03
5.069765514984849418e-03
3.864164161870225350e-03
3.408873097533872670e-03
3.833537777219779563e-03
3.530055040683081295e-03
4.231333595811866306e-03
3.457126096339063065e-03
4.272963485523446382e-03
5.345519008320576831e-03
4.786442726359326980e-03
4.975448761194277252e-03
5.334499063372282607e-03
4.641390132998310727e-03
4.389326297463884939e-03
4.906055343494274135e-03
4.319160195645360863e-03
4.260848253339062641e-03
3.661340660484361988e-03
3.789275917075511819e-03
4.633010478033047080e-03
4.976313717299412145e-03
3.818068204870307767e-03
3.532015699915618846e-03
3.794872353554361484e-03
4.503560217455299629e-03
3.603926067341954847e-03
3.739384454623954045e-03
5.130169301885086769e-03
4.181418053190835531e-03
3.892453538872926461e-03
5.185562607398335085e-03
4.404935025598559310e-03
4.633357199095386285e-03
4.035224743577960071e-03
4.238659008931065612e-03
3.247791537180828771e-03
4.123646054787996097e-03
4.105569721544557495e-03
4.480524674383306628e-03
4.208933651452629460e-03
4.598055720249562446e-03
4.479176313983768316e-03
3.960096285292253118e-03
4.700994209458410691e-03
3.832002578414621472e-03
3.698041405985316547e-03
4.445337134257615168e-03
3.984979939546461070e-03
4.453733876723978656e-03
4.575909523403117254e-03
3.452809578616224204e-03
3.835287907637031229e-03
3.999166933727059392e-03
3.814480420954268272e-03
2.697511965544667750e-03
3.419990628112368897e-03
4.625642415169950623e-03
3.963287409702456222e-03
4.510292043101537911e-03
5.050527011574598019e-03
4.856145779571142095e-03
3.827829635990246185e-03
3.682873360664573430e-03
4.531666327664785228e-03
2.801000400877236892e-03
4.474387365866551274e-03
4.538604501245764415e-03
4.235786102865199930e-03
3.975982909438152690e-03
3.529913121790175575e-03
4.348805812443625254e-03
3.972537444572451712e-03
4.634443882927757191e-03
4.667121451785458640e-03
4.418302517606226797e-03
3.700647590200304912e-03
4.143981398818327895e-03
5.133992536639046984e-03
4.577933413578092088e-03
4.149536226362417202e-03
4.363078972037448197e-03
4.748561157834325572e-03
4.086329910593629669e-03
3.979498585593875190e-03
4.388303254183068339e-03
4.092675998419424872e-03
4.527206199243460037e-03
4.485642486982172224e-03
2.888241747011919495e-03
3.996538049836689463e-03
2.774930535578461459e-03
4.403797298182725133e-03
4.419682099704423835e-03
4.678843414583344455e-03
4.148114910737840666e-03
5.272044447101501691e-03
5.705668606040820504e-03
3.867301916294584117e-03
3.558972627300005433e-03
3.347003558016882138e-03
4.800458532337488829e-03
3.935957308370911616e-03
3.095250285606359654e-03
4.407494794758887689e-03
4.029568671546140610e-03
4.589223334396845197e-03
4.865548888051107398e-03
3.896036104975257076e-03
5.171646382938399102e-03
4.024225819687957464e-03
5.038214561786161921e-03
5.702458358035673684e-03
4.328422355331440659e-03
4.013581726715517196e-03
4.089767466718299653e-03
4.574741706988186100e-03
4.974160318385807342e-03
4.971986069588534875e-03
4.265883194304796906e-03
4.081316477145160819e-03
3.920737887657257253e-03
4.337704665479884258e-03
4.231269140327255200e-03
3.664968455804436514e-03
4.402230280140676313e-03
4.586591968742294821e-03
4.503421286062969826e-03
3.782987675662720026e-03
4.728875304814598481e-03
3.345221359534294482e-03
3.082386898319835946e-03
4.096076150457917536e-03
4.741074587346338735e-03
4.248106630061782019e-03
3.141664895689729592e-03
4.500733260672935311e-03
4.624160520163790068e-03
4.395337542320056079e-03
4.446783188919310043e-03
4.004823172651460206e-03
4.018658745772186666e-03
3.913628506673656748e-03
4.632455193527089919e-03
4.503779791006056951e-03
4.404385952265482858e-03
4.122617199015494484e-03
2.794733718336589196e-03
4.619932965058365024e-03
4.731223795529346937e-03
3.155511728234988104e-03
4.403745613552573039e-03
3.955038829132622932e-03
4.248858306224441092e-03
4.406724046548293749e-03
3.791019883778668376e-03
3.187515416101331916e-03
4.475821640048734985e-03
4.408305410584866836e-03
3.588517754583041720e-03
3.758641132101764055e-03
4.406928505357658558e-03
3.742103114142875369e-03
3.651151149015902965e-03
3.747097606259306660e-03
4.182190140102693895e-03
3.400245489086212158e-03
3.964396272669932011e-03
4.375367042261541287e-03
4.105331007035532137e-03
4.233052442360774915e-03
3.780972696615682305e-03
4.348965677111514203e-03
4.633927879926945902e-03
3.843403405372456533e-03
3.949814187701233305e-03
5.180170345815266614e-03
4.644712103250374889e-03
4.636138996925014480e-03
4.104414464951558830e-03
4.167805640900330323e-03
3.410642310804860335e-03
4.862356519712717276e-03
4.387566943702821479e-03
4.921078245039767728e-03
3.265346419876858242e-03
4.103566765259321521e-03
3.903877937799524710e-03
3.767370093833857705e-03
3.215290683583662320e-03
4.346802339917684582e-03
4.224848147354313445e-03
5.270722174848743377e-03
3.906504190716097308e-03
3.955716578669142731e-03
4.127043769331479109e-03
3.901707463926073257e-03
3.596200895486383747e-03
5.187157472340664377e-03
4.308744434130967055e-03
3.772568879116209532e-03
4.685556935084222302e-03
3.826102778030828194e-03
3.474077900957408399e-03
4.182224994950815324e-03
4.099688165396219927e-03
3.819263896656079071e-03
3.283397692897013602e-03
4.053503382586502377e-03
3.492859009983524925e-03
4.036283040577693000e-03
3.774151744399709303e-03
5.158924126510286250e-03
4.555479210829707290e-03
4.116542231580502115e-03
4.677504757913915519e-03
4.876902433668958182e-03
3.490939028866521347e-03
5.308157122863325396e-03
4.333950709873727984e-03
3.966532856155518920e-03
4.054515950407290917e-03
4.451794373953658207e-03
3.618250460058414480e-03
3.268532694830287265e-03
4.508786491465707411e-03
4.342067046784658414e-03
4.670526602535907817e-03
3.363394708501162272e-03
3.974825843174502847e-03
3.351019596747304569e-03
4.095672298153021224e-03
3.787651222290293763e-03
5.105155988291656954e-03
4.681690148674610454e-03
3.880190805720569198e-03
3.586730742898721052e-03
4.416709002079050039e-03
4.286165865459527595e-03
3.811351043825263445e-03
4.399156929033369752e-03
4.111497759869815923e-03
3.804859640551639353e-03
3.627139663294661528e-03
3.387372597100563477e-03
5.191473799973612795e-03
4.009026907633901800e-03
4.055276938491641191e-03
3.986108795551796674e-03
4.145954049867128094e-03
3.499175070211003880e-03
3.705699483865754554e-03
3.352978026001105297e-03
3.854513445253813803e-03
4.628044220633907406e-03
4.904143076249111756e-03
4.349358536230228840e-03
4.525339411489845420e-03
2.993155685499451421e-03
4.009716667808447405e-03
4.646285567811644923e-03
4.942539016001745202e-03
4.284125818290566122e-03
4.275212702709208119e-03
3.390587761987572026e-03
4.336995121979759366e-03
4.242500963392928544e-03
4.682756124611856148e-03
4.591958474517782857e-03
3.734046411008602566e-03
3.782496596343918466e-03
3.697037527011310699e-03
4.918764508726787207e-03
4.605244175644930549e-03
4.239012628808380700e-03
4.257113160108543480e-03
4.068499859681383099e-03
3.828210790557603181e-03
4.875490056117123654e-03
4.331891009488316423e-03
5.197933219655851735e-03
3.884335982001513136e-03
3.792748014540269028e-03
3.393938731524344561e-03
4.560956229353410954e-03
3.713589897345764314e-03
4.489480424732959427e-03
4.242658207410530437e-03
3.876076187139827073e-03
4.858574166243214559e-03
5.234576464612699341e-03
4.806169474751941645e-03
3.376997870527599730e-03
5.314133406237982020e-03
4.858302488134769691e-03
3.758885232426520742e-03
3.962340401369170498e-03
3.645176211687429276e-03
3.582531466918518950e-03
4.579239161917541580e-03
4.282551136012465939e-03
4.374649472663706337e-03
3.779885521573658584e-03
5.096464336284464020e-03
3.900457923205861120e-03
3.797286550047870510e-03
4.094051756429828957e-03
3.719338758520929645e-03
4.962462182090483266e-03
4.668572058781118167e-03
4.500861366761506679e-03
3.518209807402596177e-03
4.026684275201152657e-03
4.137990230990270558e-03
4.249819608441205571e-03
4.452904057572087439e-03
5.409057055997510549e-03
3.828536166687804623e-03
5.304584627113649413e-03
4.748353946158479985e-03
2.842248865522130005e-03
4.376590969297980069e-03
4.316663251493474580e-03
5.047606955596232840e-03
4.583733490526738577e-03
3.887946902246562815e-03
3.769143145059090146e-03
4.292960800248897708e-03
4.304960929650734902e-03
4.050399427745692699e-03
4.228708342846612504e-03
3.832962869935730744e-03
4.252122345526162042e-03
3.814318632852897392e-03
4.438059532235927480e-03
4.647584826064402388e-03
4.363769007342598732e-03
4.692444720219192053e-03
4.208210834124586665e-03
4.233698709178726309e-03
4.348176460371722986e-03
3.728862189664346183e-03
5.361575796794922945e-03
4.398184668203162367e-03
4.806617777378245117e-03
3.962558232896173406e-03
4.231412673956871581e-03
4.075811278278979218e-03
4.307452752722414589e-03
4.836742106600246636e-03
4.402815943664980386e-03
4.273858737795648531e-03
4.735503611106382793e-03
3.515439737941898103e-03
3.031277107771200140e-03
4.328300440113914266e-03
4.789793347321893123e-03
4.824859602274631995e-03
3.571443977710060582e-03
3.420239729398480248e-03
4.983344532846848904e-03
4.349921161161281018e-03
3.949819859226872190e-03
4.926031347517958840e-03
4.588380112005690722e-03
4.027838796126201153e-03
4.202433425608741169e-03
5.317560083062627778e-03
5.315978950239969893e-03
5.333845513526281647e-03
4.009898797067926006e-03
4.747107460864961187e-03
4.213033405274331164e-03
4.137475258249811126e-03
4.454011583359627005e-03
4.590676903691617329e-03
3.499004909206003891e-03
3.905239837356731282e-03
3.434761416771216647e-03
4.925219767671967439e-03
3.948436151425762167e-03
3.589540590785037216e-03
4.115761117981221046e-03
4.420034488635438304e-03
4.336627154599394067e-03
3.477668533201200372e-03
4.857595075694063139e-03
4.093829933555199509e-03
4.921951427876608207e-03
4.016293129738039529e-03
4.554076988357517140e-03
2.998409454048315496e-03
4.245258554388281827e-03
5.387703375385776046e-03
4.127402355797775424e-03
3.577639804049792104e-03
3.477654645736400277e-03
4.312423849842404906e-03
5.127804104580003207e-03
4.451374441520871209e-03
4.502073548851560220e-03
3.982289820195769776e-03
3.244520857460146592e-03
4.601074323631931286e-03
3.905953429635625456e-03
4.239405883879659477e-03
4.212128541634114175e-03
3.885260417885278220e-03
3.966998576097040090e-03
4.040135077305636105e-03
3.934780389958056866e-03
4.324641387957614547e-03
4.296170426060431057e-03
5.469806810806328128e-03
4.870652724930930010e-03
3.543440351142010131e-03
4.234952239618394731e-03
4.529813428625156790e-03
4.105387384468883218e-03
3.933516394190559283e-03
3.871794377588130050e-03
4.057676093590830042e-03
3.956778330732789450e-03
3.331230640862974796e-03
4.105691508863773889e-03
4.515368681386093888e-03
3.809659238313215911e-03
4.078511335191505570e-03
4.127526770803877608e-03
4.098966374571468355e-03
3.147372365855488543e-03
3.964313457274938092e-03
3.385716628815957190e-03
4.508539011348512184e-03
3.878049565571195078e-03
4.185008378080614169e-03
3.843685763414568003e-03
4.690013587592307097e-03
5.194920442827486926e-03
5.015353733328767674e-03
3.931796978431264383e-03
3.625048706741704728e-03
3.827893899963729155e-03
5.274056112821863020e-03
4.311651888332810635e-03
4.230141549973317518e-03
5.923201487334185493e-03
3.319602210393141333e-03
4.205318120716001855e-03
4.641829173396121340e-03
4.564708370386391482e-03
4.179263907722102246e-03
4.436265672780182259e-03
4.569565670239491770e-03
4.187160511208331409e-03
4.365150047565890395e-03
4.521986373740520711e-03
4.749798329091878268e-03
3.284014227766211737e-03
3.879404692763755574e-03
4.337724232159739617e-03
3.964352770549166120e-03
4.441479849493478078e-03
4.223186269579239441e-03
4.381084579790570956e-03
4.272433538208416162e-03
5.202224983220388004e-03
4.085096828459973232e-03
3.929585274482442180e-03
4.168023306897092675e-03
4.206348327130086419e-03
4.077313912539166571e-03
3.165557245443452287e-03
4.005857956196389250e-03
4.954144791605743364e-03
4.030923581699484212e-03
4.526098697313061560e-03
3.840739926972327155e-03
4.171084330099940687e-03
2.965817842201226226e-03
3.718034500153869978e-03
3.617930801939455484e-03
4.431078418164876610e-03
4.820345190619599283e-03
4.819514449121178185e-03
3.541089311313631426e-03
5.331025228432382905e-03
3.328501264306334834e-03
3.229236385551051067e-03
4.825343428177703529e-03
3.763363794451212753e-03
3.980154042926377367e-03
3.420051207608439028e-03
4.375815731285264895e-03
4.720164627355340203e-03
4.303530819354996900e-03
4.003703690842628712e-03
3.876146805201511822e-03
3.556344989824401608e-03
4.337869809523262066e-03
3.748262506966777187e-03
4.975604901525353292e-03
4.590530579639355395e-03
4.107160034395348006e-03
4.724905677092929197e-03
4.297677378359447686e-03
4.591184595656041742e-03
4.161493645639832012e-03
4.795248354476339993e-03
3.465578430248949723e-03
3.949281205054540854e-03
4.001083149965335185e-03
3.170499129753301653e-03
4.453291673921033408e-03
4.486344060216381109e-03
4.235646108140496587e-03
4.078448618419372278e-03
4.956879065793715067e-03
2.882470210452928779e-03
3.713299981802072134e-03
4.624373096060275384e-03
4.528692248859294243e-03
3.732081278069001359e-03
3.245326557332752198e-03
4.889751035406952884e-03
4.280288469229229405e-03
3.657857803375200167e-03
4.066155652806681224e-03
4.560621907194539054e-03
4.659797064590574453e-03
3.848353109545930590e-03
5.050064786544333946e-03
2.809834993264138242e-03
4.550034055399077362e-03
3.841305025650464111e-03
3.765433606666783537e-03
3.805125180536281584e-03
3.711958983035053977e-03
3.575481749953442808e-03
3.516845895185072551e-03
3.759589157389815837e-03
4.051485675345448470e-03
4.250883210305037713e-03
3.305070890302081420e-03
3.738300130280707619e-03
4.566646315545950206e-03
3.678825372012313466e-03
3.618214703807339470e-03
4.419625366651595312e-03
3.908795196091064891e-03
3.643185615277840135e-03
3.322855992901789859e-03
5.007096917412888655e-03
4.245699095107019830e-03
3.264472788381444796e-03
4.916987267006346120e-03
3.801005491631934477e-03
3.860755320053132870e-03
4.328915184651093914e-03
5.116645553049887531e-03
3.890093059177283583e-03
3.244293519654063793e-03
3.852386879187713695e-03
4.531849487040163528e-03
3.342292695044410660e-03
3.615274773468127572e-03
4.061262646515112658e-03
4.217107946018213739e-03
4.350698720001993855e-03
3.404702593032535741e-03
5.061454557006187654e-03
3.989784803705639059e-03
3.959749604418837284e-03
4.413311976186151502e-03
4.272242027227848328e-03
4.612806352764964486e-03
4.996117385220347380e-03
4.838837294731114860e-03
4.347311112793342779e-03
4.141651719783545800e-03
4.254144325360028484e-03
4.701723929540730512e-03
4.722036985113448916e-03
4.796006648007148168e-03
5.202329050631965962e-03
4.554922727153157443e-03
3.771989565867088761e-03
3.018664411918245069e-03
3.494760192665283868e-03
3.159966641398542948e-03
3.232861056721538992e-03
3.721574989237830602e-03
5.432190857902784338e-03
4.041596631124802323e-03
4.257614659271181760e-03
4.765309275312391499e-03
4.312154177349855622e-03
3.478024842018125930e-03
4.447894901883583420e-03
3.521676172369857596e-03
4.679530555915822378e-03
3.550237251842119132e-03
3.533053077191867890e-03
4.285413231819283457e-03
3.894125203133260230e-03
3.938342069951447470e-03
5.143999049399474756e-03
4.175347862480771090e-03
3.797739083497422147e-03
4.167575359629344285e-03
3.654885264990655365e-03
3.579888643925159108e-03
3.877469811448450675e-03
4.161027151338307639e-03
4.236994627667621874e-03
5.042936433597439670e-03
3.978050007900952798e-03
4.222597454999154482e-03
3.779338563016051457e-03
3.901494377712623907e-03
3.206372222005120318e-03
4.179009165814804617e-03
4.917100475744404578e-03
4.071148668189955751e-03
3.698874077876452247e-03
4.040478505971447157e-03
3.600479492347477203e-03
4.026259390182163403e-03
4.016936330074451743e-03
3.332353521143882526e-03
3.686676534697460629e-03
4.664709510227999997e-03
4.706808855883421253e-03
4.213932754574602549e-03
4.046025674489812061e-03
4.457739708947209591e-03
3.309854531135187142e-03
3.988635555220936858e-03
3.785053148652728176e-03
4.763340184367258028e-03
3.801852760452684860e-03
3.686824572302434613e-03
4.644614984568949841e-03
5.011084007435111405e-03
3.715298170067905630e-03
3.212885570678101523e-03
4.035529308317491702e-03
4.000151910729084562e-03
4.053710621642319517e-03
3.006755915406168246e-03
4.598008586373704583e-03
3.851367227315764374e-03
5.012689720152454891e-03
4.167707012362159569e-03
3.950184862379137532e-03
4.216803644597345857e-03
4.354917619801209304e-03
4.725881203643218960e-03
3.061284986805119443e-03
3.988615518905168876e-03
3.573831385171424239e-03
4.186535727160777681e-03
4.200736611003260193e-03
4.898520486749148757e-03
4.269821184910972851e-03
4.036143497580083755e-03
3.759707475914587406e-03
2.687532571058183235e-03
4.280988002507172749e-03
4.591126473655681578e-03
3.938099611915091107e-03
3.957990415998811559e-03
3.998751576464940928e-03
4.036227913462200716e-03
3.508754124744758139e-03
3.868243503355298790e-03
4.032684063492167174e-03
4.398183472938928425e-03
4.704211444713357962e-03
3.679747408457123298e-03
4.127649096168210276e-03
4.631727135398659712e-03
4.803025384498455473e-03
3.430845672114349060e-03
3.602310107599515296e-03
4.094055675997635563e-03
4.294052258870746479e-03
3.284650036491379432e-03
4.416297545825715806e-03
4.082361575342694990e-03
3.982202326724815396e-03
5.481443851606850048e-03
3.290109373787842087e-03
4.031985108369698714e-03
3.436693883917428614e-03
3.061816864501417258e-03
3.993541059870209242e-03
3.537435800176912375e-03
4.175920177319486851e-03
3.336174172296865054e-03
4.272466616318889090e-03
5.327628154568711180e-03
3.439245371579773957e-03
4.447673928173785304e-03
4.672579940013713191e-03
4.570935275606809005e-03
3.738673968732762927e-03
3.676643962541194157e-03
4.985957319865921139e-03
4.217616322381319977e-03
3.826512058517438954e-03
4.543028922883614318e-03
4.621965070550495581e-03
5.431725616633837836e-03
4.102311127113116018e-03
3.970666873693015804e-03
4.295074313116703860e-03
4.553937798944684805e-03
3.902024701669202806e-03
3.998250924733846856e-03
3.597067526632793596e-03
3.726733302974678634e-03
3.969313992656447847e-03
4.315137685882709274e-03
4.833837453192354854e-03
4.374304402976089863e-03
4.350319851215075917e-03
5.009808204991307926e-03
4.725379494480430598e-03
4.154977280231929478e-03
3.818811055490232281e-03
4.163011636089352513e-03
4.022718740177426075e-03
4.670345963102714992e-03
4.264077502668076232e-03
3.734424269181115408e-03
4.426317571811473964e-03
3.994877476559517519e-03
4.073893253898169288e-03
4.053251310591640851e-03
3.344924813883548217e-03
4.485637171168920835e-03
3.350947307687632704e-03
4.052208890846905644e-03
4.203523169315367958e-03
3.962432031312344317e-03
3.975552965820162814e-03
4.407025238579075944e-03
3.527714002253938726e-03
3.279322330592944392e-03
2.926724415820811283e-03
3.317416945210031887e-03
4.114441121403317886e-03
3.966532239010157196e-03
3.742122727578717396e-03
4.349645543702075623e-03
3.980759005779452818e-03
3.427707624846173390e-03
4.225231887152265144e-03
4.119732549242554297e-03
3.660575072345532456e-03
4.804388373527745774e-03
4.096575564499321288e-03
4.554299972156988091e-03
3.424133871629845335e-03
4.107728939425518006e-03
4.514619721123449246e-03
3.943887812362846350e-03
3.407413722179610579e-03
4.176575482180216840e-03
3.744777256159899630e-03
3.818983555438667903e-03
4.169088460629985157e-03
3.051712987978701282e-03
4.257613754850968560e-03
3.729273057654739886e-03
4.204097086955535176e-03
4.325108097552633757e-03
4.139939866974965375e-03
3.693048368603776398e-03
4.072986972785594927e-03
4.701131208816231553e-03
3.658863930077141217e-03
4.901251629870096750e-03
4.072333784941692403e-03
3.847509606762619140e-03
4.167619585594920656e-03
3.909486433817545466e-03
4.785767054976514459e-03
4.002515889972232954e-03
4.930619961535676402e-03
3.920382446475036663e-03
4.872443716467146635e-03
4.151476101158998143e-03
4.072430746904022285e-03
3.973896411505563331e-03
4.015494788128402479e-03
4.199589294927861746e-03
4.055294255538212204e-03
3.842735769865315929e-03
4.429334044273161575e-03
4.532645621288927500e-03
4.200808005852449921e-03
3.177542379656362985e-03
4.299593884341430805e-03
3.688259764686081538e-03
3.674556451496698798e-03
3.426741965001292491e-03
5.228154376349068710e-03
4.636408126728366365e-03
4.430061706513885485e-03
4.653415107059699803e-03
3.963987749199934275e-03
2.532737995668049493e-03
4.197423705616915197e-03
3.599255618351122031e-03
3.630395123376387468e-03
4.221617380907947102e-03
3.054451634695208410e-03
3.489359044129222015e-03
4.001099947223709340e-03
3.959397423146763205e-03
4.142879434105500164e-03
5.025321827060296245e-03
3.923746204092456134e-03
3.989242306711309610e-03
4.982236865599561776e-03
5.368808052964944150e-03
3.976494010923559488e-03
4.793703375452543908e-03
3.514061333202707794e-03
4.184589978574877224e-03
4.068927896182190918e-03
4.891525223310187048e-03
4.742917059759189057e-03
4.901008515713381822e-03
3.838354126131793796e-03
3.838848349991648683e-03
4.078067343996747210e-03
3.663078762657194943e-03
4.095671272702423524e-03
3.550215617030253509e-03
4.217870320984915163e-03
3.622057734833359667e-03
3.518719827833867875e-03
4.577844137609146484e-03
5.375210909341175333e-03
4.218210204153950704e-03
5.197611554256826617e-03
4.244036396128086572e-03
5.150140952727289521e-03
3.750739656159771378e-03
4.287264846046322242e-03
4.282110528071328415e-03
4.861774235017636558e-03
4.194827400139750258e-03
3.982897844935466211e-03
4.276780061760796989e-03
4.730492546943544478e-03
4.482781565280584413e-03
4.168230435436673029e-03
4.065500021574903859e-03
4.243512516489881745e-03
3.529444222063376439e-03
3.511642234319252952e-03
3.436290090083897637e-03
3.999571198924653168e-03
4.755088269696461541e-03
4.162694449191608158e-03
4.899922922112506275e-03
3.532378528573691407e-03
3.407680942451684573e-03
4.062973424524615219e-03
3.963221008509603890e-03
4.238282655390162613e-03
4.494529486733323496e-03
4.662974916462513802e-03
3.707767062422911725e-03
5.010622678967738101e-03
4.485436405442909044e-03
4.034901654519165021e-03
4.211288370869831904e-03
3.157561746194929766e-03
3.942492848856437963e-03
4.435446596636251695e-03
4.266724100937891243e-03
4.571433740053735054e-03
4.206210506893949715e-03
4.399940758834184479e-03
3.191917297666966007e-03
4.661163185962906817e-03
3.788123263033309988e-03
4.040445941454384217e-03
3.396377001677389467e-03
4.015579501366289654e-03
4.161440210065333808e-03
4.416833236086448351e-03
3.883776157372075682e-03
4.257361974650685985e-03
3.384921222160140047e-03
4.406090171670527279e-03
3.545230591535444235e-03
4.762451802337305980e-03
4.708734091149351965e-03
3.586725122804917953e-03
4.257224586168766728e-03
2.851500250724701719e-03
4.228932619261932882e-03
4.787407656849686222e-03
3.566043454129067761e-03
5.417381523539191793e-03
4.357108839330083895e-03
3.222383381585807328e-03
2.998112648205905444e-03
4.540401672315067666e-03
3.894500353964796668e-03
4.240360122304626805e-03
3.877114408947360865e-03
3.493816537653749062e-03
3.594063347740639874e-03
3.874403590309980806e-03
4.704472942886388231e-03
3.486299191246921073e-03
5.042818309270319550e-03
3.788121286194981105e-03
3.833878312447344672e-03
3.909584638585050960e-03
4.733143491864642317e-03
3.468625023196830661e-03
4.079978490990379160e-03
3.821685781231502245e-03
3.032263345105128821e-03
3.881465508288544676e-03
4.157643286718459667e-03
4.507371291539246337e-03
3.605297116988598859e-03
3.894765833404964517e-03
4.333050935081485949e-03
5.280333326653371788e-03
3.888046723909096333e-03
3.511902188552974355e-03
3.812187876771602670e-03
4.799585772907085865e-03
4.254628413887894325e-03
4.255765674403679498e-03
3.835632892950532370e-03
4.662532082549100849e-03
3.627615989734601833e-03
4.334114344123673156e-03
4.499059657642979701e-03
4.265820068320227108e-03
3.827181207503554949e-03
4.460686408189320183e-03
2.885109575055192117e-03
4.788231542132077509e-03
4.250802981719400790e-03
3.486447650643011414e-03
4.426798291976861109e-03
4.359950167886718006e-03
4.243860708019989332e-03
3.159349552324942391e-03
3.789582826160117855e-03
4.564626896760315758e-03
4.131722021123701745e-03
3.806831740693225174e-03
3.408894997023371835e-03
4.520334129966881859e-03
4.234393340349868438e-03
3.634217926726944665e-03
3.796776918666690433e-03
5.407913458838739008e-03
4.543845389694615468e-03
4.543022262068954938e-03
3.665628147119507751e-03
4.024361664549492429e-03
4.542255265466494524e-03
4.514758317322362623e-03
3.622443737891085837e-03
3.642506603791838358e-03
3.761161642579310353e-03
5.556044782274705517e-03
3.488830453588433363e-03
3.618309268385750364e-03
4.193880943045266534e-03
4.040318589221985647e-03
3.684603647792478783e-03
3.773923929575387359e-03
4.151082146744028770e-03
3.807129206503018486e-03
3.744373130226273834e-03
3.910471065066607049e-03
3.821569529527270043e-03
4.791132275973337094e-03
3.980453089944092221e-03
3.692881693060922309e-03
3.222820416345976297e-03
4.339209303941463265e-03
5.013195433308244124e-03
3.343435466905447101e-03
3.846655021349141244e-03
4.115273509027354143e-03
4.114666290478450651e-03
4.275471494168413961e-03
5.067961193435908951e-03
3.903997249358055234e-03
3.837631430397064110e-03
4.207688435311350561e-03
5.506744875530815431e-03
3.677868406777510916e-03
4.361984316737428993e-03
3.668993955919027262e-03
3.886255022954819387e-03
4.634562051974905339e-03
3.520070468875234788e-03
3.930772101786341420e-03
4.346221875673134637e-03
4.098754821801548279e-03
4.168422441764029623e-03
3.305414986362833433e-03
4.412098392391678760e-03
4.514162346537526488e-03
3.363343488983392814e-03
3.894001865382242227e-03
4.596766381754044568e-03
4.092317939848275424e-03
3.821085642556647319e-03
4.362075554265974243e-03
4.746128845548767787e-03
3.645033967565029179e-03
4.753854862005099310e-03
3.479429730551949259e-03
4.339357361119498303e-03
4.014687882035863908e-03
4.006283841713849901e-03
4.698052707366339419e-03
5.028202772949381429e-03
3.395591769794017480e-03
4.463993567318354054e-03
4.616488255952053144e-03
4.584375934394892965e-03
4.300391345980437638e-03
3.915540830263365343e-03
3.045392969729447414e-03
3.759391365969919248e-03
4.422802118318812196e-03
3.112231760029041464e-03
4.081746577819615751e-03
4.040196755053843472e-03
4.177601794906056314e-03
4.419089735650798267e-03
4.813190834160692086e-03
3.546140244640369303e-03
4.724505051478072176e-03
4.324908060386653715e-03
4.387717900435523198e-03
2.949556788307531111e-03
3.411168243342310290e-03
4.661329001986466193e-03
5.136976696622103447e-03
4.042328973356433194e-03
3.700042162688753269e-03
4.747622992704785515e-03
3.963266796798627957e-03
4.947885738342329941e-03
4.407978218072792359e-03
5.287245936167131975e-03
3.254878500367974162e-03
2.986597572239654656e-03
4.463714468618855229e-03
5.952326451629416128e-03
5.024285290731358121e-03
4.337345558097611790e-03
4.835385514479819194e-03
4.108036762080029963e-03
3.007591563949336012e-03
4.269204874120875910e-03
3.735661860483453518e-03
3.990166797167264343e-03
3.649894846210770174e-03
3.218000013137231261e-03
4.496891750698732600e-03
3.823040003633319112e-03
3.820267195776620630e-03
4.126713418620166045e-03
3.323587827851719710e-03
4.533169002290966115e-03
3.676228115996914032e-03
3.871774169442477112e-03
4.545465529764274384e-03
4.478107275118510706e-03
3.684452588619320772e-03
3.391442510767232917e-03
4.281817615464342079e-03
4.069083820515601024e-03
3.838748440926842247e-03
4.478794421843015731e-03
3.535378716303539098e-03
3.892847523724178235e-03
4.990509126002362801e-03
3.830605205516871697e-03
4.592202507049398218e-03
4.219114495712127100e-03
4.218459891165791259e-03
3.789614116704010348e-03
4.197746730755090583e-03
3.845148534583824312e-03
3.815386616204114248e-03
4.565978425117593088e-03
4.931870749936069498e-03
4.700069816603614017e-03
4.299983011997525646e-03
4.305504030640922020e-03
3.713814128185758193e-03
3.627285364280839058e-03
4.321770101554506076e-03
3.813638335894648738e-03
4.448185609062572411e-03
4.146510818480362431e-03
3.553488122646188824e-03
4.633258540540546692e-03
4.788413676353174032e-03
5.468644204358746874e-03
4.068158537561579989e-03
4.155818905367116706e-03
4.442527470606717592e-03
5.380854461909652039e-03
3.285112501573280493e-03
4.487851820326421541e-03
2.969052000185886699e-03
4.133648908489026379e-03
2.737291253949449780e-03
4.396084054396846158e-03
4.128495169235151321e-03
4.732576822496515831e-03
3.852622357614624970e-03
4.280431837338966733e-03
4.717504727858395051e-03
4.588934942604844247e-03
3.605358287273379477e-03
4.290189952770085725e-03
3.909850079260371140e-03
3.280195270982333433e-03
3.591591001543225498e-03
4.085409614987180020e-03
4.034703194304717876e-03
4.090570956649093246e-03
4.037424110404717013e-03
3.540398744723239829e-03
2.819867726855762851e-03
4.242515529375349634e-03
3.830874090121617372e-03
4.755974250302281124e-03
4.897142338771121560e-03
4.292221930429999249e-03
4.770919695914038403e-03
4.198703203260297293e-03
4.150119973525656647e-03
4.602923432654709018e-03
4.057909042418026725e-03
4.113276927320412210e-03
3.979718256382448402e-03
3.403458250950453391e-03
4.303913679478572722e-03
3.313672834196622514e-03
3.940361209073816283e-03
4.277854397359876111e-03
3.081880176877257582e-03
4.656120612124668365e-03
4.353195220058241402e-03
5.345602130729547492e-03
4.422378718128886464e-03
3.516714765104638277e-03
4.291115761059718578e-03
3.607136150834610363e-03
3.932553808201484126e-03
3.268681700682151033e-03
4.058337688910201857e-03
4.076112984630528811e-03
3.276248281254694281e-03
4.111159338535434575e-03
4.474936478308287613e-03
4.107448169164385279e-03
3.557045816936478533e-03
4.825990093022193735e-03
4.311478638818167300e-03
3.714476873803241545e-03
3.603787591969528307e-03
4.493211905885977769e-03
4.765660722881909402e-03
4.338954346181322225e-03
4.065682036448406943e-03
4.206917433351056550e-03
3.906678757229468599e-03
4.494697848491640418e-03
4.817295411552031253e-03
3.543591800491370254e-03
3.662305963106486737e-03
4.475595039316272207e-03
3.243769687236496523e-03
4.512414617225273678e-03
3.144869839051689896e-03
3.398854315082518868e-03
4.014103773743069384e-03
4.851472195671954236e-03
4.661165614229244823e-03
5.010713919397447903e-03
3.799549643159084739e-03
4.134002063251700221e-03
3.603181085361218099e-03
4.156824573232026886e-03
4.807914503033218316e-03
3.608148922073446067e-03
4.742118438333971578e-03
4.355844995165865721e-03
4.831053774130641618e-03
3.927680782155014601e-03
4.172354061688783068e-03
3.355393116511671756e-03
3.454039039186029315e-03
4.461623964872659699e-03
3.769530059093462431e-03
4.588083096957011608e-03
4.292870278325364337e-03
4.731177378240858378e-03
4.786901666800884997e-03
3.862517091600200288e-03
4.516172661827412040e-03
4.138197260630005134e-03
4.058426707096256074e-03
3.998400074072028069e-03
3.456915545927456094e-03
3.477861830065463906e-03
3.173050701148668381e-03
3.709673878981671873e-03
3.702754478740581841e-03
4.313305319002737337e-03
3.572090997994833896e-03
4.023460428397530528e-03
4.459940978727794034e-03
3.984299656351119462e-03
3.730773503135259312e-03
4.032561374926594590e-03
5.579026721804773020e-03
3.774345551562231348e-03
3.836339979011058228e-03
4.220127394939279797e-03
4.495723049032771847e-03
3.702600250146668905e-03
3.610661790407258993e-03
3.745260840026846949e-03
5.126311368431940921e-03
3.517326703321776125e-03
3.759988704793736092e-03
3.719876792595604165e-03
4.560360298718045373e-03
2.819507218780956202e-03
3.903548962755784557e-03
3.749146240574121897e-03
3.184710157336055093e-03
3.715970362184357455e-03
3.237566744854250209e-03
5.374626424580591574e-03
4.785805395944660486e-03
3.476576358446585666e-03
3.512104450867472531e-03
3.331769910237769756e-03
4.291975590993435570e-03
2.790690203173343351e-03
4.191704448961434959e-03
3.665528771255679909e-03
4.029798005787812304e-03
4.481193474582495333e-03
4.284003784914960054e-03
4.357556071448877473e-03
4.391246248557542295e-03
4.116912249207255875e-03
3.881138876544602649e-03
3.877039789753298441e-03
4.852917391359411886e-03
3.442363601471103759e-03
3.580725594245151664e-03
3.428845989173731450e-03
3.857992272546338988e-03
4.261294052736936885e-03
4.843768558282971100e-03
3.755050500842984501e-03
4.107966982794861339e-03
4.387294757275729887e-03
4.320881106654507649e-03
3.732456186027327972e-03
4.034122597846788796e-03
4.829594971333887876e-03
4.108652371361937693e-03
4.293007037326115015e-03
4.346621896453092479e-03
4.647102346368562481e-03
4.359582039208943251e-03
4.985467986348771259e-03
4.008090451842600405e-03
4.115724962547743192e-03
3.485965627445944751e-03
3.678647739152157616e-03
4.754965630262535624e-03
4.409550226617159861e-03
4.241872418938916374e-03
3.731229526333420393e-03
4.064455197737409584e-03
4.313885793243391054e-03
4.278208519364727798e-03
4.415481407655810764e-03
5.238938371239094428e-03
3.920193323101996315e-03
3.462200488101538267e-03
4.102210424396191164e-03
4.245080664367127318e-03
4.748822277662662593e-03
3.687711308043500197e-03
3.623598683078090629e-03
3.300264857128838627e-03
3.874417181822197281e-03
3.979653835273817657e-03
5.456659524365414793e-03
4.378702372126806741e-03
3.561230652843630582e-03
4.978378705374762389e-03
3.821519831456841095e-03
2.793398068315167213e-03
3.199976379694976190e-03
3.805633663397894884e-03
4.033609218329421015e-03
3.754480476214339373e-03
5.747185688198413328e-03
4.805253616689490921e-03
3.350593819807884139e-03
4.598093262664443293e-03
4.555892042559698575e-03
3.867091572216895846e-03
4.007796017274479691e-03
3.975458839696841863e-03
4.159771566548620125e-03
3.692573559083114215e-03
4.403330780457047518e-03
4.180352467324853320e-03
3.783759818540524678e-03
3.299190142993769625e-03
4.800862891266603413e-03
4.867357884343239370e-03
4.954698945492055744e-03
4.207143410879122386e-03
4.586303539648867167e-03
4.525192406447045221e-03
3.724113768770691019e-03
3.893338020331046836e-03
3.537046726112320297e-03
3.282382020685230360e-03
3.301309235817937327e-03
4.051484619832818913e-03
3.930576022466829474e-03
4.908358036652035392e-03
4.901525442457959486e-03
3.573984548813771440e-03
3.388895502476814772e-03
4.254232228652856350e-03
3.397277270560063265e-03
4.283586700538387533e-03
3.697682375561414745e-03
3.991021955694525232e-03
4.140954919917210625e-03
3.956689332784271707e-03
3.835549591537724349e-03
3.263669907520895530e-03
4.578097171916569244e-03
4.942023743228142474e-03
3.668389990498731410e-03
4.004669929160153095e-03
4.257642909604374311e-03
4.633555421913681215e-03
4.717457196714166211e-03
5.004655184041704834e-03
5.299107215755577416e-03
5.624793006966690573e-03
4.856076269215593363e-03
4.376491735250715928e-03
3.074966516732442149e-03
3.596256997530217648e-03
5.017518473897902148e-03
4.494744026015184968e-03
4.381138488820705834e-03
4.190811800096947044e-03
4.306876311738087014e-03
3.626960987935610309e-03
3.879569044105491207e-03
5.006238669214289547e-03
5.114837076971242430e-03
4.925245945312567777e-03
4.029286223129400352e-03
4.230167479269904100e-03
3.722461310426184583e-03
4.561945679602288917e-03
4.118267261303159774e-03
3.390964300568865587e-03
4.593312932800816192e-03
3.497094367053376045e-03
4.027252929193998916e-03
4.533056758133887851e-03
5.332423620815340305e-03
4.465007647290900571e-03
4.630087243304706855e-03
4.052729940774170078e-03
4.921471140018555956e-03
3.920500700818720270e-03
4.015126810956178884e-03
3.678424183177866989e-03
4.037327361820222497e-03
4.030938365924162034e-03
3.466538220545998042e-03
4.467632707614088011e-03
3.707936275331610593e-03
5.453697735205441204e-03
3.766939845436831184e-03
4.126180516580524142e-03
3.949102453418160998e-03
5.354087584611083930e-03
3.735634910862299478e-03
4.084089124638160852e-03
5.258915014057733567e-03
3.470204605546658994e-03
4.829348395243225969e-03
3.899243869003097499e-03
4.049710910273451002e-03
3.840312463442392774e-03
3.828148723974685291e-03
4.480070208016797423e-03
4.612395809625509033e-03
4.412664412070959122e-03
4.403006912760083769e-03
3.953952462219937833e-03
4.789401731013203517e-03
3.592947467324578321e-03
5.392463570071666205e-03
4.102247978823257528e-03
3.132323702388342158e-03
3.573711188660302907e-03
4.526017977950315581e-03
5.232816426803367331e-03
3.308006569780155837e-03
4.300275077298171440e-03
4.690412132143485097e-03
4.751449989925897802e-03
3.716801529018658352e-03
4.693829844129174603e-03
4.199060001687239876e-03
4.104799535170564236e-03
4.176972139018180798e-03
3.821009953198433590e-03
4.422156009296488929e-03
4.750695447035496385e-03
4.534065090907705292e-03
3.693819586306720717e-03
3.272994134618881137e-03
3.136007340345573890e-03
4.062368737427203731e-03
4.281615357902372569e-03
3.762649616836614627e-03
4.169323922505778317e-03
4.560666990167919557e-03
5.614696870165788133e-03
4.227600380959148536e-03
4.890374135191800746e-03
4.343702916406557910e-03
3.240242224351309614e-03
3.481577382691873439e-03
3.613190490078815702e-03
3.421130718900507357e-03
3.677727133232392993e-03
3.926258144437816920e-03
3.708559500673639861e-03
4.244374101103438532e-03
4.531204475967632976e-03
3.669086481223946331e-03
4.213219884686578154e-03
4.606756291931718428e-03
4.493835528234956488e-03
3.909361469307294501e-03
4.234873277073375637e-03
4.102513016708985230e-03
5.128382473338124678e-03
3.599551498214856836e-03
4.040528361948515258e-03
4.082815928320410181e-03
4.348680804505378715e-03
4.279534119238281344e-03
4.563932344187550567e-03
4.243474557337627122e-03
3.723536259394070406e-03
4.497345356992154403e-03
4.139810010398512624e-03
4.391718858716775822e-03
3.767503696427653998e-03
4.060746266961105626e-03
4.312043876975284705e-03
4.427543747961197249e-03
4.286459495245957367e-03
4.820377341852599001e-03
4.431152748862678299e-03
3.846271453277583501e-03
3.576466803030002237e-03
3.686819958184406852e-03
3.438519659302554082e-03
4.153304972688380385e-03
4.112577883728102922e-03
3.494161653969619745e-03
3.381048434901695598e-03
4.102131198901502220e-03
3.927220921511737940e-03
4.047671477026970957e-03
4.350910826891861774e-03
4.359309890103220744e-03
3.471892346793569849e-03
4.616173206616778699e-03
4.581029267106326991e-03
4.639158447577539264e-03
3.524673698343335718e-03
4.853123945450385501e-03
4.361495860213543581e-03
4.926209764263212582e-03
3.304216493963685070e-03
3.789850285018664475e-03
3.156851421893505823e-03
4.335319310348478491e-03
3.752492760904329195e-03
3.323958964539467948e-03
4.786865638973608790e-03
3.785064804162596632e-03
4.926388814522294525e-03
4.841700098509322224e-03
5.002300385069939799e-03
3.811696053725674785e-03
3.692979664521524926e-03
4.297550544957499073e-03
4.330776810448387810e-03
4.164479788800200082e-03
4.215723762489117198e-03
4.083896495490976428e-03
3.767548403989850157e-03
3.535636396843146439e-03
5.663077207386528825e-03
4.370313621146235811e-03
3.208025763447949156e-03
3.862849077909672434e-03
4.157835027330032684e-03
3.087755973887887188e-03
5.077019313008144900e-03
3.830714145762409775e-03
3.194968455819994450e-03
3.666291913489294098e-03
3.961530201550976862e-03
3.483087756333217572e-03
4.082036478242018727e-03
3.710882229432353307e-03
4.238577879098845251e-03
3.220367647438575429e-03
4.901416240743082173e-03
4.269172911925896673e-03
4.214458506769750215e-03
4.278586423395862662e-03
4.571352062474315532e-03
4.835405165516414028e-03
4.194244111258823085e-03
3.545749916006993730e-03
4.431991577051532134e-03
4.709989355200902041e-03
3.860895348726829570e-03
4.450573960497810830e-03
5.235427852250112458e-03
4.226008012767702542e-03
3.765405316455773792e-03
4.054006997691629588e-03
3.870171951042059282e-03
4.728297411514576984e-03
3.591378981583444839e-03
4.717462335342228336e-03
4.568262337257303699e-03
3.427034695842241709e-03
3.534494797108720179e-03
4.896702145620272090e-03
3.961216117572601871e-03
3.693318747566032637e-03
4.294862863932896561e-03
3.844725172838710583e-03
5.192298299317774264e-03
4.302373396060435277e-03
4.306708510080167578e-03
3.938677325087911255e-03
4.219061925701089212e-03
3.698655095215564945e-03
2.790117724369458891e-03
3.549642792589432008e-03
4.630190175270263754e-03
4.059567903326314828e-03
3.869627180388820250e-03
4.436396054002872923e-03
4.865320970645228491e-03
4.021536790638128786e-03
4.470158829351730638e-03
3.485936040018044243e-03
3.923883084333372288e-03
4.697141237337698269e-03
4.556720252815337456e-03
5.118626981720453446e-03
4.536660383747650495e-03
4.124302918345867063e-03
4.050487758422394516e-03
3.985656478934813431e-03
3.979490925749251153e-03
3.834642223771199138e-03
4.051449884149687861e-03
4.156351515192583876e-03
4.051040438022191978e-03
4.444216384833016113e-03
4.311954221571345260e-03
3.500898119024914608e-03
4.435292087206423040e-03
4.122195801429050233e-03
3.723164277885261837e-03
4.492918704179927301e-03
4.354214694473749689e-03
3.753443926445211316e-03
3.821638455638607604e-03
3.373863652956340421e-03
3.315943195026160167e-03
4.236168612129284985e-03
4.294789018849589669e-03
4.579950221015509880e-03
4.570358272791281810e-03
4.389988857082416374e-03
3.823048003465684234e-03
3.500396945521570997e-03
3.566703765118114759e-03
4.736727608232082359e-03
3.657869332083073938e-03
4.043950745156642268e-03
4.612776074037044580e-03
4.114882293298381503e-03
4.074250786370870077e-03
5.069427974346509339e-03
4.116961648983237521e-03
4.558709137139369504e-03
3.414164730016655547e-03
2.503455184504604653e-03
4.206093989559611494e-03
4.083835360693926185e-03
4.134422060961955546e-03
4.523243749048950178e-03
3.935842652130978718e-03
4.002862994340795726e-03
4.594847865409277220e-03
4.074919910457623987e-03
4.038529523589691472e-03
4.858127442615848765e-03
4.768801222046040872e-03
4.256249735869084561e-03
4.284445895035256420e-03
4.174885932226801537e-03
3.729655131478541719e-03
2.445495181416722143e-03
3.400788383297798957e-03
4.704240843240668421e-03
4.512959436296521895e-03
3.081130486147340766e-03
4.116593331815423217e-03
4.133249812886275083e-03
3.647908444424972137e-03
3.854802145203518535e-03
4.863989793722054214e-03
2.913566794855253043e-03
3.781083861468378157e-03
4.528053077509010260e-03
4.135397005927249001e-03
3.896412965568365853e-03
3.973949888942627032e-03
4.705440787743065192e-03
3.579818819980384176e-03
4.292151368157855022e-03
5.210727070421639073e-03
3.656925124211153188e-03
4.741525461141407084e-03
3.998533075868149732e-03
5.931611037619735280e-03
4.296183403728857930e-03
4.384343712780069090e-03
4.024081898386461242e-03
4.973585972137027113e-03
3.582488822533470146e-03
3.910695847172644159e-03
4.362285964202491755e-03
3.631249034748697865e-03
3.984351150863185351e-03
4.418087056557237421e-03
5.342691629580402675e-03
3.550085467993647007e-03
4.542661678719609950e-03
3.463566199010024559e-03
3.396144506132350686e-03
3.888534619925079067e-03
4.657183202242274646e-03
4.157633369555732358e-03
3.404559262001078963e-03
3.837044126642914429e-03
4.367995122507411718e-03
3.375006329947482370e-03
4.720632077557712636e-03
4.310386020399327445e-03
4.379120798422331089e-03
4.595400210047099858e-03
5.082372900565405166e-03
3.520807010452698099e-03
3.555389405336037249e-03
4.143840838471686376e-03
4.265527857993492954e-03
3.068000347941585680e-03
4.538498329329119715e-03
4.625095697767543472e-03
5.195370234539161899e-03
4.259887458143697854e-03
3.785874687623177852e-03
4.062603861328779702e-03
5.915465094356833070e-03
3.673227458102295076e-03
4.362223004834887841e-03
4.299925001047621639e-03
4.389962198194844942e-03
3.902178424681406431e-03
5.083316973493327666e-03
3.742585455607954237e-03
3.837114676903787772e-03
3.486730097052788066e-03
4.005870623281853130e-03
4.725719671015177203e-03
4.915091591227978805e-03
4.473743429673725930e-03
4.987985644060700073e-03
3.751369607301395428e-03
4.276060982562390755e-03
4.628194463342266869e-03
4.324208656603058774e-03
3.856340869281440868e-03
3.880034278355947754e-03
4.240471010986051476e-03
4.350240164291337489e-03
3.412875272548614863e-03
4.022424071889157959e-03
4.159570363938405908e-03
4.150608149852685891e-03
5.194379569700837557e-03
5.268886378272111086e-03
4.117303226986970127e-03
3.423825366805341875e-03
4.476730123834046261e-03
3.881158545777851736e-03
3.733076733835629518e-03
4.586420840226989454e-03
4.478925245068776824e-03
5.006513903225860186e-03
4.448981281041585259e-03
4.096917178306697799e-03
4.798247777359545066e-03
4.752689408951438731e-03
4.340258025639059068e-03
4.218116510547440315e-03
3.753982385868239163e-03
4.315468637905084913e-03
3.674890175086909481e-03
4.242829008548488351e-03
4.647414531565812086e-03
3.756696773196193176e-03
4.406650658461898525e-03
4.073234532533475880e-03
3.599337429564238109e-03
3.181031352881492219e-03
3.658953890245811042e-03
4.278119539707304388e-03
3.898812864357300342e-03
3.100576623976477111e-03
4.435098849937197177e-03
4.206357667271584319e-03
4.360131117682928235e-03
3.845255063223127802e-03
4.936586500099424298e-03
5.189530599810354521e-03
4.313527014260132297e-03
4.199156616233594430e-03
3.956544681060237927e-03
4.073442323738968827e-03
4.209813833879381094e-03
4.191309867055448106e-03
3.697256838677311520e-03
5.078100571398018633e-03
3.801077622251393569e-03
3.371395290842623977e-03
3.881325834294238001e-03
4.886229672077279859e-03
3.242220567815526887e-03
4.856960187458412084e-03
4.172341511110714066e-03
4.656487538960664245e-03
3.826674131199862133e-03
4.234696244519217841e-03
3.778044586863732891e-03
4.212717049019517983e-03
3.921280175343437764e-03
4.579317439012781273e-03
4.844560360943695430e-03
4.440679330478211964e-03
3.682464516423762137e-03
3.796624314820046513e-03
3.549674877836910426e-03
4.316840774438613672e-03
3.964147725297160335e-03
3.911792885638955275e-03
4.109846802608126994e-03
4.270034690007745194e-03
4.190104035216936189e-03
3.563864812469228968e-03
4.644525685535949230e-03
4.532726610200472558e-03
4.570691868964530530e-03
2.756785180189182463e-03
4.724622733113395881e-03
4.115373609119290892e-03
4.121496543777111547e-03
4.368514149506280177e-03
3.558554941447422855e-03
3.099000562486522829e-03
3.983446732058146603e-03
5.074565383684050308e-03
3.907731838575122761e-03
4.111319318857045366e-03
4.490536903736416265e-03
3.941013484437041851e-03
4.173995681670823743e-03
4.023059129684532047e-03
3.987948966411236466e-03
4.137003836386482850e-03
3.944414860201419896e-03
4.243617414831687973e-03
3.807006529696828432e-03
3.551122061282105131e-03
3.467172338438210318e-03
2.762101378310647011e-03
4.340398781082252348e-03
3.144923285845651825e-03
4.388076030389490706e-03
4.014811552936008686e-03
4.204563394036199206e-03
4.050792378556933304e-03
4.353800230695435529e-03
4.259115238607755899e-03
4.651705413980245819e-03
4.672888639205645053e-03
4.730704589553581807e-03
4.046933201925973292e-03
4.156404742064968329e-03
3.985382251861739784e-03
3.650354062733956236e-03
3.562394195583946585e-03
4.605245723447944778e-03
5.037999297044384352e-03
4.029072291616728023e-03
4.134353538924192932e-03
3.582036401818214366e-03
5.762540698358659119e-03
4.749100519305080731e-03
4.143512039006403379e-03
4.989299877117211318e-03
4.576187555384463902e-03
4.043448855747137916e-03
3.699885985787010594e-03
4.792296010617910773e-03
4.168412238166342362e-03
5.048424991641693380e-03
4.715389259490740913e-03
3.606772592625923871e-03
3.238984657551350049e-03
3.678154114556044657e-03
3.606248320395158587e-03
3.373679499888491799e-03
4.495664997445879274e-03
4.028473809845253654e-03
4.723520079262248823e-03
3.914023599925089622e-03
4.105787855695065651e-03
3.753745374622314245e-03
3.169396209877960169e-03
3.964735192928655304e-03
5.293910005563551117e-03
3.690016860812160224e-03
4.291839601539928530e-03
3.916634023155628891e-03
3.913761041486520792e-03
3.322430030684913292e-03
3.405673816009885651e-03
3.834258091155410587e-03
3.835861307672321086e-03
3.360381960630558131e-03
3.878709268301433737e-03
3.922087063644648028e-03
4.790529579802273001e-03
4.252697298329676662e-03
3.934568916864121350e-03
4.230162623843345023e-03
4.632467634656406777e-03
4.277257110050084951e-03
4.446669584734174591e-03
4.432919975972194129e-03
4.394979556843171646e-03
4.639986391110809995e-03
4.484236307802817907e-03
3.915742079136072529e-03
4.643214127086884094e-03
4.155081734931991705e-03
3.654858298468036289e-03
4.443531441456966165e-03
3.508023074072421244e-03
3.863545099170983405e-03
4.652782733346460219e-03
4.308225693303812526e-03
4.157120627277888746e-03
3.668274977590204114e-03
4.966698026718574695e-03
3.491549714046072311e-03
4.374153419588981163e-03
3.590275604530303397e-03
3.527120710100062860e-03
5.633277688188631852e-03
4.024012986646206130e-03
4.472142780704358930e-03
4.480208716371933408e-03
5.022432283424059681e-03
5.034140164448842013e-03
5.416741029979926618e-03
4.450904386254644907e-03
3.592667850969133610e-03
4.055359253101777951e-03
3.924330120400898632e-03
3.491197046357787537e-03
3.548411379572101194e-03
3.745791337682312285e-03
4.048361955064691715e-03
4.356989057587674560e-03
4.575751539749742594e-03
3.411421897092502264e-03
4.615168071960469923e-03
3.800682833834040982e-03
3.888947939257905630e-03
3.691772797441671573e-03
3.835972528343926762e-03
4.108090199465811061e-03
4.265123332258985954e-03
4.884218759663246437e-03
3.666038663195761698e-03
3.191492137788906353e-03
4.147491089751973760e-03
4.495566017871598617e-03
4.689706687122797112e-03
5.033612923192931632e-03
3.454499307592614338e-03
4.720616544350826095e-03
4.046777584571120343e-03
4.356186775137984787e-03
4.583328382943330920e-03
3.694272807321769946e-03
3.717091355825326293e-03
4.264774561271343460e-03
4.339324508700037261e-03
4.315934937238236242e-03
3.977653172601133304e-03
4.007128563746101442e-03
3.209373780365532350e-03
3.732144743679863957e-03
4.420216714968261927e-03
3.613629722842589317e-03
4.049102843316849248e-03
4.495114389314591556e-03
4.510366072834148463e-03
4.447899454629643777e-03
4.095257099354786268e-03
4.637687163022461562e-03
3.347934914471981972e-03
4.245317558410909714e-03
4.178496540258567343e-03
4.250054443188489885e-03
3.964421197147297710e-03
4.933146837940169740e-03
2.829517982424214605e-03
2.488626342416183808e-03
4.274100293451679050e-03
3.352544388550099917e-03
4.924351685932026011e-03
3.918789778676799035e-03
4.176698567438648542e-03
4.218693575288950080e-03
3.804680298785336270e-03
3.774661662733170761e-03
3.502482174572324383e-03
3.893170149953451616e-03
4.710277024794384988e-03
4.100182718412449280e-03
4.165531439298414580e-03
4.042960513559039869e-03
3.898692572468436413e-03
4.143433197996816177e-03
3.741575895052580685e-03
2.618619747019785855e-03
5.252690884815044113e-03
4.431113426960587090e-03
2.949398116998722119e-03
2.940019926557749241e-03
5.016184959720940660e-03
4.611040716537571742e-03
3.471820080781343448e-03
3.429123074360179973e-03
3.830854485325824524e-03
4.809543740596808163e-03
4.088154791113561039e-03
4.147944942818657978e-03
3.831177179759186115e-03
4.948671079283927486e-03
4.078969308684871065e-03
3.353381325504217660e-03
4.050005492414277507e-03
3.948680099006813583e-03
4.186507492211656752e-03
3.183009902301813226e-03
3.713013138060103531e-03
3.968093525650262694e-03
4.291596122449937295e-03
3.757887244858518130e-03
4.024269170936435602e-03
3.554860006669637029e-03
4.301194064591567709e-03
3.458740527098940094e-03
4.871206785336095954e-03
4.384696471505956233e-03
3.967932815921781931e-03
3.105694139452260059e-03
5.237965363921954880e-03
4.186303871395664553e-03
3.634771263425890225e-03
4.430054579998872824e-03
3.886145259784651827e-03
4.328962140214210469e-03
4.032912345756480346e-03
4.033867786150580406e-03
4.169349860243362800e-03
5.389113109578490442e-03
4.258409403460996709e-03
4.342394012530319085e-03
4.721874566340372205e-03
3.541783139621090034e-03
5.857654330645321351e-03
4.138184157745921840e-03
4.129191962196110052e-03
4.703188192560774257e-03
5.330057873054242640e-03
4.808668025972882148e-03
4.467396919604037231e-03
3.824861888161772139e-03
4.262931779425984877e-03
4.105619680142154858e-03
4.841769539356661003e-03
3.297424088104770196e-03
4.535048100959042199e-03
3.593056993180207201e-03
4.397505703976688045e-03
4.549115324707130384e-03
4.078645252201250002e-03
4.876484507702621637e-03
4.557863883451525149e-03
3.816125633538388490e-03
4.870213278429518997e-03
3.656482427413651742e-03
5.096935822675129762e-03
3.774821506301894759e-03
4.038510258541851486e-03
4.695145118075449119e-03
4.382244486724978447e-03
4.543748291114695081e-03
4.120833940966930203e-03
4.352582090761919487e-03
4.027190896749791547e-03
3.848070521585791361e-03
4.046407249518173613e-03
4.043592742036295623e-03
3.676620077383916784e-03
4.411671209554033669e-03
3.543077895688613935e-03
4.582105371071288659e-03
4.793859045255032501e-03
4.106511292300715071e-03
3.087727219053569300e-03
4.390983478403942541e-03
4.931877232475872196e-03
3.712006827279641392e-03
4.255252728582160915e-03
4.214199608660255947e-03
3.700286189479872444e-03
3.634183160274101314e-03
4.062458138426323050e-03
3.601063956846039301e-03
5.077577788822397811e-03
4.175013796511636149e-03
3.800691929410321412e-03
5.094434572380745346e-03
4.572050461914433164e-03
3.783680164107983048e-03
4.251290429274950239e-03
4.470347214784748530e-03
4.813445906651280491e-03
4.667028135599602008e-03
3.854630614132369473e-03
5.299620402027180321e-03
3.369325185286931035e-03
4.286952102162493866e-03
4.077354900907207390e-03
3.264074565701660918e-03
5.186070694280244496e-03
4.147427068832274487e-03
3.071900045924373483e-03
4.150675809208298830e-03
3.992390755577794950e-03
3.443679193470039306e-03
4.391819323901281595e-03
3.865811357886642444e-03
3.503560937934702742e-03
3.885967878238711943e-03
4.824441797328484979e-03
4.589044450429208277e-03
4.377553809707713378e-03
4.340805953936265581e-03
5.155784586318043657e-03
4.604374937889270207e-03
5.047642912105617351e-03
4.552888947749740393e-03
3.510637558398448620e-03
3.776345233769288177e-03
5.197964760734255334e-03
3.643344308709893335e-03
3.918041445750016470e-03
4.015444912091060622e-03
3.493165590369104630e-03
3.810011050895688138e-03
4.547767233710856526e-03
3.843226408412782694e-03
3.505048406581274048e-03
4.503706578725752765e-03
4.465668417235272268e-03
4.132200647576394353e-03
5.051988694402907015e-03
3.044289276014747886e-03
4.356224238929594546e-03
5.091301239497649476e-03
4.018146060455717039e-03
3.793360787717361352e-03
4.337223698395463282e-03
4.482927985444530930e-03
3.783920179475189129e-03
4.370344952452013924e-03
3.810444120136822002e-03
4.101045421979478481e-03
3.338521345459781551e-03
3.481433447174634051e-03
4.319344871429801717e-03
3.969004808115591740e-03
3.908154309613685873e-03
4.023554248848801307e-03
4.007977551358983884e-03
3.788403615940781101e-03
4.816177300632496806e-03
4.015364123116105417e-03
4.754552362482552218e-03
3.984227886852882705e-03
3.371661597972738789e-03
5.065707357919334818e-03
3.538400737063040515e-03
4.093810554692270225e-03
2.953119476145132580e-03
4.426992586660036776e-03
4.977107656957881904e-03
4.832922285022356323e-03
4.792110136567904154e-03
4.013477545314729673e-03
3.548533072277256211e-03
3.864973994374731273e-03
3.708815466635994890e-03
3.613835949251341731e-03
3.472853727630809476e-03
3.431629591386913241e-03
4.270174951290151531e-03
4.740406180653241458e-03
4.359918418849625076e-03
4.929708407151535236e-03
4.742826083267891180e-03
5.885789136732527856e-03
4.056341216911650734e-03
4.318141601970940276e-03
4.461073911320931340e-03
3.663007040415947740e-03
4.880733266733847629e-03
3.239768303014783479e-03
3.705556863668017786e-03
4.469174594526594858e-03
4.536520077269897561e-03
4.909878421961288292e-03
3.227069144519739002e-03
4.769745339677199276e-03
4.134140671742877159e-03
3.741067494887056078e-03
4.303581307661135183e-03
4.161760698995753231e-03
3.431130622700717930e-03
4.782214390888235751e-03
4.563006969917899995e-03
3.910835764771756866e-03
3.332339884728031856e-03
4.478386086847451104e-03
4.754101517608312275e-03
4.300182252578159392e-03
4.295027339986615122e-03
5.358395231550706732e-03
5.303236073134450120e-03
3.392833983572476116e-03
3.872839353101345354e-03
4.335606453569389174e-03
4.660251700342357695e-03
4.026130685781386699e-03
4.328969190526893093e-03
3.058146328633934603e-03
3.700695765898944899e-03
3.687919707123363776e-03
4.053894608522583612e-03
3.114448772588999850e-03
3.736390163940562104e-03
4.091936287790735698e-03
4.073790306687165123e-03
5.089978350188837340e-03
3.548328989787912988e-03
4.263421177698808670e-03
4.018540349996582196e-03
4.289566359388822386e-03
4.818231838753021974e-03
4.228728294831850081e-03
4.536998093438245408e-03
3.929034906874532586e-03
4.095103608579619969e-03
4.307340537792136992e-03
3.626616231718811281e-03
4.165063116447414310e-03
5.362105228845857018e-03
4.059410912039867515e-03
4.153783998060846076e-03
3.746233582769694336e-03
4.456418127991267943e-03
4.209356246597930479e-03
5.066339679787539192e-03
3.628139016911777377e-03
4.838600673640038041e-03
4.591632863703275572e-03
3.842099968955408826e-03
3.666810686568828213e-03
4.233522759782523334e-03
4.292572253958319359e-03
3.977969339440608036e-03
4.130795264788505831e-03
4.481818491875148511e-03
3.043007128777789130e-03
5.244236199055896108e-03
4.786415568308141459e-03
3.825096151992529291e-03
3.627005533255803216e-03
4.088725563921287789e-03
3.824498642471500440e-03
3.965685702941646774e-03
3.976569848952882062e-03
3.868904689676207903e-03
4.734493809859030740e-03
3.655049061601557247e-03
5.059681856659148033e-03
4.657385140036476336e-03
5.066840402846673960e-03
4.555504085959753355e-03
4.896555365339659051e-03
4.000342262134715457e-03
4.071742506208828050e-03
4.381017987615442623e-03
3.403486295088486036e-03
3.900588700507733823e-03
4.458404000796383805e-03
3.565105529064411041e-03
4.544770339387470444e-03
4.407763964264100297e-03
4.391881493102804505e-03
3.584740613021455968e-03
3.270002818768197924e-03
5.004594560437906382e-03
4.352457983954880795e-03
3.735749934036430679e-03
4.165017146917789591e-03
3.674661295052129937e-03
3.744456855298153655e-03
4.078565464106062750e-03
4.564942334070542715e-03
3.347396648053499197e-03
3.816243812455376826e-03
4.950757629320688517e-03
4.682286736109739049e-03
4.149274784761986835e-03
3.898669850833753718e-03
3.967362070020433347e-03
3.733910954244731850e-03
3.830678091113085514e-03
0.000000000000000000e+00
