1.013044734950175295e-02
1.121533122836705469e-02
1.194684176768222826e-02
9.955550140316883623e-03
1.232599112031927679e-02
9.245606976138407915e-03
8.199133114186003476e-03
1.172993174810568230e-02
1.260089218547328846e-02
1.212191906749507907e-02
9.193969828174206049e-03
1.293410990511400897e-02
1.243096760470362508e-02
8.775975940143678281e-03
1.279592897010864948e-02
1.184636488990778620e-02
1.125232456037633319e-02
8.610665930411175173e-03
1.054924324060611991e-02
7.680280697801621440e-03
1.215089991896084465e-02
9.483031312449222150e-03
1.126186177634268606e-02
1.165746141415430551e-02
9.464755240483945301e-03
9.695746400119314296e-03
1.346688576319656112e-02
1.031168879702040742e-02
1.115806166716114094e-02
9.318212319087011350e-03
1.182555053437106887e-02
1.128774715192674104e-02
1.092102375701299068e-02
1.110571072827182086e-02
1.047958517703677372e-02
1.107182204150455526e-02
9.553948918618288683e-03
1.268932032749324479e-02
1.158174136400145528e-02
1.261410404369839311e-02
1.167158228030298894e-02
9.421931175506718242e-03
1.178438465201850187e-02
9.304056144809827109e-03
1.192480434405932509e-02
9.587699606009521952e-03
9.200022833069816663e-03
1.512316475462196184e-02
1.190658703451516129e-02
1.068234106386347151e-02
9.469043019444737391e-03
9.789207355805887648e-03
8.830884518891173735e-03
7.612026390241239532e-03
7.710634812010523989e-03
1.052812469975344424e-02
1.127887516098634649e-02
1.029466480629243931e-02
8.200759917473677066e-03
1.389632761672556643e-02
1.072146881936476663e-02
1.052919745943478938e-02
1.208995730356385821e-02
1.028719373433008462e-02
9.716299587186703196e-03
1.320309959872497177e-02
1.112190324688029641e-02
9.263864672302751790e-03
1.370922612634566801e-02
9.040284036014357288e-03
9.802852854171314329e-03
9.521167620329175699e-03
1.020603002259701068e-02
1.162758169485422592e-02
9.155918306553283495e-03
8.487689586403905986e-03
9.855308234869958675e-03
9.751952151676932662e-03
8.586365678470342724e-03
9.420394982159388877e-03
1.056742537660365286e-02
8.498924697755353211e-03
8.849172331473375425e-03
1.342206397399461036e-02
7.385180674764350167e-03
1.094184527534066732e-02
9.069025517840202666e-03
1.155819631851922984e-02
7.275221698452105298e-03
1.179398529070348894e-02
1.060562312331160030e-02
1.054313552600370796e-02
7.026029228987066763e-03
9.957144959356010669e-03
9.996809826760670939e-03
1.032515541336419436e-02
1.100888619346107947e-02
1.113370940557099724e-02
8.636596854795407924e-03
1.222060260009888259e-02
9.014741172953349285e-03
8.817203543115279332e-03
1.037389244351682484e-02
9.716190224464259229e-03
8.764947448110073716e-03
1.325060318972904119e-02
1.000892761721686001e-02
1.038250519734958480e-02
7.056528219596724764e-03
9.011913916690901874e-03
1.074695644874665464e-02
1.096846509462809198e-02
9.015818789938125424e-03
8.470159411831658727e-03
1.102147612856045102e-02
9.476636647062532115e-03
1.168724737668422678e-02
1.256242872819359445e-02
8.540363636276320294e-03
8.125069166328904163e-03
9.707746631268304727e-03
1.081294097609385337e-02
9.894248905537009545e-03
1.045974731810787525e-02
8.503563181590859110e-03
9.012795552950324945e-03
8.962195939898812483e-03
8.552653710264368492e-03
7.853563753260442773e-03
9.721396293498612770e-03
1.076164677018098814e-02
9.892523835927881024e-03
1.198949230762356641e-02
9.481126944481516744e-03
7.358828678941541426e-03
9.094056659529883499e-03
1.124926396244871861e-02
1.214979401976617503e-02
1.221307518488858393e-02
9.530040541818832894e-03
9.349566681341446930e-03
1.117456953443864837e-02
1.047627145215084335e-02
9.508220842929482677e-03
1.035972454006674204e-02
8.411770674061624931e-03
1.052299447234889170e-02
1.074215426176192145e-02
8.142982760849043489e-03
1.162421765433501591e-02
1.190974012580147019e-02
9.959753558533462545e-03
1.045623941302613671e-02
1.163308024162044291e-02
1.204686878725091947e-02
9.461471522951268170e-03
7.968480652194616029e-03
9.733703303339830484e-03
1.046933703639467243e-02
9.859072231061031394e-03
9.091204351049791965e-03
1.207178369790484762e-02
1.202847457941932062e-02
8.802273342687433333e-03
9.956143797335387582e-03
1.017470789269712961e-02
7.317952835199145918e-03
1.077218539864143940e-02
9.404981317303745536e-03
1.098283076265106108e-02
1.045165489544543427e-02
1.329442495306158538e-02
9.205083114060956181e-03
9.734160805980796374e-03
9.245928037755259468e-03
7.676571650827591561e-03
9.741936831518102288e-03
9.174345194392394959e-03
8.948459708484577182e-03
9.013555585314672949e-03
1.109972445706091521e-02
8.553275661790680356e-03
8.284989095589719715e-03
9.854958526298049012e-03
9.197753838759304551e-03
7.892301533342246239e-03
8.785034939730301112e-03
9.999268143118298854e-03
8.551697284053963108e-03
9.706378230121291695e-03
9.002787871670549918e-03
8.109098887339972681e-03
1.016780803288275595e-02
7.976051194933300031e-03
1.077033513621894825e-02
8.878782729320314204e-03
9.807856188529711153e-03
9.635483379150051875e-03
9.985874300089837147e-03
7.654526565457460408e-03
9.379592700117189014e-03
1.060233239494964147e-02
1.189836628527645053e-02
6.784982080475647145e-03
9.211064314567253900e-03
1.101297291435360259e-02
9.840863391128476870e-03
1.115908199757577150e-02
8.753182798973312834e-03
1.040019471157107092e-02
8.110359645845893403e-03
9.221119735858266525e-03
1.138299030987896358e-02
8.948007983933520607e-03
1.135491033879212387e-02
1.058412435523988469e-02
9.182949418547947315e-03
1.086379110549133900e-02
1.202569592004748208e-02
1.026652231366231155e-02
9.953420513995215463e-03
6.961796342957658930e-03
8.657203670983559113e-03
1.076561687664588825e-02
8.599580034659971839e-03
1.046821824891490740e-02
1.012290839032492853e-02
7.385289346799487308e-03
9.044397855659209312e-03
1.136794269599534189e-02
9.977111633390298856e-03
7.632783732816140858e-03
9.175532700475080850e-03
8.106438088582725021e-03
7.774767899650655324e-03
9.323924330532700963e-03
9.737324546364061958e-03
1.024912972402918301e-02
7.966758100015406546e-03
6.827140854673285041e-03
1.149908390530060207e-02
9.493393129745718653e-03
9.816297035469979254e-03
7.900165512283953764e-03
8.075739876382905663e-03
9.322766200055133609e-03
7.980251371812626532e-03
9.156716201193111290e-03
9.811639399629906028e-03
8.957897663180978270e-03
1.283900140686226182e-02
8.425287771555545202e-03
8.177202569340591767e-03
7.130912439623686080e-03
1.089018882200845466e-02
9.512111258724888913e-03
8.830860526443677985e-03
9.604041504118240868e-03
9.954219927386515065e-03
8.775275315860694286e-03
1.203206772346386566e-02
8.696385211514102292e-03
1.057751979302154650e-02
9.227567778528400488e-03
1.044990896993383371e-02
1.009342320325447122e-02
7.570500103493744797e-03
8.053880789785444749e-03
7.417187922604393489e-03
9.588687402406221444e-03
5.837575464341947067e-03
8.670951729438622010e-03
9.090761798954327330e-03
8.768184431516274149e-03
9.176403864994474996e-03
8.827383807826867310e-03
8.887395122577879461e-03
8.111320388849463034e-03
7.794706118444494000e-03
7.999938689504472455e-03
8.043603833331922429e-03
8.238501427177351288e-03
8.435748914115305877e-03
9.826910828610511267e-03
7.788141553662662753e-03
9.638723699783309506e-03
5.580225010492254924e-03
1.000458414955842680e-02
8.345210390647861756e-03
1.050813290303705821e-02
9.100927955512438244e-03
9.197986426085415224e-03
1.114023410756970547e-02
9.498324296197154307e-03
7.274841802393130878e-03
8.055171412644305737e-03
8.227776300807681728e-03
7.536168130151135736e-03
9.188349586648453943e-03
1.035985923259581318e-02
8.653999297682462774e-03
8.081510289115467760e-03
8.175956311333066814e-03
1.100008900029548695e-02
1.237372207126606442e-02
9.283732777499342087e-03
8.934362066395104204e-03
9.594567907546123348e-03
8.706432472468975461e-03
9.521591039131175119e-03
1.086885444044487573e-02
1.084888645913531686e-02
7.789870052812931933e-03
9.707677158766865599e-03
7.425916047426996645e-03
8.553321544080724065e-03
8.144010882623812717e-03
9.056190787541879353e-03
9.371457658021400960e-03
9.372918334340205743e-03
7.693832994794176129e-03
9.086100431141592645e-03
7.870737503784207972e-03
7.461519872224698507e-03
7.082414456744387521e-03
8.234323055546751216e-03
7.559480147947882610e-03
9.507786694148645523e-03
9.966047215059727418e-03
9.341736226816240926e-03
9.492128081985247434e-03
8.206195986538124959e-03
9.475623066120793594e-03
9.298601072133523202e-03
8.373077504189588988e-03
7.543347470300373891e-03
7.090086646944194181e-03
6.820700813571107038e-03
7.601624731397854141e-03
7.425031308685205340e-03
9.682832740828796469e-03
9.961453863139582698e-03
9.198619777829980873e-03
7.905078057859121418e-03
1.040685094227444124e-02
8.803627596286002846e-03
7.914425673283773457e-03
8.570618908477401279e-03
8.227941922993843582e-03
8.751922353092951232e-03
7.589081707172095313e-03
1.152553086545808105e-02
9.386305018221956231e-03
9.067278171947679849e-03
7.642181111540935837e-03
9.854411115469776522e-03
8.061514036136531794e-03
6.099165276344765789e-03
1.110632162876914325e-02
6.297210227639760474e-03
7.819112593543968773e-03
8.824563893121601527e-03
9.461443193417922240e-03
9.430963426514796244e-03
8.159795133115287091e-03
9.469989597290166816e-03
5.117869560442585286e-03
8.942096388732709289e-03
9.896986839773927458e-03
9.045702792775753981e-03
9.820797576538342274e-03
6.870184067210829450e-03
7.761123336306667390e-03
1.027309429780801087e-02
9.494287547758082507e-03
9.194949059661356588e-03
6.318695489176601177e-03
9.228935736335774215e-03
9.138095144062276590e-03
8.843254461477972200e-03
9.873335448762824221e-03
8.509016021969743188e-03
9.440438832713211534e-03
1.093308866614304577e-02
8.748528384622231840e-03
7.033258888503455403e-03
8.080404621837330992e-03
7.653273831972139986e-03
8.920836522704143554e-03
7.850117163453518287e-03
1.231417939836398912e-02
6.661932195881894656e-03
9.289250327791893219e-03
9.042798500019171362e-03
8.188985958723062064e-03
9.598320689257035590e-03
7.916523645646848448e-03
7.726651205441440948e-03
7.298363792216057931e-03
9.815495923191242672e-03
6.233798156095450398e-03
8.773328232487744710e-03
1.052504250886173755e-02
6.301553353842097652e-03
8.252489019830937245e-03
8.419737293055952823e-03
8.854208895354778730e-03
1.024598177003558166e-02
7.642708866287482514e-03
1.027044199581176806e-02
7.258474188155529354e-03
8.926124253825849786e-03
7.888143918713909006e-03
1.093623682865417848e-02
7.461313884572592058e-03
1.050901559882187059e-02
9.861801673359354287e-03
9.787848448200310233e-03
6.302144251333088865e-03
8.092243054647689851e-03
8.075079092073984485e-03
7.234308833400589916e-03
8.471542956967045845e-03
8.311600923991940837e-03
8.860755117716112572e-03
9.836559917571706044e-03
6.971479734709792181e-03
7.126123735885738462e-03
8.222399946956072611e-03
6.966101043888513200e-03
9.346781956785531198e-03
6.114300952667624071e-03
7.564406332940297809e-03
8.958214811381615475e-03
9.692938656854714619e-03
4.447725382869505660e-03
9.478551671013898949e-03
6.975752097205949881e-03
1.025227891081409264e-02
9.224650201848707057e-03
8.881020572979680949e-03
8.786390007926286189e-03
1.039822866517065188e-02
8.254185860727191598e-03
8.287874222955113335e-03
7.226205973049146768e-03
9.820204276616792752e-03
6.993243585652014413e-03
8.244832774345543097e-03
1.021320147054152923e-02
9.026404080195296609e-03
9.184324671717890298e-03
8.264629930405258812e-03
7.750911295404463129e-03
9.898001531376380419e-03
7.691784269109559410e-03
8.570155838187341890e-03
7.920560018016557097e-03
8.224934540617769019e-03
8.494711533207811513e-03
7.419037902894448297e-03
9.085727024374965627e-03
7.289996737014948179e-03
9.315012826965970646e-03
6.970474462874331686e-03
5.326398149349958165e-03
8.359338854111388398e-03
8.195644776321377167e-03
8.384214398588616182e-03
7.865139054692419154e-03
8.297643234367414744e-03
7.166083528868659111e-03
6.971193068454338213e-03
6.677212155379783770e-03
1.107017237820299635e-02
8.048591628531474168e-03
6.174018064731826537e-03
1.040924087753523214e-02
7.925391959880744713e-03
8.053415566143286297e-03
8.916749053146036039e-03
8.063157153568960983e-03
9.950573144282328156e-03
7.067179826132691592e-03
9.270067663327396373e-03
8.362686323823868145e-03
1.017004579485606894e-02
7.750842389270631329e-03
7.276557173398856375e-03
7.396147374389054098e-03
8.847145639473369058e-03
7.456206442999568397e-03
7.314607318992842437e-03
8.477862529822665846e-03
8.137810428260106727e-03
7.786806860980038415e-03
9.699272078328574631e-03
8.523706743282708637e-03
9.421656824500482252e-03
9.700598293632744368e-03
7.727427372712901595e-03
9.426317387731902170e-03
4.808774262248105211e-03
6.270668358986746654e-03
6.520705767613340850e-03
9.328098257863600209e-03
8.814510947641225266e-03
6.711130055810654756e-03
1.125729193386680940e-02
7.667970876301626396e-03
7.346314839852105885e-03
8.054993484822777286e-03
7.024035162695244951e-03
7.309310932793006317e-03
7.126972378595405541e-03
6.525802145317614530e-03
6.604876360752165096e-03
8.824296641398190338e-03
6.116676779564204566e-03
9.839799089853709310e-03
7.432321008510153065e-03
8.614515033672739616e-03
8.832464426815529041e-03
8.603631093974502264e-03
6.640338470902329253e-03
7.081610443433796961e-03
7.240174498481545366e-03
8.277466296300420648e-03
1.090091240245885662e-02
8.682814738766300375e-03
7.520205865578593468e-03
7.718392114818871559e-03
8.011553377187599981e-03
6.675660266035063697e-03
7.561437463026688018e-03
6.962944777334996276e-03
6.611628155449808877e-03
8.298829798515813122e-03
5.201377744656991535e-03
8.474362410127844053e-03
8.074184376251651238e-03
8.646816359694973336e-03
6.158233809244224519e-03
7.403601738230375373e-03
6.580133766662830605e-03
7.876385923181785861e-03
8.849613355711388393e-03
7.449657638732861027e-03
5.292957960079940939e-03
9.082970370491787529e-03
7.603785178887580154e-03
7.518907902520424735e-03
8.667458045653983478e-03
7.184873918785418014e-03
9.111915279517636412e-03
8.965647790893349275e-03
6.138036938914317314e-03
6.459047479445950701e-03
7.352404169337582035e-03
8.103712465572074711e-03
8.292339585441062949e-03
9.183813096603632084e-03
7.889389004530534058e-03
7.287752968655266013e-03
7.008123840035999745e-03
6.761338782755010532e-03
8.332902172858470263e-03
5.711229545859953551e-03
8.307982660016687351e-03
8.135328756286265214e-03
9.897065460014778035e-03
6.806870733161754852e-03
6.927158142102792307e-03
8.219036958540102203e-03
7.830061857754257518e-03
7.172760763229027101e-03
8.453516352783935206e-03
6.394210794539847975e-03
5.784076212316623458e-03
6.249327201608432907e-03
9.630338381783102100e-03
6.418979020250497464e-03
8.979681436303784542e-03
5.972756589710451550e-03
6.977277231603994274e-03
7.849192453774774328e-03
9.253789560227281344e-03
8.702003046306331854e-03
8.741215395367929464e-03
6.181073871355177718e-03
8.106355325077842233e-03
5.922984843926200685e-03
9.052144532040137456e-03
5.349473468690488752e-03
5.864377097507645666e-03
8.383878344062550142e-03
6.890284116853221535e-03
5.553445472260681685e-03
8.510405172114484523e-03
7.859401527504505588e-03
6.434367482239267480e-03
7.550361488254236746e-03
6.408741545288184314e-03
7.419323368792117741e-03
8.130865202173209738e-03
8.893890227512748006e-03
7.558510255417198731e-03
7.514931097135496563e-03
7.937654170254580116e-03
7.260293224948173932e-03
7.080651227392852250e-03
6.429279953936766802e-03
8.669772844850869020e-03
6.302929918737954287e-03
7.229523415463953891e-03
5.776060878579225392e-03
7.912572998530742127e-03
4.534810249115605978e-03
5.055797594673075435e-03
8.458505346155151261e-03
8.368580162301910222e-03
6.554758877868117548e-03
8.113543766109159588e-03
9.674625740549530617e-03
7.666789281860850874e-03
9.077678651282972480e-03
9.159315396066024934e-03
9.445489021422311463e-03
8.894529542733654870e-03
7.437364827738050105e-03
5.855511394165268876e-03
7.480825900669909288e-03
8.058217395220036716e-03
8.118900740561391799e-03
7.218912603036678824e-03
9.781318471648136129e-03
7.370218369009367762e-03
8.835148113451648383e-03
7.765763271784814452e-03
6.405517207368218412e-03
5.416335963532355018e-03
9.311594206751701991e-03
6.858211907100129727e-03
1.040526067471868321e-02
7.234873712902259967e-03
7.298828402048037484e-03
8.024381963823865038e-03
7.447474394850012863e-03
7.244229599937567106e-03
7.010371230509536422e-03
6.698649555124335485e-03
5.276566432815373714e-03
6.564826600466445831e-03
8.039593523625702953e-03
5.862061979628177197e-03
8.172959648420593734e-03
5.298518681818151742e-03
8.801169392062751368e-03
8.632931005685006223e-03
6.179516996881416306e-03
7.765705401922994369e-03
7.546214734558764382e-03
6.750282209625865955e-03
8.135644641251653375e-03
4.850226723286758627e-03
5.648341228231665637e-03
9.314805330820182666e-03
5.455819813001543464e-03
8.057674464758309008e-03
6.913254238324758119e-03
8.432208625586535763e-03
5.890247324457353710e-03
7.277125527287376695e-03
7.386699929712097282e-03
7.063590817035266499e-03
8.237926388245169970e-03
8.589161154112888788e-03
5.940686752124712915e-03
8.691519888217579329e-03
7.540074549586679893e-03
6.693126669195880764e-03
6.043417327978339512e-03
5.869424434267941741e-03
6.081065308893138580e-03
7.492230900640497841e-03
7.539344489400169602e-03
6.312943603805856556e-03
7.913972339369527292e-03
6.976210681607955891e-03
6.098408422760174565e-03
8.070723143586483114e-03
5.890861645909628574e-03
7.563908281103023067e-03
8.042248337457310464e-03
8.718250894005050849e-03
8.263806259109824151e-03
8.381772599488766795e-03
7.810753956585475034e-03
6.753712630130753389e-03
7.021624144947080995e-03
9.227655415587810231e-03
8.608051127717626649e-03
6.516437910991859997e-03
7.541918979816277478e-03
5.766385277182652438e-03
5.337982642454070642e-03
6.757150995760493987e-03
8.314469378155607202e-03
5.678457712036611565e-03
9.603347623122692259e-03
6.978801672180374484e-03
6.183886093631289771e-03
6.207692885827958626e-03
7.338282486309638183e-03
7.744805392518800888e-03
7.603876832899655359e-03
5.247290135676224536e-03
7.068997950900642556e-03
6.413849978956765591e-03
7.328350906614784083e-03
7.373261201115471376e-03
5.883931684765412139e-03
7.513481263864824761e-03
5.971794712540637491e-03
6.811744365423441291e-03
8.118548159405325482e-03
7.996780513464472537e-03
7.024421642929555391e-03
7.882511767304450911e-03
9.864425063224132109e-03
7.137103975908298294e-03
7.987820738527546052e-03
7.544826406075680163e-03
6.546618490045021631e-03
6.083871160020573425e-03
7.170217530146770664e-03
7.544294051221803708e-03
9.868742930357858253e-03
7.166040066526323769e-03
7.741409902354510000e-03
6.859287201678619487e-03
8.597727586055349536e-03
7.548407559542554685e-03
6.137084783723848955e-03
9.085269020981232360e-03
7.106030900780035790e-03
6.894984020747884149e-03
7.335246583806983786e-03
6.352547794586144332e-03
7.260657150287345291e-03
8.181829700762576277e-03
5.166934124346592681e-03
6.220531425361759334e-03
6.650899797843350461e-03
6.527885768172206164e-03
8.029994910746032777e-03
6.516246318256117484e-03
4.481753468840897307e-03
7.068529444468799917e-03
6.984690655550103780e-03
7.847840170343328009e-03
6.074063088179028520e-03
7.801111886217392336e-03
7.544749380874367535e-03
5.488101246639718635e-03
5.524309054945392670e-03
6.827035651659655452e-03
5.878998666000183684e-03
7.345355278341968858e-03
6.680474726805763624e-03
6.335261107219399175e-03
7.763784210891140625e-03
7.596955381233077079e-03
6.912075436577119238e-03
6.437898298919150775e-03
9.428148268109252592e-03
6.041592101627214599e-03
5.098160137218726851e-03
6.978424677483214926e-03
8.877387915231314819e-03
8.208925264611107928e-03
7.872527383709332360e-03
8.653378700007695670e-03
7.367280438306480876e-03
7.500609704681795650e-03
7.239349300442981215e-03
6.880677495677503357e-03
6.456431184316437435e-03
7.100755258766380112e-03
7.493638272373208571e-03
6.457284985974262072e-03
7.405361022008871349e-03
8.760093348871534139e-03
6.288362873668137433e-03
5.154356937266173222e-03
6.913567183724581358e-03
4.844105991220669372e-03
5.283531081607861259e-03
6.656930736868464822e-03
7.693875186661864110e-03
7.804807797574767926e-03
5.932735960493741578e-03
6.841781298095853461e-03
4.811787974419542112e-03
7.464341395293704225e-03
7.598034364542679935e-03
5.622433136352895586e-03
7.108105543152344261e-03
8.092120474918378450e-03
7.828611108211272485e-03
5.587196727235940741e-03
7.466803805248590185e-03
6.843180833650196540e-03
5.380408974739583905e-03
7.252367023167330916e-03
4.818992149283914464e-03
8.217163357092896470e-03
5.246613761555466056e-03
6.119825488356337752e-03
6.415086251909178812e-03
7.865175442835253133e-03
5.527134735264658573e-03
7.190786225523481193e-03
5.418061972877500840e-03
5.343000372899007339e-03
6.239890225802754639e-03
8.402334441046552596e-03
5.536669032840566343e-03
9.568466995243810405e-03
6.779527017413572790e-03
7.192812600348727145e-03
6.801616861442663642e-03
6.693535820246180462e-03
8.026318350412170802e-03
7.164763441652485625e-03
6.641891811980808573e-03
6.729054674463789444e-03
6.521065476451403005e-03
6.980737831773718358e-03
5.270948926624604430e-03
8.250868084721457024e-03
8.440456894040255717e-03
6.447748542062621026e-03
6.142695568398073500e-03
4.540116358752602568e-03
6.690570880192243594e-03
6.007802171808585175e-03
6.369856994221546366e-03
6.395646228204844401e-03
5.855554858842172521e-03
7.216820516300659870e-03
9.144213411355043772e-03
8.567216884520818462e-03
6.689205145076626211e-03
4.897660803221340863e-03
4.766228466248884944e-03
6.498133021864635657e-03
7.562257559447469434e-03
6.557996100110674055e-03
6.859810641509120170e-03
6.037746665554011294e-03
5.498123541899062675e-03
6.744812611535375493e-03
8.963045367164633112e-03
7.774941927338391463e-03
7.008578454359354511e-03
6.496237775474280468e-03
6.392081916368214795e-03
6.949786785977529920e-03
5.720905411924952569e-03
7.339928940948733764e-03
8.978708443974494496e-03
5.580614505531004445e-03
6.838210375629970653e-03
7.167829065297438157e-03
5.633035974113644560e-03
6.844658386150254993e-03
6.844792898214099169e-03
4.849187232547953579e-03
5.223790880038687613e-03
6.997810722276975350e-03
6.739824927880195583e-03
6.321627311471893218e-03
5.338161675868121139e-03
5.052368440179569667e-03
5.526259114468903486e-03
5.938314654234507807e-03
6.458767895112465726e-03
5.552394826604994081e-03
6.571400412013476099e-03
6.966704105263368980e-03
5.549564448347119733e-03
7.010926401259818565e-03
4.047903058476592757e-03
6.118672650662153843e-03
6.031626329140277534e-03
6.482056007117924235e-03
5.468670824652193882e-03
6.953406701114454337e-03
6.674350838700950604e-03
5.157546188146056726e-03
6.030796548802850980e-03
7.819808261737127772e-03
4.742842505837187826e-03
6.201308378060006905e-03
7.415181879982096595e-03
7.245133361366547751e-03
6.302110857275563562e-03
4.194656078844934653e-03
6.834795645845002758e-03
7.656828715042059488e-03
6.468980778443793843e-03
7.630230074428169355e-03
4.345906365427226747e-03
4.909514818479092033e-03
5.878283923723372738e-03
5.254174736671259061e-03
5.587020346817841640e-03
6.818390375466282759e-03
6.477662728477506099e-03
7.807183545055091864e-03
5.557810883382343671e-03
8.154652610285532260e-03
7.135648520046417899e-03
7.756604693747570951e-03
6.034428624775141012e-03
7.675789793536012644e-03
6.248846928234072680e-03
7.979040381895436893e-03
5.370084497516061130e-03
6.394349324158759423e-03
5.895243150558899213e-03
5.909867372380006242e-03
6.361529176660594455e-03
5.405519370518532644e-03
5.187587425363984067e-03
7.318262112196652000e-03
6.782441483996529651e-03
7.137254193336587185e-03
6.859280706411387436e-03
6.091359810421035151e-03
5.402596503104877164e-03
5.871886982439982437e-03
8.119541192138151828e-03
6.512561873914022789e-03
6.125868930024896963e-03
6.830551840640546567e-03
5.809880389889989991e-03
8.623495007851353367e-03
6.935572074656753960e-03
6.941499601544078718e-03
5.406504717791332792e-03
6.038780883354531552e-03
4.775479964204884346e-03
6.898481324804111268e-03
5.567095076980323361e-03
4.867927966360839631e-03
4.592756931083749085e-03
5.692006023171830228e-03
6.435034967582906225e-03
7.609782160436617815e-03
6.185918304388229351e-03
7.290210636050641069e-03
6.606309147659371155e-03
6.161800581548546561e-03
3.391461917893294920e-03
6.244733226196545577e-03
6.261624558779724237e-03
7.009217873982149551e-03
7.423563290582925120e-03
7.305095191999807711e-03
8.147748764116722817e-03
7.402931168254702453e-03
6.446830903549491919e-03
5.317032354953370697e-03
6.448041088864868431e-03
7.886827077366593067e-03
6.171875424736309769e-03
4.889274793558823565e-03
7.419236195653608826e-03
3.862598382709858235e-03
4.862741309836379061e-03
7.581728953177294290e-03
5.181987682344757831e-03
7.154847979930140274e-03
7.014590292288124494e-03
6.839405158852267935e-03
6.916711637595047805e-03
7.588769419975926848e-03
7.858295249162858265e-03
5.246111844168873176e-03
5.019138067030025872e-03
4.962870560450259420e-03
5.948626380548757697e-03
5.349103558261299185e-03
5.542970713240211178e-03
4.503070844214142679e-03
5.398381187402962779e-03
6.859182415585795070e-03
5.500556449769548190e-03
5.429769609022759395e-03
7.063672834960708219e-03
4.646664627532037621e-03
6.951318958895151383e-03
7.348739177970460383e-03
6.085353603258884629e-03
6.424375537949620144e-03
6.468183873101253367e-03
4.729921678768273137e-03
5.003345583121682205e-03
5.875104406012341719e-03
6.679026164269419481e-03
5.337315492917164145e-03
6.840108104047861598e-03
6.115270832313798519e-03
5.015804010766475828e-03
7.857682859929883759e-03
5.131452013307027243e-03
5.014797139060834553e-03
4.880860169075289245e-03
6.903821692664242893e-03
6.180556075047507515e-03
5.695195971796226941e-03
4.987949564842041397e-03
5.391462294025400025e-03
5.293531043584957449e-03
4.559228495147788461e-03
4.747188651758414007e-03
6.743751545049182089e-03
5.482246020784373869e-03
6.387676623494007409e-03
6.621055806165932443e-03
8.083569304952924542e-03
5.999853743531879599e-03
4.886488634066415288e-03
6.345906157035122869e-03
6.395331449907888481e-03
5.380882716720156340e-03
8.701470450735488207e-03
5.570196327308494025e-03
8.320654755561443516e-03
6.381887538070194453e-03
6.048411397130115316e-03
5.613140717046179347e-03
6.751078452405512992e-03
5.342207197055724027e-03
6.140431750390203981e-03
5.096448566053860853e-03
6.564766474322744801e-03
5.604046385052270998e-03
6.454565767981001491e-03
5.024825075536067977e-03
7.082138138686513637e-03
6.328973579632314259e-03
4.988966459828623155e-03
4.238066579988982591e-03
5.665768177912409477e-03
8.173211466792392604e-03
6.167924300882719757e-03
7.128181673072813557e-03
7.022672450824885004e-03
7.516910357759870251e-03
5.440631055508319755e-03
5.300121751061957938e-03
5.843642384941232122e-03
6.710372156410599788e-03
6.055970269538440108e-03
5.848041870142379160e-03
8.778329723458003220e-03
5.477530813037619420e-03
7.117335877289629638e-03
5.286711842262072081e-03
6.049589720609339742e-03
5.147950752075763740e-03
5.712814697716257252e-03
6.137196955167970036e-03
6.196592028833654113e-03
6.678385085680818567e-03
5.281855236623215176e-03
4.119730245470884337e-03
5.495470053862159220e-03
6.300790332076673141e-03
6.952677203876100019e-03
6.478690273983629677e-03
5.404440229038187660e-03
5.747088487185335499e-03
4.119146962393262050e-03
7.202540185107356857e-03
5.026237906351756039e-03
5.468882673276906879e-03
4.253866266699129171e-03
5.060366753943164146e-03
5.668394058216768422e-03
4.115539370403768077e-03
5.388167382136521341e-03
4.438571203543776114e-03
7.422740251289037909e-03
6.215431717833554311e-03
6.434157761688855462e-03
4.243469459230592503e-03
3.933252490134472000e-03
5.889964852865567368e-03
5.868934970302296106e-03
6.663228141230724370e-03
4.814449400695416242e-03
5.566524458475616624e-03
6.793194987385380718e-03
4.963283627344354174e-03
4.423275568275090996e-03
8.029960591138869674e-03
6.408862617858673491e-03
5.348877876976769995e-03
5.385788152352266947e-03
7.112058172049561325e-03
7.911424552437869989e-03
5.581101135719041678e-03
7.447569982752985998e-03
6.690864267584875624e-03
4.711945202356736771e-03
6.617132341035320171e-03
7.324806079862227620e-03
4.836640833339783153e-03
4.590622690189951997e-03
7.951497745604793263e-03
5.047780284357017942e-03
7.088159742840838447e-03
5.336981011004505657e-03
6.013832415693490252e-03
4.388456110792669958e-03
6.316064341660449638e-03
5.649504258878050578e-03
4.921648942383486172e-03
6.181431159273927632e-03
5.666775734619012087e-03
5.949448848397568754e-03
6.740392052898681527e-03
5.693963252433147104e-03
7.332355684382233646e-03
5.077520872057029316e-03
5.451312063551171962e-03
6.504317255804509430e-03
3.847311204083579857e-03
4.697690491418219511e-03
7.231773454686336693e-03
5.279151547998615392e-03
4.740629000885818872e-03
6.102223288337517426e-03
6.129924136449372771e-03
6.640889688481418224e-03
6.489982237633410388e-03
7.015216234833527957e-03
3.589236613190909496e-03
5.890413609405396531e-03
6.235636939089979520e-03
6.658844245251488957e-03
6.628998462850812894e-03
5.263633962748411575e-03
5.229505417769813279e-03
7.093203712038153447e-03
5.323257309199826842e-03
4.265201283299093100e-03
6.067777085009319789e-03
6.222802804996006854e-03
5.941693948114395649e-03
4.320874175604043181e-03
5.903785719782613656e-03
5.340772591626435917e-03
6.073422936831979375e-03
6.284462902948808813e-03
6.859475663658606663e-03
5.085116389301733847e-03
6.774723869270226836e-03
5.780424850617162796e-03
7.251061546872530385e-03
6.163239867035418332e-03
6.610027336691172428e-03
7.352001149660608061e-03
6.121566655542629888e-03
6.929471256875015597e-03
4.794759062626320796e-03
5.752008775693918247e-03
6.453215417258224493e-03
7.128672231119560949e-03
6.877453622498762992e-03
5.949509179068062856e-03
5.693869420357287013e-03
6.679975212185526416e-03
5.868197491917641513e-03
4.798588770845662807e-03
4.649586618344325219e-03
4.905391729018326874e-03
5.983409837589807705e-03
5.460301930301095577e-03
5.616775502232249778e-03
5.159446419418443376e-03
5.130917442133041580e-03
3.705024788924286480e-03
5.013755882357107466e-03
6.840002266632692896e-03
5.654631875816575753e-03
6.939117144153982009e-03
6.353208316940809480e-03
4.935655791847385135e-03
6.951715681449793099e-03
4.828376115660753219e-03
5.871592544303369868e-03
6.748509452312721757e-03
5.141063055574220109e-03
5.667600325681685682e-03
4.498578558261529491e-03
6.220753465363905270e-03
7.486797055203830119e-03
6.258295674534577156e-03
6.529653648451250875e-03
5.031576326151553091e-03
5.859658783599390464e-03
6.000884614124974564e-03
6.246772870344589196e-03
6.000526788980957774e-03
6.442045691818321790e-03
4.920692240165300789e-03
5.236947948348560748e-03
6.434441338941784307e-03
4.541744222356917070e-03
4.093498459041983346e-03
4.560780348024384007e-03
6.097574191318463378e-03
4.353239415892697084e-03
6.867968804962500638e-03
6.433814018705436878e-03
4.703240467253664604e-03
5.585767855371827351e-03
4.165424612983029823e-03
5.991920286819787944e-03
6.160409268225990401e-03
6.883222617655565187e-03
5.598582206057226354e-03
5.426437248037370258e-03
5.879394954787822182e-03
7.126171267561034681e-03
5.174334096393532097e-03
5.985398349755130520e-03
5.495135764294683048e-03
5.384300840053373935e-03
6.065434191060051217e-03
7.084220633519613085e-03
5.698970848168747293e-03
6.659400612255067173e-03
5.045889243643914522e-03
6.442489916287540662e-03
6.311786563723905882e-03
6.345734437500958648e-03
7.736820412161488254e-03
4.595016991276014776e-03
6.067847229923480773e-03
6.172568283540433125e-03
5.294847075076812050e-03
5.703096291028302532e-03
7.513185981922719699e-03
5.394537248809562827e-03
4.311499983792080673e-03
5.695180194141685574e-03
5.129418942498814409e-03
6.259956709664089326e-03
7.850949675806420669e-03
5.294183474328292838e-03
5.237689802518019286e-03
4.504848450745608905e-03
5.172897859742532460e-03
6.253860744202932760e-03
3.921145498138008285e-03
4.667513722516848304e-03
5.349440559894369160e-03
4.164229801629068875e-03
6.342067545878157624e-03
5.636872344797082615e-03
4.669823184655904312e-03
5.360117123257389718e-03
5.154304958844221213e-03
5.185182388858380377e-03
5.961673207973817654e-03
4.908192331378117244e-03
5.445069146502163997e-03
5.332636699880662946e-03
5.626426275640126519e-03
4.888008678623819575e-03
5.862650076506842160e-03
6.307406531338199777e-03
5.575942441506988485e-03
4.714273294790122595e-03
5.761760806405069775e-03
6.731778773627314014e-03
5.962657157195312869e-03
6.654777508062861488e-03
6.428124132096216248e-03
4.879223939732902846e-03
4.732532342615483091e-03
6.517538132273781142e-03
4.198320190387835882e-03
4.711779214710853404e-03
4.570059729143725880e-03
4.851787435509793793e-03
3.700209340219282311e-03
6.463929531550553775e-03
6.080587772790800247e-03
5.384635379091251908e-03
6.455122132122886186e-03
4.609519324815137750e-03
6.094774375468268307e-03
5.104013445078134197e-03
4.472785928476496163e-03
5.337840256786622294e-03
5.319876033971662581e-03
5.264393790826178872e-03
7.524895477769523791e-03
4.182730623174601287e-03
4.457396500268554634e-03
5.922817304086457763e-03
4.545006508810126716e-03
4.781270208422849083e-03
5.621863527957945104e-03
7.230713886391900574e-03
5.715365416147639814e-03
6.462346776019632991e-03
5.434693975571675516e-03
6.393340439536517386e-03
5.494317597475907589e-03
6.024873409229245143e-03
5.329613774217024230e-03
6.046134480160438203e-03
4.972468823828807109e-03
4.858537025400440877e-03
4.510519151971191000e-03
5.179075864022207945e-03
5.742545147092008653e-03
4.345392645019326150e-03
4.369251644357971705e-03
5.849240402252701108e-03
6.635599846120231876e-03
6.042857831672274020e-03
5.112369548539916903e-03
6.402146873904843508e-03
6.953714472006917655e-03
5.286654203128176611e-03
6.377357542319371866e-03
5.803666209266371452e-03
5.706883236935442021e-03
5.110956802199810751e-03
6.169055609736124983e-03
5.889285285959429059e-03
5.777138272404129873e-03
4.867961525145292345e-03
5.601579477153819688e-03
5.983439919729808924e-03
4.974212928730625816e-03
4.970491550845500782e-03
6.025576996176793335e-03
6.103789073921876522e-03
6.404045562509741614e-03
5.376819650082951575e-03
5.017283383022683868e-03
4.288748033671497227e-03
5.450778881087203070e-03
5.730354146166080978e-03
5.007768750730469225e-03
5.180136220079531104e-03
6.768302706642673541e-03
5.653016549612918835e-03
4.700260448552487196e-03
5.097074647408307568e-03
5.017010521941480186e-03
5.448545081153187419e-03
5.152161871485247402e-03
7.263566637754234785e-03
6.092489949476686921e-03
3.899484201871951383e-03
5.416094900982324108e-03
5.018260019504237716e-03
4.484682712452279715e-03
6.052956393848173654e-03
6.013931351395897761e-03
5.010428502499232259e-03
5.256589343101317202e-03
6.002312500995693814e-03
4.591004901348975584e-03
4.920799624921721148e-03
4.057182661919768452e-03
5.529532447260621965e-03
5.509022731803820370e-03
6.846693349324742793e-03
6.750261152093302817e-03
7.195708901375069515e-03
3.241825670504992936e-03
6.503896682738386122e-03
4.329256776226413084e-03
5.212490374955238044e-03
5.770125299385285740e-03
4.496148005370002344e-03
4.843249325157008081e-03
6.313346180317680988e-03
4.216445976141577380e-03
5.690713361238043839e-03
5.941623903304176293e-03
5.678512563202719847e-03
5.190577441226196242e-03
4.170798572960859180e-03
6.419574232713722364e-03
6.752303366547917317e-03
5.400976768270751745e-03
5.636625312991549487e-03
5.778323534750092437e-03
4.626008292897348766e-03
6.021427086719201467e-03
4.877528391984742306e-03
5.288261582207301296e-03
4.630577624636059327e-03
5.456957706212536494e-03
6.581185834265106463e-03
4.705527322328891156e-03
5.541987968597132143e-03
5.309533771123599831e-03
5.004162430395297026e-03
6.679599984473713961e-03
4.852020422774556106e-03
5.656545853652874753e-03
6.182275613287183287e-03
5.231242263328223473e-03
5.451346760214501735e-03
4.784625652750350983e-03
5.124436842191238198e-03
5.467812000903739603e-03
5.493426407952499077e-03
5.406805545027323391e-03
5.459806658738956819e-03
4.906786496563157567e-03
6.070784240794885843e-03
5.134328992012704256e-03
5.850864251008539366e-03
4.092287747469914097e-03
6.062647756548122761e-03
4.292098571693627601e-03
6.292523832435815978e-03
6.781593993683207588e-03
4.907688042416826456e-03
7.152466371007705145e-03
4.889151175792026335e-03
6.305431368076165263e-03
5.315431746259847122e-03
4.807817670633894591e-03
4.654994770439791797e-03
5.460142855746865156e-03
5.567621683005542776e-03
7.165419854316497882e-03
3.599261856009235150e-03
5.281910099160770644e-03
5.016378046814015494e-03
4.504021009748762107e-03
4.873313640108232689e-03
6.172519293706225582e-03
5.115108071758010279e-03
6.058556042440965336e-03
5.390180907517784503e-03
5.376797061281055751e-03
3.895898962084713615e-03
4.908265789733261622e-03
6.123635175725874492e-03
6.384768579709309069e-03
6.650682339472743961e-03
4.068611408821172851e-03
4.718333264182029453e-03
6.095105317133059364e-03
6.831352537131548178e-03
4.894641425206148859e-03
6.116081303503296054e-03
5.542502247716710358e-03
5.120420489876319724e-03
6.413695306083508005e-03
5.729684905451385389e-03
5.036240996792759432e-03
4.757088451610532419e-03
5.067879237364527299e-03
4.756346343210256060e-03
6.620722696354071519e-03
5.723695824536332438e-03
4.588433215951747204e-03
4.382572861353485442e-03
4.963090291483875094e-03
6.240611409554235219e-03
6.111769015631754107e-03
5.339074981062333879e-03
5.565734608103402835e-03
5.225105049240653075e-03
5.231757554382812300e-03
4.132531206933363725e-03
5.452071112464976742e-03
5.856567015817165309e-03
3.897967023472696021e-03
5.163405650873306024e-03
5.741286867961409301e-03
5.081469254232006891e-03
4.135558648389307639e-03
5.500281956608496503e-03
3.875114904737426719e-03
4.868530852928869279e-03
4.489588026682773264e-03
4.435751535452837381e-03
5.363940876271696898e-03
4.950510328944030848e-03
4.644504940931197361e-03
3.765470695130643947e-03
5.897319930287471881e-03
5.450188913773536779e-03
4.919826978580280584e-03
4.658760594445864565e-03
4.062301749028516228e-03
4.512468054082960714e-03
5.388899448470068319e-03
4.888465891099968812e-03
6.002026617488419487e-03
4.650178990041918710e-03
5.971824976133871359e-03
5.295109366210807439e-03
7.683154417156666180e-03
6.113427590103122020e-03
5.904565689552111231e-03
6.944324031261734503e-03
5.257776576362681135e-03
6.158148491466349829e-03
5.498319677948906858e-03
5.469036743808250271e-03
4.801447299868540942e-03
5.477443098329259907e-03
5.427830427966282012e-03
6.142788113873606445e-03
5.244007537937751817e-03
5.623237838049740395e-03
5.638175305133868304e-03
6.225495815578740988e-03
5.203787920194364799e-03
5.755108396047850863e-03
5.891208549748574996e-03
4.748888773816615540e-03
4.844378840920014924e-03
7.074355971688170083e-03
4.408529419278585382e-03
4.998537704581086996e-03
5.990471262554560375e-03
3.687582724361801022e-03
6.431824151186482652e-03
4.892457552504141625e-03
4.946955433720683776e-03
4.673904875390454995e-03
4.763760287411401666e-03
7.409154955951092851e-03
4.420398453597473680e-03
4.940926681104772407e-03
4.723093758220659258e-03
6.061288472661282255e-03
5.552490269756539358e-03
4.482701122454340464e-03
5.825789211064717407e-03
5.372517146910738180e-03
5.438430899996236564e-03
5.051737070783301684e-03
5.101594449519759183e-03
5.427737038835331838e-03
4.882223508781605159e-03
4.362678188909661393e-03
5.367783764656787644e-03
5.263532184249538823e-03
5.592833082278821956e-03
6.523137955996815597e-03
5.356191683029583143e-03
5.289201681163461892e-03
6.538365436874036055e-03
4.945185329583886603e-03
3.891678490338216188e-03
5.223942938317879640e-03
3.365104780323849212e-03
4.423686371843793194e-03
5.186403591659515672e-03
5.633046364325262727e-03
6.374296437887142126e-03
4.499282975893107925e-03
4.964997692607289737e-03
4.108223533448847851e-03
3.653874843389805140e-03
6.703906829463518631e-03
5.536083237485719261e-03
3.890265581658476982e-03
5.724193407792154895e-03
4.725067541940572609e-03
4.831953788455829214e-03
7.060687469289578071e-03
5.386735054572849846e-03
5.294070179379068569e-03
5.699771184949424876e-03
5.846265419436403807e-03
3.801746638927551002e-03
4.467016500573357807e-03
5.028170317101918717e-03
5.475772677335206430e-03
5.507027326166531560e-03
5.852107552642690780e-03
4.705684313923403674e-03
6.595344043817162084e-03
4.556831068376202172e-03
4.486141898223008039e-03
4.632485479552953325e-03
6.381552725838140865e-03
6.474928126861535620e-03
5.186136706513604609e-03
5.460718479559955804e-03
4.559476977778559315e-03
5.657765981634955109e-03
3.827801895508047090e-03
3.852814595597618078e-03
5.173910739308636327e-03
5.051659799147379358e-03
3.830999435571743033e-03
6.264100914825633526e-03
5.004162129920618901e-03
6.081713907572331400e-03
5.062512859485036876e-03
5.726475671003799367e-03
4.355589140854375894e-03
6.352043092948977433e-03
5.235063735215217569e-03
3.859508340834928632e-03
3.495014798073101808e-03
6.831819043236610732e-03
4.883250605480041542e-03
4.255449306383969101e-03
5.577494081283261053e-03
4.363113811084276192e-03
5.138369573616457554e-03
5.414347842448813744e-03
5.321141288548924056e-03
5.321488944693048700e-03
4.649399439643064381e-03
5.342423774830410560e-03
4.630646078256908313e-03
6.600025791400503106e-03
5.435620145059721561e-03
5.871862992345936588e-03
4.596885067426796125e-03
5.497154279197819134e-03
4.111221603039620816e-03
5.534956985245633072e-03
5.062247390585346805e-03
5.236517771361797781e-03
5.133481074037458090e-03
4.386904563446238949e-03
4.128124832297758000e-03
4.636454700281442132e-03
5.771740875934622608e-03
6.106237349543346127e-03
4.225563384120736843e-03
3.776280336505495258e-03
5.051875849085986359e-03
4.745959754160150243e-03
4.171709722969927855e-03
5.353670670061308999e-03
4.587230896616840969e-03
5.981121610846312601e-03
5.169058337126530497e-03
5.080117417917371161e-03
3.770673364022744233e-03
5.129556119743919167e-03
4.892932850057428104e-03
4.933395207873052246e-03
5.004269631166236888e-03
5.289876539763563486e-03
4.162550521246543428e-03
3.497852133858045387e-03
4.821150600870171068e-03
5.803179519658419917e-03
5.267193797214610174e-03
5.772048703184492514e-03
4.805099031174524075e-03
5.039021996373141410e-03
4.213210635936199752e-03
6.266930487576764970e-03
4.840156954522796713e-03
5.015504177872173210e-03
5.621282392475148749e-03
5.009624692881175893e-03
5.634528689154761662e-03
5.526801920898338945e-03
3.754878265245275952e-03
5.117450110611341217e-03
4.532223870551921503e-03
6.254035950388203702e-03
4.814993798823417187e-03
5.107148254205406447e-03
4.733096941698649619e-03
5.980064877892364052e-03
5.234228496139536196e-03
6.699715183732629122e-03
6.569924492614800937e-03
7.830301738090244754e-03
6.036825266577976710e-03
5.589246208414476620e-03
4.408674787767782877e-03
5.863763117289528051e-03
4.864167558547420091e-03
5.512756743965439334e-03
4.886276363841742486e-03
4.270128247810370953e-03
5.084724156934564837e-03
6.075402128166691382e-03
5.942586116157412383e-03
5.122752869880872577e-03
6.074401319524479897e-03
5.240501146602477393e-03
5.189168155936550210e-03
6.012710356520439142e-03
4.826387598578808606e-03
3.784268693156719009e-03
4.599986549446029825e-03
3.883891288450189942e-03
3.654987144128361756e-03
5.039523905005967482e-03
4.745295176710233320e-03
5.781531116969301776e-03
5.544385368197075024e-03
4.880812025846236607e-03
4.939186666704593366e-03
5.234330347596488631e-03
4.565335141488826090e-03
4.918470546636711030e-03
3.607184108031920473e-03
5.229830586111040326e-03
4.593977231391542168e-03
4.460011961200403829e-03
6.158062036117870584e-03
4.060155491423749971e-03
4.333260745758716302e-03
4.643923308886556411e-03
6.177330418841590724e-03
3.516674079678826052e-03
3.627239578034635332e-03
5.550928613025410928e-03
5.424517166394927578e-03
4.139744585037410766e-03
5.809300892219256690e-03
6.145688956572666409e-03
4.795160958167319493e-03
4.570050569068491095e-03
6.120755206034098062e-03
5.227072025258197585e-03
5.318684372771451466e-03
5.345845710393038776e-03
4.398043845860182162e-03
5.214931920172353151e-03
3.899261164106615236e-03
5.373283094428660603e-03
4.723745524160900128e-03
5.323594447057554239e-03
4.296252862457941406e-03
6.186717758361579694e-03
4.387520718896039708e-03
5.892198596685454051e-03
5.082370760002342426e-03
5.974094386682483014e-03
2.834145130065308504e-03
5.039661879406432191e-03
5.334136557038089872e-03
4.672168681971285847e-03
3.875030105752140346e-03
5.541177991753794101e-03
5.456069715330932532e-03
4.985539980668671038e-03
4.183399355294456154e-03
4.993487003209375052e-03
4.741882065392786019e-03
3.753780332772411153e-03
5.516873173308117252e-03
4.846403869033490998e-03
4.738827528279868778e-03
4.802779730898544021e-03
5.714293625039934370e-03
5.726385269851066474e-03
3.973509803525749479e-03
2.319302460313076367e-03
5.150921801310818192e-03
5.656860664113641350e-03
4.302229504942137010e-03
4.582105477853490663e-03
6.216151481695972661e-03
6.628497011380274882e-03
4.147971200155880014e-03
6.539393986462923615e-03
4.824996013593322447e-03
4.558925062109977881e-03
5.057044601754202146e-03
4.761778543421730722e-03
4.889254429455275157e-03
4.031681400129618308e-03
5.698136315467981945e-03
5.017123169002634872e-03
6.012373381746752808e-03
6.464028331805082676e-03
4.922947406866294562e-03
5.530707902429628578e-03
4.994953240474004318e-03
4.762925629657571193e-03
5.529725793996712220e-03
4.837990841216928926e-03
4.780882412609582105e-03
4.394636978490619635e-03
4.726460896931132701e-03
5.397727498171530670e-03
5.947184314151525431e-03
4.031022603598928208e-03
4.929638272430597254e-03
4.885092992180122516e-03
5.566326305324200731e-03
5.365514758514199414e-03
3.632503466216535463e-03
5.881033902455058519e-03
4.656953525140358416e-03
5.302450644734282674e-03
6.014889297102398065e-03
5.534166395480794032e-03
4.211854856706558244e-03
4.551587400047586371e-03
4.530950946710830991e-03
4.491709860760110737e-03
6.021161336492983351e-03
4.633622773288912505e-03
5.052070199720280763e-03
3.912075668834802747e-03
5.384379288106088367e-03
3.944311428162685686e-03
5.114516713992852195e-03
7.069720424805324421e-03
4.819606964908736829e-03
4.410266804185824195e-03
5.649196461314580711e-03
3.763611467488803351e-03
4.760631760445588855e-03
5.990608788194531041e-03
4.834481939800289521e-03
6.572778242570720061e-03
3.827811478482125423e-03
4.000445129077846544e-03
4.093189804678862287e-03
5.078454398989086169e-03
4.467380050947998386e-03
5.369203034071355456e-03
4.032654515368883953e-03
3.247999801201944311e-03
5.878954475392095952e-03
5.343888166347888352e-03
5.204004220303790756e-03
5.893407095512354782e-03
5.625103336492353300e-03
4.283544163066822438e-03
3.944936615592845378e-03
4.565139314786803570e-03
5.455580553207486569e-03
5.751194506506619904e-03
4.570839329579422065e-03
4.088511242589677047e-03
5.494660228096280748e-03
4.391707360476193069e-03
4.705385898018319725e-03
5.183210952168101036e-03
4.780008872572373384e-03
4.763679238139858357e-03
5.207733218790089325e-03
5.555402674072463728e-03
4.303862910956432995e-03
3.516921965724186926e-03
6.027847455469434977e-03
4.586411950927948671e-03
4.775240999188904399e-03
4.046957238878441665e-03
3.728835685040533636e-03
6.625074531637840415e-03
4.523052984798253857e-03
4.019566268388060498e-03
4.828760455407888133e-03
5.028080131456779366e-03
5.061265733799255422e-03
6.524230248022937044e-03
4.778952640887150147e-03
4.922410353737659283e-03
3.912987456031579402e-03
3.987887045540864338e-03
5.052966951418986011e-03
4.075142060252319107e-03
5.138169171568283608e-03
5.710423071002784443e-03
5.959921947685875056e-03
4.166428636422984423e-03
3.972888578399103726e-03
4.710817298149899690e-03
5.402640583703771301e-03
4.252114955748730572e-03
4.543717840417619246e-03
4.987653226309497929e-03
5.053554675757687686e-03
4.763450736879542430e-03
5.517028322418323152e-03
4.302220889866352309e-03
3.786908143942064285e-03
4.237831707644629589e-03
4.203924454710207363e-03
6.115256856730135956e-03
4.531282741611814685e-03
4.803897887022480322e-03
3.759641102649698835e-03
5.860355890775078951e-03
5.250911369177576130e-03
4.904493589237137602e-03
4.858272177411460807e-03
5.687081700761563441e-03
4.672635113288874445e-03
5.884053183022605951e-03
4.371028329673836733e-03
5.378157510364412787e-03
5.605123232129909094e-03
5.740135527156894901e-03
5.051341468343109944e-03
5.229252457440005351e-03
3.712322201716569767e-03
3.807950106479340152e-03
4.352942572079342501e-03
5.048814195875200167e-03
3.756053370773486649e-03
4.032708377300827166e-03
5.162776902964425450e-03
6.194759225516258648e-03
4.638938291677881937e-03
4.061027768654806511e-03
4.817614195439487955e-03
4.807822724937758918e-03
5.815802505183684940e-03
4.352149316633110825e-03
5.906890858750285002e-03
4.637013078947587776e-03
3.910806055489430069e-03
4.480094703697519096e-03
5.374422559011771128e-03
5.627291280437116648e-03
4.019798134161803836e-03
6.142108988619426196e-03
5.461948102249431468e-03
4.621199334755092883e-03
4.768089172534089107e-03
4.999634964124697808e-03
4.891985600223806158e-03
4.442211529802151532e-03
4.086360411814233574e-03
4.784454130218200422e-03
5.277238299221096753e-03
5.171733293842945174e-03
6.504727470183932665e-03
4.954846342421507545e-03
5.432717830034380739e-03
5.032040951957463155e-03
5.409149153209744619e-03
6.014308951626746481e-03
4.101655900846815604e-03
4.988609038902217137e-03
5.036155925351212814e-03
4.074267977939873518e-03
6.272579997265074689e-03
5.043893828470022433e-03
6.228275383336794729e-03
6.159668394181034255e-03
4.749282942206361179e-03
4.806972627859604219e-03
5.056722346406277400e-03
4.844173993443562018e-03
4.867934772272015410e-03
5.217052833602037892e-03
3.343227536525072464e-03
4.647248126721458504e-03
4.747969864838007086e-03
4.069530871464522095e-03
5.307428663508947757e-03
6.106702526552693251e-03
4.781725857571022566e-03
4.157642648618403367e-03
4.984663289983997173e-03
3.938989239545419470e-03
4.995871624040986239e-03
5.991828005837634454e-03
3.504185357919767981e-03
4.268904749020975900e-03
5.113528918337910921e-03
4.861239098484383681e-03
5.719314648990296915e-03
5.627347024278344517e-03
5.045593423441923145e-03
2.866615803148384045e-03
6.188097480812271983e-03
3.013806119159421430e-03
5.287710698682062879e-03
4.541340696194370863e-03
6.018593400303622748e-03
4.879243759673845653e-03
4.306940962753602956e-03
4.834398152832388405e-03
4.960291676838549969e-03
4.193333170420079567e-03
4.305619494263532993e-03
5.139080355834466790e-03
4.606153914057905738e-03
5.119677840719732108e-03
4.721493792015889722e-03
3.846856383616734792e-03
5.174002524883833040e-03
4.640366104978805965e-03
4.276432465051231181e-03
4.644662398068105311e-03
5.567355126909803373e-03
5.603353239165790624e-03
4.491379160437622593e-03
5.753426256960954104e-03
4.858977240446546789e-03
4.355361004142192967e-03
4.023163267262662261e-03
5.679568772747536388e-03
4.640536207644490804e-03
5.084024173667258013e-03
4.667194247196756497e-03
4.570062106274234807e-03
4.206626124247434158e-03
5.370115984380518029e-03
4.940499621194395508e-03
4.862548419358437256e-03
4.161596153609596442e-03
4.593924096684077509e-03
5.621385415612482374e-03
5.566520654144683881e-03
4.688883776132314260e-03
6.216810414579597779e-03
4.022889636461534496e-03
4.444598614127171984e-03
4.464448161394087532e-03
4.346667782034633470e-03
4.949308664110921123e-03
5.820725260732870741e-03
4.047033678393673062e-03
4.539928863200733480e-03
5.802385793822342243e-03
5.279584414504373893e-03
4.153288498231215604e-03
4.125597720172151026e-03
4.947462908614931251e-03
4.860538398217739350e-03
5.040618172873418019e-03
4.762919411058552654e-03
5.267109437682152527e-03
5.722706591095100964e-03
4.174743732368849450e-03
4.595538950282745429e-03
3.829071457382661556e-03
5.260560640501598870e-03
4.380668007505812700e-03
5.261507767786551687e-03
3.882680101156589514e-03
5.935291992957932548e-03
4.157569606698555825e-03
3.251253202193414311e-03
5.660104955564545029e-03
5.970692148781020156e-03
5.353204723975251572e-03
4.789007893260640442e-03
4.565028453618540788e-03
3.840059984204956950e-03
5.000307677567684961e-03
5.778251085042053134e-03
5.086371239145793567e-03
4.759833695810383042e-03
4.807792297034760472e-03
4.742172382368738462e-03
5.160063795547858816e-03
5.256165938443787232e-03
5.236281790798023167e-03
5.766370407195580035e-03
5.222934826121745922e-03
4.090794337908593495e-03
5.574847134162703478e-03
5.162639836299454284e-03
5.188879438360094291e-03
5.449616831881667726e-03
4.229365638171670577e-03
3.288341868582192028e-03
4.749785114337444318e-03
3.471626766551402440e-03
5.757135090233967897e-03
4.886468279038655611e-03
4.500446516602727570e-03
4.613891728577976768e-03
4.325702417250703452e-03
4.649167129515202439e-03
4.602735391582749025e-03
5.262873696173214072e-03
4.192860971805395347e-03
4.737143954317249439e-03
4.930214349346729100e-03
4.723304619301676999e-03
4.928683015008190546e-03
4.761605404763663042e-03
3.024712809519955990e-03
5.019357644521879776e-03
5.004660303560632545e-03
5.337262669542320627e-03
5.140676906894811257e-03
3.637557903070358541e-03
4.129291693638389125e-03
6.443380926485075579e-03
4.312843642692396930e-03
6.013945641832977099e-03
4.288370376200583388e-03
5.328106794995372472e-03
5.076261698911759511e-03
4.780501131415862068e-03
4.599378976733135664e-03
5.629431278242062915e-03
5.033270179507138599e-03
4.881214312277446996e-03
4.627513959409389373e-03
4.811082296165621920e-03
4.235565611859048833e-03
4.930796765851526604e-03
4.386301168219690350e-03
3.509198195569948955e-03
5.024945367343255920e-03
4.560283230439013402e-03
3.828030990160678770e-03
3.762568737993620197e-03
3.462418941314002966e-03
5.103816864765802971e-03
4.444963259844154566e-03
4.423921816550670759e-03
4.560965136102135796e-03
5.493223960653641040e-03
4.318300041302155882e-03
2.624417665955254900e-03
4.744038360395150256e-03
5.037691875273653426e-03
5.147183948600688938e-03
4.895801911680579960e-03
4.239543038926829772e-03
4.782004937765030848e-03
3.363763098736343837e-03
5.751269492883993861e-03
5.072072324374268283e-03
4.355530704337005204e-03
4.235475164657235593e-03
4.920276403065614208e-03
4.204600210719969429e-03
4.815834300397934566e-03
5.090376372783721182e-03
3.088164792612492580e-03
4.130406406084100902e-03
5.036653457101030948e-03
5.577821011532917150e-03
3.979213444525727533e-03
4.876563428784515264e-03
5.071743969617297995e-03
3.315202449718183866e-03
6.041598766369448391e-03
4.066226855113507822e-03
4.624113054438462427e-03
5.060204346411631589e-03
5.039272134132682414e-03
4.841489830578136686e-03
3.995362969243626029e-03
6.120087036177903304e-03
5.537586195410820061e-03
3.207461795512738575e-03
4.346478902203592190e-03
5.432497166078017331e-03
4.898470617801834251e-03
4.576080392419082203e-03
4.768552292672306216e-03
4.686765795850885916e-03
4.434503215960458947e-03
4.685731577770258123e-03
3.979038865301410231e-03
5.345466639958509902e-03
5.385415862365181168e-03
4.306604781706813330e-03
5.437303426958260515e-03
4.032571196769128320e-03
3.506980298249058950e-03
5.768720783047966497e-03
5.917847250250895044e-03
3.922938935190632345e-03
4.119947771627859370e-03
4.288006099218651980e-03
4.327299958288879402e-03
4.482179998372406646e-03
4.416511818255207215e-03
3.986610291995296672e-03
5.336953112647619714e-03
5.880031101042535423e-03
4.557170674091366204e-03
4.787242028803127131e-03
4.334456890089614413e-03
4.462511305951833915e-03
4.732793926243351879e-03
4.035029799950714917e-03
4.507830196960877292e-03
3.343979910610362684e-03
5.105216470218199541e-03
4.806931140406623358e-03
4.628791200777674156e-03
4.984094875844630873e-03
4.577341042929564813e-03
4.062627762863826875e-03
4.678584435229535092e-03
3.849029408087682042e-03
5.745249804968327254e-03
3.754007778036808768e-03
4.634881104419779664e-03
4.291034963931882225e-03
4.595471299873296611e-03
5.706064288899964990e-03
4.596275366125388180e-03
5.242429341693236045e-03
3.542789220011117145e-03
4.679551904838568331e-03
2.929609762385228418e-03
4.824906554522365859e-03
3.733214308506579114e-03
4.576044584738172410e-03
5.042010608452167537e-03
4.535518462220555769e-03
4.616178774379053364e-03
5.346147951559233197e-03
4.248385482585210864e-03
5.603519764023243491e-03
4.413656913104317160e-03
5.083355467130084952e-03
5.051432316847157683e-03
3.954091782330915184e-03
4.985856779633222879e-03
4.670460374631435659e-03
5.852157082949270041e-03
4.815971973392749704e-03
4.517425984989885054e-03
3.815268786073734882e-03
5.352109403132074457e-03
4.376998598013342838e-03
5.661593109716906921e-03
4.262790612587619328e-03
4.439270862345120160e-03
6.215210273172968279e-03
4.903729699607234892e-03
5.579928839868860714e-03
4.528712802814654007e-03
4.700520817670392031e-03
4.735249595517443053e-03
5.012621098542059152e-03
5.397970096184982920e-03
6.188956545093344391e-03
4.645541111030586194e-03
5.250412874249489083e-03
4.624734690889765673e-03
5.129650390183041614e-03
5.040970226924923817e-03
5.744462394154347708e-03
4.940327210160817134e-03
5.026868834542149236e-03
3.285476571202239869e-03
5.318263782194303409e-03
4.552237564244004595e-03
5.678645538016808582e-03
3.868639290096015024e-03
4.484535502726125916e-03
5.646331215056265423e-03
4.166004024895433866e-03
4.647874092031773451e-03
5.407875108497341675e-03
5.592586319275189705e-03
3.439635015431422981e-03
4.023415203857075989e-03
4.685207011099634493e-03
4.069226720632934842e-03
4.167965904108256181e-03
4.785487991282403111e-03
4.198341566620121014e-03
4.453412739570230920e-03
3.985604219227958933e-03
5.597287627174545206e-03
4.459688335118150958e-03
4.862748860970600440e-03
4.646012775255873965e-03
4.193003628492191284e-03
3.869655104146355225e-03
5.287035847253969065e-03
4.346714607507231806e-03
5.084803464576564437e-03
4.700923747062333950e-03
4.573996978728038162e-03
6.264354861355092043e-03
4.250406632387473092e-03
5.538527429429378895e-03
5.022675457129997800e-03
3.564841835128405682e-03
4.471835843260952778e-03
4.635348198724121432e-03
3.860607589841172707e-03
4.210086012861396013e-03
4.124104663136767684e-03
3.700827650729268930e-03
5.574387962941734255e-03
4.704882882404845881e-03
5.243962329791110669e-03
3.224452540821199070e-03
4.580326124200500594e-03
3.574056598629272823e-03
3.801767865942537895e-03
4.095495178081001546e-03
3.257665461771962114e-03
4.401256889949253272e-03
5.161333019742232742e-03
4.875290897273596574e-03
4.911128225358529428e-03
5.915375989654249669e-03
4.321393479513981235e-03
4.179724741374893013e-03
5.828290682361627131e-03
4.826696156082940087e-03
4.092589974186332073e-03
5.045488945520994715e-03
4.402915088871485992e-03
4.531644138127947051e-03
5.252526917845633248e-03
5.124259547618278780e-03
5.034943507996432303e-03
4.670226348359588983e-03
5.791314439956297619e-03
4.240009753387236589e-03
4.569062225700854310e-03
4.706037206321545506e-03
5.137500437061689497e-03
4.025513041496950502e-03
3.970513527652674325e-03
4.363721379697735152e-03
4.953902765684393972e-03
3.572153611610780471e-03
5.930644522772681587e-03
4.578585764522536024e-03
4.223642352430148975e-03
3.060415134421509004e-03
4.042661384344268562e-03
4.888927283014961669e-03
4.743452470004178370e-03
4.592398718056815536e-03
4.996692258172978282e-03
5.068758857906498043e-03
3.776459988597979760e-03
4.581206877988003474e-03
3.899907315099260686e-03
3.839406236491137939e-03
5.211788538336514440e-03
5.196907631906134799e-03
4.011890975057764291e-03
4.689650775146356892e-03
5.068303435967843988e-03
3.946111823659784884e-03
4.258527518500318867e-03
4.375293629360282356e-03
3.121216003000835265e-03
4.025067651210565735e-03
3.756024715636382353e-03
4.562821832694635357e-03
4.899908589970738623e-03
3.860311642826745344e-03
7.078221182929563850e-03
4.201016579996220447e-03
3.994015188586643762e-03
3.788181504101297871e-03
4.251921642057768583e-03
5.794277103438274894e-03
4.073387959967089689e-03
5.509866408339236105e-03
5.173773523804186224e-03
5.094961801870820026e-03
4.386227465733681143e-03
3.403546367591784184e-03
4.855819522483335177e-03
4.060021241861453203e-03
4.302629565300892557e-03
3.964592834707260198e-03
4.656522115649735193e-03
4.885175866178155524e-03
4.803670945593048643e-03
4.971140470562605135e-03
4.400906630484697005e-03
5.110927592045342790e-03
5.235108802424527467e-03
4.613090424244205984e-03
4.399525149613525178e-03
4.872575847753504198e-03
4.905866304752308504e-03
5.439421433919081929e-03
5.145427444898571269e-03
4.637843016732240593e-03
5.753232013338137503e-03
3.766957226552199341e-03
4.741085999700851532e-03
3.514628696284553995e-03
3.987199608685595281e-03
4.308086930794385178e-03
3.808244509762995830e-03
4.366220227140337438e-03
4.313936418413961450e-03
5.148684754956533646e-03
5.889274145862225841e-03
5.268147487981883134e-03
5.401419474045649274e-03
4.714905664637190040e-03
3.819208600552243937e-03
4.320716410777372674e-03
3.904656938331916780e-03
4.964071079521014361e-03
5.437846620055712156e-03
3.766429878556092417e-03
5.015466853430001690e-03
3.637764224331218026e-03
4.739861762995424381e-03
3.817255212128882903e-03
5.309601868415296001e-03
3.955776931165862556e-03
4.277126468017925648e-03
3.831688476318639673e-03
3.589561471647523348e-03
4.775591810749448517e-03
3.591300924791992078e-03
4.407393690594852906e-03
4.218509605785843858e-03
4.043987719119511957e-03
5.362165681766714598e-03
3.869957311523654353e-03
6.082977924707978420e-03
4.910535251836263375e-03
4.612393965203042713e-03
4.709140911803655696e-03
4.816587458214850390e-03
5.263430479064111663e-03
5.713356697383407262e-03
5.522383069942100355e-03
4.881831613852181430e-03
4.275106486815682255e-03
6.261230193714921281e-03
3.667049391236877013e-03
3.966869420653050191e-03
3.058143380279171146e-03
3.455318342450246737e-03
3.889947051935145356e-03
4.250606292049248155e-03
5.398446683291084625e-03
3.705225268242059999e-03
3.752739946349658521e-03
4.928529874174513228e-03
4.233503929426946435e-03
4.419173787270178066e-03
3.531183814251661127e-03
3.995850306229582934e-03
4.370184913710688755e-03
4.673738996621694224e-03
4.414876913551423615e-03
5.031461848438153160e-03
4.501027600864574568e-03
4.014274520082065922e-03
2.748899067463658752e-03
4.732231049761713784e-03
4.226718359704020010e-03
4.271374703632222457e-03
4.444116436364148499e-03
3.805569392065760032e-03
4.268160947031875672e-03
4.518417584251183290e-03
4.583139886704783346e-03
3.601785444427031344e-03
4.515580971839432654e-03
4.426603492879096352e-03
4.637052881109546450e-03
4.178726892485226142e-03
4.857386812022485706e-03
4.242797901859585684e-03
3.154870435270469564e-03
4.126635900269391179e-03
5.105904589242174670e-03
4.721738877591761044e-03
4.903836557216751865e-03
5.600277900155635653e-03
4.476472676977169204e-03
4.642092615298074217e-03
5.308503007611076706e-03
4.594783830034181865e-03
4.918123051397400164e-03
4.177264543824446390e-03
4.389978601362680248e-03
4.354178187392719612e-03
4.093314856932387703e-03
4.005266785665993583e-03
4.420961652156534666e-03
5.077693101024831172e-03
4.674960754576877250e-03
3.141410560711122794e-03
5.759102659372491821e-03
3.496837211204029995e-03
4.545919364456527285e-03
3.615480478842481634e-03
4.624402841636461592e-03
3.919218390578134426e-03
4.605981509059552635e-03
4.725959321095858298e-03
3.833214932067609878e-03
5.323102851319576161e-03
4.206736580772320842e-03
5.787824881786549601e-03
3.399616909374471828e-03
4.590088138737200528e-03
4.494045340835591852e-03
4.438285715937597548e-03
3.995688092243363833e-03
4.674206958384053735e-03
3.272023183981383285e-03
4.968356518143086757e-03
5.811708491680694921e-03
5.629169720244010973e-03
5.076939835131107429e-03
4.659655876114929263e-03
4.085611519446779270e-03
4.092081806735728584e-03
4.563984559972026310e-03
4.495934359540575305e-03
4.444235791237072762e-03
3.472215154364264277e-03
3.330842241131647726e-03
5.669919503238397829e-03
4.538710186328398510e-03
4.184664701380327347e-03
4.325526471155955073e-03
3.857456257516386246e-03
3.710740490740810534e-03
4.761946358800296306e-03
4.848337853730964701e-03
3.953801688096400882e-03
5.010573332693371053e-03
3.859112415500827366e-03
3.633291656136480949e-03
3.795336591352913968e-03
4.449482546010818419e-03
5.106474833355125961e-03
4.701211554813306687e-03
4.822363509944526359e-03
4.811660422399695672e-03
4.152568713986594384e-03
4.627080717214431503e-03
3.923713697512988020e-03
4.997354838785192203e-03
4.779516401132493687e-03
3.730970356480185334e-03
4.539642878516383755e-03
4.122604054694098408e-03
4.407821852035835250e-03
5.677257085724048309e-03
3.363249606625750513e-03
6.174588960739274546e-03
5.977894388578542696e-03
3.990476563764141019e-03
3.835040061635074712e-03
5.391494392969739362e-03
5.155875468938597890e-03
5.419315283956093951e-03
4.127226842500025805e-03
4.508860823154394425e-03
3.772373982126254327e-03
5.029661920096783860e-03
5.916978538956465215e-03
5.093405426493770490e-03
5.258924439509727981e-03
5.817972509891835599e-03
4.190489622668018208e-03
4.245892256580429021e-03
3.802282641580348455e-03
4.068103503396537993e-03
5.947329858631712068e-03
5.556694472278763015e-03
4.164272111893092994e-03
4.155038384530098522e-03
5.478345304312741589e-03
3.759607965983074226e-03
4.800752438661457996e-03
4.467078031237965534e-03
4.741405381494086073e-03
4.769510378035878885e-03
4.127410588935011629e-03
4.186041631684640947e-03
4.517568745487914907e-03
5.655444517553680391e-03
3.884766821670964775e-03
5.509370439541215470e-03
4.967060506393236943e-03
3.740560632231372269e-03
3.885500724191310283e-03
3.901230345002609269e-03
3.873108170429652268e-03
4.377482119300584416e-03
3.795309641075132398e-03
4.664243888300378775e-03
5.238363708869960347e-03
5.927654277865781682e-03
4.979573577270402646e-03
3.738527581833899806e-03
4.630819773038607513e-03
3.878050225663610268e-03
4.431499264323925796e-03
4.396352270076899285e-03
4.692489050681353420e-03
4.103088427416403880e-03
3.454539338100845892e-03
4.503744431306570817e-03
5.134816788242848977e-03
4.381106533928315686e-03
4.440128238872433769e-03
4.320461358527005226e-03
4.318593151062510502e-03
5.635954446408849433e-03
4.199903760370787657e-03
5.283534637206813676e-03
3.795709383986767705e-03
4.318435931688573322e-03
4.467594111485903054e-03
3.910988471851295674e-03
4.047479909797270167e-03
4.090789707954703598e-03
3.984026058895561925e-03
4.067285962103392959e-03
4.596202500631662614e-03
3.891783418519100674e-03
4.402029506177873933e-03
4.754873745285329717e-03
4.391146687464868303e-03
4.875736903011612840e-03
5.062127187385154735e-03
5.332726801702071355e-03
4.049976062131334202e-03
3.352105793400367729e-03
5.022414237349734703e-03
3.988615911329576082e-03
3.382842916033495205e-03
4.419581671558084866e-03
4.147207590244414085e-03
4.470035155085653328e-03
4.563854190411152124e-03
5.104410072378131463e-03
4.588524732130142177e-03
4.459896951580605631e-03
4.580856968891405812e-03
3.373193184066862905e-03
4.938522462549719758e-03
4.570237477447202865e-03
4.250916483076657218e-03
3.376199110198433145e-03
4.803136809146110742e-03
5.262140201678637552e-03
5.015957217365753576e-03
4.666607831302960196e-03
5.202486120575491521e-03
4.153252905555997014e-03
4.634813664274927379e-03
4.300594310621949634e-03
4.560095473014553862e-03
4.778798543882504038e-03
4.558171900536397807e-03
4.866669124922062828e-03
3.451142293629023798e-03
3.947024999356700189e-03
3.838588983259887989e-03
4.566927983768887672e-03
4.275409487042827923e-03
4.439911190011569357e-03
5.019352916686038203e-03
4.634046686030347285e-03
4.123107470564063397e-03
3.299709448379843733e-03
4.368275943131658297e-03
4.022505839519697687e-03
4.506664329025593732e-03
3.888381833935977781e-03
5.233973613942376375e-03
3.558379201799415689e-03
5.657602654064518115e-03
4.192898827503161938e-03
4.650452991866557868e-03
4.242414733979539380e-03
3.784257672744777926e-03
4.302118685841464091e-03
5.329340444712405908e-03
5.541288420266955901e-03
4.168713043233028374e-03
4.950401681476582737e-03
4.247760575962693935e-03
3.984800482834784455e-03
5.423033654635009242e-03
4.714314779393930302e-03
4.158880121716323000e-03
4.498962726755899831e-03
3.515523689259805046e-03
4.826128954734009574e-03
4.430955102111143636e-03
3.879807391687337820e-03
4.383871430627636102e-03
2.960708824724476041e-03
4.625328221875382381e-03
4.009572187683671865e-03
4.655279399235751243e-03
5.015502765180266179e-03
4.867245602751841572e-03
5.629656643853465578e-03
4.865334677244455633e-03
4.486479254155253081e-03
4.224549551839653153e-03
4.475789760379566586e-03
4.420970670698629208e-03
4.345167723042118839e-03
6.162772865595101193e-03
4.518950894113180940e-03
5.801812643167866129e-03
5.042528656887578301e-03
4.550860970016162334e-03
5.269107321713428771e-03
4.357668835421583779e-03
3.510331637037662853e-03
3.811899314258866429e-03
4.224253740062263937e-03
4.707802329907793439e-03
5.234273346270481263e-03
3.868833488196359981e-03
4.925884778661068948e-03
4.222789704067849391e-03
4.368294318740520953e-03
3.741231077525528342e-03
4.358681057617361070e-03
4.685009054437608463e-03
4.022326373832367519e-03
3.911339894426852683e-03
4.231281548802085304e-03
3.427977762323934034e-03
4.486535918233813466e-03
4.789109014275524066e-03
5.221461723485991760e-03
3.720018391168871015e-03
4.686389779200228652e-03
4.496830708460117232e-03
3.942445521742520866e-03
4.063454668413282386e-03
4.441447817163768352e-03
3.943073550477283612e-03
3.465255496226395462e-03
6.147712593666939881e-03
3.983226018302288805e-03
4.280205290743712560e-03
3.590867902118940504e-03
4.353807820299936820e-03
4.858510903365694661e-03
3.714611518395479796e-03
5.060211247533335198e-03
4.705030187118700545e-03
5.288709315219229136e-03
4.207667519534072018e-03
4.218940473809087467e-03
4.867871843711190499e-03
4.595294068917221524e-03
3.599037209993559243e-03
4.401649146510812696e-03
5.097943542433988097e-03
4.835552864717308948e-03
5.451670397852949844e-03
4.202468504037819297e-03
3.402027552116001097e-03
3.476840965416760562e-03
5.066746266337720551e-03
4.086868696149379906e-03
3.770654501581922283e-03
5.671913989921915922e-03
4.466120965907972168e-03
4.338354035178533692e-03
4.693825979257350983e-03
4.383083601934475645e-03
4.048492517254998271e-03
4.257677878651941646e-03
4.756718269934914756e-03
5.308525102836018916e-03
5.164064784289186874e-03
5.010703362344675997e-03
4.756580457465063062e-03
4.569999933606475918e-03
3.566839236359288512e-03
5.023109408574356199e-03
4.794854615436978593e-03
4.175045757733576897e-03
4.579786501703514423e-03
4.381729854057801916e-03
4.564100792638628966e-03
4.620208319109073147e-03
5.302433194893464707e-03
4.538029869472471299e-03
4.560198383071280108e-03
5.444544019000590110e-03
4.052785178960530144e-03
3.616030891413531644e-03
5.365358024948834424e-03
4.677025437322878017e-03
4.522095704622934934e-03
4.492168117814752254e-03
5.239010044057417978e-03
4.424239169715180227e-03
3.553721121361497811e-03
4.872781518169360358e-03
5.332191258299586595e-03
3.629779385799723410e-03
6.042861526627467395e-03
5.535408655521301645e-03
4.062204701528231154e-03
3.938092461795810600e-03
5.844435969231524287e-03
3.321048196259071984e-03
5.077160853826559635e-03
4.815904354276625589e-03
3.467386214719555323e-03
4.157880060802462106e-03
4.461010353595707897e-03
4.348629763227104469e-03
3.338479138206900884e-03
4.667800345597441017e-03
3.280680071204483076e-03
3.888260684217497917e-03
3.789276949300564214e-03
2.438890613022935781e-03
5.209709618534899382e-03
4.312000001588151346e-03
5.310493713877191199e-03
4.718905554459685431e-03
3.459638129015042262e-03
3.994452243978582028e-03
3.099238018581128209e-03
3.548080899451164054e-03
5.410406542490850401e-03
5.024104155679997262e-03
4.580264811880955383e-03
5.389262766351785548e-03
4.304976992127125535e-03
4.825552832113159073e-03
5.292357112910831864e-03
4.077616046779607151e-03
5.055084311768836061e-03
3.981477998601248326e-03
4.247221267747909590e-03
4.952912600270073518e-03
4.117837951665000336e-03
4.350397812506077815e-03
4.096824346363080356e-03
4.074252839787097062e-03
4.051162204864604960e-03
4.510334879127766636e-03
4.782655644026617865e-03
4.764466517931164290e-03
4.877540692815650857e-03
3.714976671719403233e-03
3.998016309258762765e-03
3.913805087901412079e-03
4.706726985543314978e-03
4.161250742020663682e-03
4.288974386546795525e-03
4.095901856584927003e-03
4.887161207042129210e-03
4.476933065440523440e-03
4.339278195614392972e-03
4.511860644092740430e-03
3.863922020853575046e-03
5.089543725909649423e-03
4.732961269795662312e-03
4.783906423310414595e-03
5.500707476235182011e-03
4.201198415489855800e-03
4.717757779751464292e-03
3.908259805796234290e-03
3.599110011043859820e-03
3.637645151287695160e-03
4.859986431720812045e-03
4.338508977682458898e-03
4.257506591893848481e-03
4.735078302396312187e-03
4.382668919833231438e-03
4.498554662567193045e-03
5.865053708833336925e-03
5.380207998004562370e-03
4.357234012629754641e-03
4.740864196028062721e-03
5.645055812283214167e-03
4.271502384963761327e-03
3.958108760077199209e-03
3.680688818113653313e-03
4.354816668984052251e-03
5.383260407958007608e-03
5.296895763753564114e-03
4.702742571307401767e-03
4.945909757162742296e-03
3.836668223527506510e-03
4.069232664933239429e-03
4.410075316532762954e-03
4.297804777405277860e-03
4.933904051485670135e-03
3.230790560946901219e-03
3.713539065692069482e-03
4.971810833158217015e-03
4.416770215085326703e-03
3.792717202862091845e-03
3.745090764023737469e-03
4.324263162073369547e-03
4.900120274571133187e-03
4.049461853832902677e-03
4.626420688255134320e-03
4.336991838974992020e-03
5.193065750326725412e-03
4.219976367469067610e-03
4.589161165893004650e-03
4.413618366100887681e-03
3.571602857046799525e-03
4.717415831924109439e-03
4.133976174689499121e-03
4.387185890947926589e-03
5.247192024400645048e-03
3.472061857308217283e-03
3.860073348524087952e-03
4.298863034702254081e-03
4.504312342567836844e-03
4.231123135492622159e-03
4.354527534715810222e-03
3.955289724124503269e-03
3.690940120217970320e-03
4.227907234264524812e-03
3.030375658466458091e-03
5.086633221994191385e-03
3.620646955185210375e-03
4.761489689812123914e-03
4.622211402267908421e-03
4.493700228704222005e-03
4.364923303495552194e-03
4.876573577668428215e-03
4.684804117037495892e-03
4.031459518661946115e-03
3.568965012359327001e-03
4.481567549996076996e-03
4.075974787173966205e-03
4.428543597716172626e-03
4.645429493002824727e-03
3.897682385659295701e-03
4.116839112213843861e-03
4.855456131833081092e-03
4.749511509647944170e-03
4.580492270540833903e-03
5.012566425306991431e-03
4.076133472104901193e-03
4.012435524351085948e-03
3.590749840798543053e-03
3.908623101169991614e-03
3.113838077763131287e-03
4.306159293573493148e-03
3.728491988244446789e-03
3.798221574540659468e-03
4.168586885039259927e-03
4.220698912333275057e-03
4.005411612843315546e-03
4.464342832558860011e-03
3.670341296085215081e-03
4.401555723907655746e-03
3.603277141693951059e-03
4.939480626678098736e-03
3.867112104638559342e-03
3.607468502591773280e-03
3.506791837294691901e-03
4.176011159228371246e-03
4.796841278490213134e-03
3.967891056420893431e-03
5.802859615520016522e-03
3.423448775308756808e-03
4.873225875011964921e-03
4.353765055313528823e-03
3.785396078220681568e-03
4.585532721982230747e-03
4.870435743730015289e-03
4.768525293989171569e-03
4.690471084495817337e-03
0.000000000000000000e+00
