1.466839416134782699e-02
9.908234843647042989e-03
1.229489153583332786e-02
1.143749903113591183e-02
1.147364023091570172e-02
1.266043267267772700e-02
1.116257531027757717e-02
1.333789455019733505e-02
1.019362184909753874e-02
1.183055808237809536e-02
1.012092547014774128e-02
1.283730054579136637e-02
7.031891598436763001e-03
9.489933882241435165e-03
9.385368718995090731e-03
7.079419136508577869e-03
7.948955306161209836e-03
1.075426426159418331e-02
1.115851548050605935e-02
1.177115139477108614e-02
1.230776623656639444e-02
1.109920498175162584e-02
1.196131031185186828e-02
1.229714020817509329e-02
1.008216476816965051e-02
7.860719309561841825e-03
1.378653119463596650e-02
1.191230933059318417e-02
9.085770061436064526e-03
9.976250701416675484e-03
1.121591595288260086e-02
1.105776488491147687e-02
1.090447847654797860e-02
9.700124815097233705e-03
1.210494377522342360e-02
1.025784222643531633e-02
1.183821087591157249e-02
8.906978726967149096e-03
8.297722764087333766e-03
8.074806746596656370e-03
1.016080835970902679e-02
1.019518638402203310e-02
1.374199909730149625e-02
9.725172631488317176e-03
1.116237489428223255e-02
9.781216769701112437e-03
9.121982408017734884e-03
1.118242633954965280e-02
9.964794256284123172e-03
1.149574933236845523e-02
9.492826846112812841e-03
9.230233982906276349e-03
1.250679338518601198e-02
1.053291475892441896e-02
9.736396740871122724e-03
1.117198852002092117e-02
1.024858645116753092e-02
9.539063315622991687e-03
1.047860333520782457e-02
1.001114274279389996e-02
1.281053150847323054e-02
8.877214932529100405e-03
1.063655567123457032e-02
9.219559152245952391e-03
9.440272772130369611e-03
9.695537179787851872e-03
8.653112061767116725e-03
1.031701959892962310e-02
1.148377380626735590e-02
9.022465620642051987e-03
1.144938959946463497e-02
1.319353247484965873e-02
1.074738452322331929e-02
1.306112715437047350e-02
9.513516469403203446e-03
1.152930358245561268e-02
1.050324812872611285e-02
8.442599559973510553e-03
9.030001766636833183e-03
1.083908053549127379e-02
1.410700829420723397e-02
1.319345016633484934e-02
1.260524640247970111e-02
1.291831045401149389e-02
9.622936499557966511e-03
1.182417558218514311e-02
8.611838445125502561e-03
1.076401500503964062e-02
9.096076393152005557e-03
8.879452377222518331e-03
1.340991652881541769e-02
1.366533539163664046e-02
1.095206007136992343e-02
1.026577327271267770e-02
9.916095882480848583e-03
1.222876194778483097e-02
1.040269094283436530e-02
1.368441520365259317e-02
8.965291041000016115e-03
1.234421246786102100e-02
1.129389315127483223e-02
1.080881935774728395e-02
9.348792613024204182e-03
9.541139791275174420e-03
1.253515964600164338e-02
8.742805286876459414e-03
9.931879494364971930e-03
9.416855439836228220e-03
8.427149738864169598e-03
9.529711656763861782e-03
1.259904713233830562e-02
1.007697866986686196e-02
1.073196819930449103e-02
9.158576992856225923e-03
1.107482825284119947e-02
9.193290725993154278e-03
1.189904884398376717e-02
9.486381137091826066e-03
1.062750484433081302e-02
1.117681178856624533e-02
1.290547647810092423e-02
9.848827477107051018e-03
7.159964808090864621e-03
9.798066804343887742e-03
1.237096939615950353e-02
5.713634421546013795e-03
8.083785688774320147e-03
1.218191737714517837e-02
9.725334840753394397e-03
1.003047236337409505e-02
1.000013336990806037e-02
9.704659284614444020e-03
9.130518669972859103e-03
1.011194011827275599e-02
9.341088244578145058e-03
1.055820032059699189e-02
1.074266666637697237e-02
1.236134737321604310e-02
1.198571810828254723e-02
1.008895495175555525e-02
8.105448727286801436e-03
1.198416238106900580e-02
9.987870797439851386e-03
1.254890785901902582e-02
9.107821555569228095e-03
9.001947799138959594e-03
1.131283616333052418e-02
1.158203278526689570e-02
9.773820459249489903e-03
1.069147417600514391e-02
1.141296847026061941e-02
9.319612611760832652e-03
7.212496452424566225e-03
8.861831404387690569e-03
8.519040973123028632e-03
8.744099528749979533e-03
8.901239124755742221e-03
1.159805119029565235e-02
7.461362872711471694e-03
7.146782648302074312e-03
1.030837311673391161e-02
9.673221683943744598e-03
9.100136823792914081e-03
9.393100944575936279e-03
8.459243596777460752e-03
9.839335051789070696e-03
8.786857541690267642e-03
1.088671897230468304e-02
8.139116222607640713e-03
8.337157608990685559e-03
1.053930359589375435e-02
1.210981542865667906e-02
9.000364464142176363e-03
1.003269723926286661e-02
6.984968768240878284e-03
9.536168318486292275e-03
1.082080113825180205e-02
1.162503493324260062e-02
9.419131391645227391e-03
7.916460921028741285e-03
1.004825298207478665e-02
1.168909466915018895e-02
8.395852781907679752e-03
9.029540490049977122e-03
1.076250544977870940e-02
9.264419933688507885e-03
9.964891510339747918e-03
1.049922496934153730e-02
1.075669785223628411e-02
7.316254455903892229e-03
8.922940975481996259e-03
1.117075493219482803e-02
7.542124150486672479e-03
7.716750814623024937e-03
1.094567312995015952e-02
9.281579719580478408e-03
7.769867549506892859e-03
7.533250418506816024e-03
9.090242892506537539e-03
1.040979271549747655e-02
9.890462249784293114e-03
8.818603997052214608e-03
9.040098018400598637e-03
8.909504995480726011e-03
9.874702243246071681e-03
9.137011604620643920e-03
9.877844385175900063e-03
1.242359445057835202e-02
1.045917808063653517e-02
9.187332632446792297e-03
1.156762708403178026e-02
8.873668615097793366e-03
8.311819529419700592e-03
9.279891081154739360e-03
9.258201061587657474e-03
1.044710378470452110e-02
8.834824863046195076e-03
9.421447819365637300e-03
1.094203683354560280e-02
8.760347312726330868e-03
8.671031404373027301e-03
8.550632798524353262e-03
1.009016913824778774e-02
9.646868200776859831e-03
9.248596217019315266e-03
1.104088997437100046e-02
1.129371695819750450e-02
1.000283308722482029e-02
1.014114252742853543e-02
8.833380979615473860e-03
9.344754151424430541e-03
1.036910590759744510e-02
9.108020777096208220e-03
7.812044368751403303e-03
8.036270662636017109e-03
8.119897016567151349e-03
7.260835158666102164e-03
6.389678080355299869e-03
1.112085857209365626e-02
8.469855936073703018e-03
9.182716708903039191e-03
1.125869613244179397e-02
8.087053372034129495e-03
5.964838041488765633e-03
9.951186715462981280e-03
8.210278928517548980e-03
7.670247086727508684e-03
7.398673376731498136e-03
8.336364952224832592e-03
1.029733046579289074e-02
7.624196324659564608e-03
1.072840371128674919e-02
7.649722299422280665e-03
8.175176663413226408e-03
9.264842255296444271e-03
1.097708485312924066e-02
8.537612080594057448e-03
8.294165646637386910e-03
8.708921098289482132e-03
7.800754943615119223e-03
8.686049886125772959e-03
8.498049098389540146e-03
9.508024719413513473e-03
9.186578844794212814e-03
8.210248089409006092e-03
7.899379922086348024e-03
6.186591683128183326e-03
7.378696692678800295e-03
8.021244526794042706e-03
1.072850615203285903e-02
9.837699819044176328e-03
1.035685823329988292e-02
8.001583718543030244e-03
1.054532667794629008e-02
1.005773563856779407e-02
6.465973192637629666e-03
1.027835641416226763e-02
1.077346518754796097e-02
1.174660427210943124e-02
7.633635581228876386e-03
7.691498869488965807e-03
9.859374998759766473e-03
9.378789336992441120e-03
7.828528720527467080e-03
8.606683567846596522e-03
1.081497173539944061e-02
8.525776453101012106e-03
9.176536099217398948e-03
9.561217417970266363e-03
9.820457862703267649e-03
6.955716724128668295e-03
8.647357604735365563e-03
6.494079637083764907e-03
8.389303718523215617e-03
7.526380468782670717e-03
7.488772658635168417e-03
7.813293299494308494e-03
8.746161397860031939e-03
9.212796069449727746e-03
1.078994068084206462e-02
9.085797417511287319e-03
9.355794073773538236e-03
8.371500897162565194e-03
9.499422228580188185e-03
9.130774219323864113e-03
9.614030545472390318e-03
8.456146925450267957e-03
7.563827850213014972e-03
8.228700786188673441e-03
1.006924087848566629e-02
1.240339506454561126e-02
1.335790201043795568e-02
9.221272186107555557e-03
9.943027714169714801e-03
1.298053931594364725e-02
8.470828782808161733e-03
7.826670164845232064e-03
9.134729371752978513e-03
8.893963487703770987e-03
8.143070271160715926e-03
8.677337722474242135e-03
1.124398649024614324e-02
7.109426509348733617e-03
1.021676806339722084e-02
9.533894940532829793e-03
8.281657602996832582e-03
9.179073654973059562e-03
7.102726236430811739e-03
7.745342615199350342e-03
8.727932843905569435e-03
8.907809307545429267e-03
1.008608956510132805e-02
1.119461145981934767e-02
7.945508322675518681e-03
8.513712280730568668e-03
9.440199022453077404e-03
7.972885253610572515e-03
8.228727344165289934e-03
7.437850128271866409e-03
8.833987069281481336e-03
8.909058954114383935e-03
6.702716055730210433e-03
5.729785156567235999e-03
8.403463570209880953e-03
8.691970257625738702e-03
1.010773174468581302e-02
7.837218768498776730e-03
7.355874090035086250e-03
9.300714145329482679e-03
9.397435361064783096e-03
8.659507984907237679e-03
7.539407557366806061e-03
8.950213609018424499e-03
7.848007797429350577e-03
9.855297926926149393e-03
7.336803164506182362e-03
6.774900482967442447e-03
9.171377916631501259e-03
9.149124246395285917e-03
9.999381503706362972e-03
8.420265625893133890e-03
8.503395047615021698e-03
7.392547630582080656e-03
8.966314172709551056e-03
9.899629449355904984e-03
7.560967082452817178e-03
8.462821863509167528e-03
9.261917595950661802e-03
1.249689955858978435e-02
8.736161739683683328e-03
9.382322301164787784e-03
9.079120550556494043e-03
7.312402002686683306e-03
9.310020513514902923e-03
8.919924952140766486e-03
7.330088052074272206e-03
8.153837299518105347e-03
8.661971311931618636e-03
7.678748001000375994e-03
6.561921229266024641e-03
6.722387423676524226e-03
9.135561265428335936e-03
6.834190260310311037e-03
8.083111620253252000e-03
6.582619756646127321e-03
9.376774276086822721e-03
9.317080463626187942e-03
9.765866574436884995e-03
9.759047339038092600e-03
7.529034115610825154e-03
8.165326463042896221e-03
9.383035186669587413e-03
8.214428476809665716e-03
8.486122345331631803e-03
6.664844213202717263e-03
9.797913621594066258e-03
8.483369915559587499e-03
7.828356248881226248e-03
6.543938236026245435e-03
7.754686611684320600e-03
9.039153159496406825e-03
6.786704993532873334e-03
7.326619739079494147e-03
8.708924177599533870e-03
8.059894303273456434e-03
9.123382871149355103e-03
7.462946216936351511e-03
7.844513702327913715e-03
9.232768128637752064e-03
7.669458941742869976e-03
7.498915377609908714e-03
8.116319119773366883e-03
9.212182047562742990e-03
9.886169053680811739e-03
9.731908364316742624e-03
7.823539233066445497e-03
9.257523734738563534e-03
5.217293828370960819e-03
7.802918664133091237e-03
7.717824790243116469e-03
6.747039713819303827e-03
7.178867434170370897e-03
9.647985077564128278e-03
8.712262152802317805e-03
7.793447891698076710e-03
1.039023677627758276e-02
6.605115122502006747e-03
8.229674342889058483e-03
1.088075700761062525e-02
9.237071140037340575e-03
7.651231240675075013e-03
9.341779181341306262e-03
1.051056790222120937e-02
9.298773111749682185e-03
1.072645598409453609e-02
8.486804104237480328e-03
9.115857187402419751e-03
1.216514753714305688e-02
8.267631322579504019e-03
8.323285034189281326e-03
8.451858764614399167e-03
9.118456552040122426e-03
8.923169799389304643e-03
9.015851319149420506e-03
7.493307056954365969e-03
7.207906557538489370e-03
7.097815285819498651e-03
8.633716280087289779e-03
6.557586371940800872e-03
8.598986084729341034e-03
8.665537417562877570e-03
7.934764162843844712e-03
7.447432193739108447e-03
9.566223729228832268e-03
7.502766760819808319e-03
8.113510574309626758e-03
7.472158100987932872e-03
7.372506079683899261e-03
8.823741365655791632e-03
7.629656453125763758e-03
7.110750023924411814e-03
8.614138858846100491e-03
7.681035207035703805e-03
1.106350695293894897e-02
1.025652707322801879e-02
6.951004392027499215e-03
9.636664254150521455e-03
6.766632535281108356e-03
9.983758848143163903e-03
8.009976436866024507e-03
8.500996586688900833e-03
8.142476216814348647e-03
8.526745066439359727e-03
7.400789884788249243e-03
1.167901408860988824e-02
9.067855018367109582e-03
6.369100754183186323e-03
6.625716809152720765e-03
1.192245776275938605e-02
8.577054302936671162e-03
6.794266924963157477e-03
8.642357305703016537e-03
6.839324151766927942e-03
7.824351741203751376e-03
9.034589630226462151e-03
6.644232643555148324e-03
7.687687862198882942e-03
7.425476405754137185e-03
5.974161402539525552e-03
6.731342692624074815e-03
8.706905172378896773e-03
7.766932990158555671e-03
8.585386807624063518e-03
7.147918544072941714e-03
9.251247104593277384e-03
9.048694912528455064e-03
7.048779140840864821e-03
7.685629013323438952e-03
7.712980872632170873e-03
7.449164907819016447e-03
7.394715294261190557e-03
8.480442728406834343e-03
6.508581341637426076e-03
7.092609950342745190e-03
9.180690229057375529e-03
7.907015080582094693e-03
7.033021809665827850e-03
9.654434433491898560e-03
8.421721000614950867e-03
7.048379343833424855e-03
9.710287549296718959e-03
7.068698942733195323e-03
7.563734059859571202e-03
8.896447650255623688e-03
9.162091570374040345e-03
7.065688288983037676e-03
1.032879054786906697e-02
6.133787274131465711e-03
6.463280137723498471e-03
6.376149016257404503e-03
7.085793518913212699e-03
5.936149178315666859e-03
8.155016319620338183e-03
9.107369753802210463e-03
6.651214289795903331e-03
7.531007168963395511e-03
8.990121777401509709e-03
8.690380795701965408e-03
7.232940006828077369e-03
6.479485721093059501e-03
8.641813291695412541e-03
8.013294870219591498e-03
7.073052716896142955e-03
7.158347592369422412e-03
9.666726335225002756e-03
8.949023991670961020e-03
9.820832933545225324e-03
8.690056987421274776e-03
8.948908036813764053e-03
7.568135758000001448e-03
7.507018065720639718e-03
7.152514783408481756e-03
6.983058257850376788e-03
8.034598832660007350e-03
7.024007330344033025e-03
8.072957201377069930e-03
8.384890989873789585e-03
8.640461845591461756e-03
6.877990567985302513e-03
6.829732196860670811e-03
7.756695075523143378e-03
6.477858818325625545e-03
6.142098288780615221e-03
6.519440190113721251e-03
9.473511853752836220e-03
5.924812386237306681e-03
9.080230838776015556e-03
6.497680216403452051e-03
7.636183174407322298e-03
8.488939844680356075e-03
7.245768150719772253e-03
5.561651217307665707e-03
8.352364134921051037e-03
9.593903958157892417e-03
7.192382700487271255e-03
1.027358114691528414e-02
7.557777157915859106e-03
7.681602672817136254e-03
7.310756105632257133e-03
8.878511256233193039e-03
7.559477066905621011e-03
6.726745007619134610e-03
7.962757503856393235e-03
6.746642556136552352e-03
8.367317909395554504e-03
7.892011552678839317e-03
8.490687770560926065e-03
9.154153864894425119e-03
6.503037397249909757e-03
8.178572152678399709e-03
7.931460667883097337e-03
6.602108968908121898e-03
8.624604276590954258e-03
5.332686194530684640e-03
9.714407264821672827e-03
6.719969108855792551e-03
5.703218797204635121e-03
8.421455751009882321e-03
9.554921332810531812e-03
9.214240958554876376e-03
9.097504202157574715e-03
5.751885533239398801e-03
5.902961921403755349e-03
9.204671970922994120e-03
6.888956714789996189e-03
9.577913237082479048e-03
8.123421841927016412e-03
8.489196119655944076e-03
1.066236519954449381e-02
7.610914061278493438e-03
6.989900552251238075e-03
9.062938235120441763e-03
6.791888822093881950e-03
5.970003775722022843e-03
6.804703888412063154e-03
7.128964577020541378e-03
6.836745248381508044e-03
6.712401598971086056e-03
6.694767705014360165e-03
6.593008483506922895e-03
8.265109699836906826e-03
8.759726051665904858e-03
7.179266136153722964e-03
6.103765935657964881e-03
9.568016816862806931e-03
7.551369524059842013e-03
8.321745170803147851e-03
7.718409943733134902e-03
6.860140220466267452e-03
9.301635938357347491e-03
7.872985962577096902e-03
6.685827924450834549e-03
5.946239329704301919e-03
6.041620642955777311e-03
8.090789890893309785e-03
5.290677584282251628e-03
7.503440261029608628e-03
6.151604707756529351e-03
8.488492751134689429e-03
7.056520031596033235e-03
1.035082449614127542e-02
8.326822291885294797e-03
8.670101070457868209e-03
6.407936686028128763e-03
7.159336227064050373e-03
9.162153058471738873e-03
7.605312830569375786e-03
7.322757228587746005e-03
7.527885713642242307e-03
8.285036511245420093e-03
8.250087114269281235e-03
6.921026624397387354e-03
6.077055891375446155e-03
7.912364616347790369e-03
6.551757011993657870e-03
5.033018244577879864e-03
5.857577868764254209e-03
7.373609224994180991e-03
6.512874196781075903e-03
7.104630938712780050e-03
6.597974886356346332e-03
8.475362352810954236e-03
5.531256280870514366e-03
6.547960600393708079e-03
7.246233057809838875e-03
6.066322786855781780e-03
6.450181484280483914e-03
5.778802221913331878e-03
9.344632361925434352e-03
7.379905189116834144e-03
4.243200393039348386e-03
6.402860701361947487e-03
7.944096379540724687e-03
6.037985976171703420e-03
8.740167031112385312e-03
8.621805842271566475e-03
7.512941058225086621e-03
8.532306148615156557e-03
7.208024782993972118e-03
8.228395147566985868e-03
7.469969895576991821e-03
7.097706316607031024e-03
8.871365804663060989e-03
6.704803520701410439e-03
5.735227267272200759e-03
8.019847677147973197e-03
8.508289943333312982e-03
7.589339687050288691e-03
5.501552913676388719e-03
7.469659485402551508e-03
9.295003966342958376e-03
7.030045204847254134e-03
8.213782085338364181e-03
5.028913790562166385e-03
7.575098584268518710e-03
6.031674263386409794e-03
5.805792405790819073e-03
7.823550599151903734e-03
1.048067549697909162e-02
1.049925932248889533e-02
7.775936899590766248e-03
7.161077999806795581e-03
5.265661346366856677e-03
6.820157794250591814e-03
7.628643970045026999e-03
9.393697741429432937e-03
7.973616022075490084e-03
5.961989976069785764e-03
4.560046660199797500e-03
7.321386932544763672e-03
8.665789635682956057e-03
6.685365888996461919e-03
7.854902705592544873e-03
8.283438589402711272e-03
6.078412953230669796e-03
7.634771461900217993e-03
7.934425740921019141e-03
9.075721596834871591e-03
6.458107661303372563e-03
7.351414302377738859e-03
8.091195223238962717e-03
6.243266467825150934e-03
6.139211101744784793e-03
7.838038471517970798e-03
6.485794279078289579e-03
5.531686936952382935e-03
6.597054723652285430e-03
6.106259923250333121e-03
6.678230863471770924e-03
8.631550635215250178e-03
6.659902222631756442e-03
9.487460767593521374e-03
6.299075559707857652e-03
6.236793462404100277e-03
5.825106296175639603e-03
7.048428810267686959e-03
9.069374030561348429e-03
6.389964958618505469e-03
5.558114042923795010e-03
5.530620738862121639e-03
6.005763810875805638e-03
8.211229162259121514e-03
5.485601637805558907e-03
5.767965555130584628e-03
7.188053956164409605e-03
8.797563507038197450e-03
7.296968363645302269e-03
6.071830415435133625e-03
7.368259078238050853e-03
7.405651172516272175e-03
7.159300044173959147e-03
5.285534149777368178e-03
7.119502143877517314e-03
5.537968386376972835e-03
7.965000414334432940e-03
6.604012970189952064e-03
8.190323350212469489e-03
6.748025301174749579e-03
6.580226658406463681e-03
5.257211106416742954e-03
5.898066033744450362e-03
5.603350525206838087e-03
6.037126215382811710e-03
6.031354439477813571e-03
6.120425189925377159e-03
6.320803547467918060e-03
8.204506557369166744e-03
5.808198611466708523e-03
8.743723309507076338e-03
5.571243374639683887e-03
7.691719715903723095e-03
5.640688865519759634e-03
6.653891812768806570e-03
5.182631063431651468e-03
6.561495758594522790e-03
6.843318703464077064e-03
6.701333274222068086e-03
7.181164557275209782e-03
6.851628247903075904e-03
5.675976169552249088e-03
6.406745898379654670e-03
7.266571493746659324e-03
6.864707590448982516e-03
6.461907711663903396e-03
6.773993052517589958e-03
1.016823027913861706e-02
7.030859685055380025e-03
6.584581726614629517e-03
6.562639006696191664e-03
7.422462280417689399e-03
5.673747424693511079e-03
7.261273911375394803e-03
5.480429979145577321e-03
7.297008439721118685e-03
6.362467044301390803e-03
5.993404491605050857e-03
5.458902213862629714e-03
7.551746968626487852e-03
8.228230881172896374e-03
7.326711357426425771e-03
6.520747661032169455e-03
7.315948662376105423e-03
7.077329172521461785e-03
5.094020556883308883e-03
6.466676819480691833e-03
5.789857777936079086e-03
7.141888966124798968e-03
7.619597175071561937e-03
6.939434071760641233e-03
7.642262727245285187e-03
6.805781766676357279e-03
7.478129701258567734e-03
6.449879448556131850e-03
7.821899609227082190e-03
7.758479042518109242e-03
5.766140382798011499e-03
5.807574346919223626e-03
6.358516942646753010e-03
6.026422993132812128e-03
7.883157119195341109e-03
8.112894473212325930e-03
9.365993846016818641e-03
4.972237811153214053e-03
6.638930783195089863e-03
6.105305144047890910e-03
7.688334755945454464e-03
4.545967767155635608e-03
5.525057984365311370e-03
8.027384479515889057e-03
7.769490509213152971e-03
5.272587964091887507e-03
8.356637879299785854e-03
5.295631425185910214e-03
7.166021406740032997e-03
7.996956958387313463e-03
4.976712856642720624e-03
8.039797316618560799e-03
6.741997560613248106e-03
7.137827021323167424e-03
6.754071604955278092e-03
5.245582685766513389e-03
6.567371916475815176e-03
5.774890270783559175e-03
5.317699148977255395e-03
5.230160702552687224e-03
6.174344111428000520e-03
5.233656832787284170e-03
5.570878023283541355e-03
7.835322535202141753e-03
7.184053620318664631e-03
6.743295971272718348e-03
7.687856964329802499e-03
7.740825025522281994e-03
6.475328684151904213e-03
5.973587690425356464e-03
6.294993665974602318e-03
6.117086361857320027e-03
6.497871551374352975e-03
7.228729421687070389e-03
7.144227717310371213e-03
6.164767593735773904e-03
7.622159805166527947e-03
7.478182433502814259e-03
6.542078993964426173e-03
5.472895964627377298e-03
7.249012104028270363e-03
7.085253508055384779e-03
6.678335870676439454e-03
6.728800197286658423e-03
7.055507339070116526e-03
7.204566499126359089e-03
7.957209699598892516e-03
6.605083904036231600e-03
8.082096258373453260e-03
7.469616506443130591e-03
6.836926453633040100e-03
6.003780047890741947e-03
6.681447195526233306e-03
6.062543093639644748e-03
6.997686715967389032e-03
6.498408589165361252e-03
6.278865171447215593e-03
5.508989845750587346e-03
7.460516161262134224e-03
8.329007968423351310e-03
7.609713041899729066e-03
8.766953017397662376e-03
5.731563853534743166e-03
7.922034238301629838e-03
5.827642784983442029e-03
4.391911374011158928e-03
7.249479005990754413e-03
4.934297136527659652e-03
8.109710125510805750e-03
5.020109424972943150e-03
6.146296257813581125e-03
8.464887718396388316e-03
5.095393762451086786e-03
5.979490784689680920e-03
6.744022584116323576e-03
7.345162253740767679e-03
4.609973488776820949e-03
5.362299045752121768e-03
6.830576492238543858e-03
5.115746599148900640e-03
6.545025534349761809e-03
6.732791961485871945e-03
5.922018081357144359e-03
6.519311787840958126e-03
6.365311865625311247e-03
7.240034573724647878e-03
4.572243902885189497e-03
5.178017821369329358e-03
8.606923884130460514e-03
6.398718107857972841e-03
6.140244496624861457e-03
5.177375335666717197e-03
7.581455052653581980e-03
6.462042279249392146e-03
7.826982541318727379e-03
5.784681974837957603e-03
5.885551067258715241e-03
6.747401507406093797e-03
7.696567552404821183e-03
5.835889701454499007e-03
5.512170613164463044e-03
7.728946395944269986e-03
5.401567623197373394e-03
7.173508813223278095e-03
7.226722794493129799e-03
7.086867127450471350e-03
7.535297193498737695e-03
7.074235659933285000e-03
7.409347322844150874e-03
4.983893038582193520e-03
4.841011834621836152e-03
5.868441024863885538e-03
6.722982621934383944e-03
5.574171046320660142e-03
5.284452954212291893e-03
5.728117088321972583e-03
6.699153627555413243e-03
6.574427982071784880e-03
6.506396201870416444e-03
5.142030246229447980e-03
7.830539987029157267e-03
6.599421662458623827e-03
7.956159596204215312e-03
8.009785201733425272e-03
4.893700238208353176e-03
8.121751372033065783e-03
7.615738534794971697e-03
6.680494484321239726e-03
5.462576937257623312e-03
7.199848945624120686e-03
6.416555653421516549e-03
7.255103553315152970e-03
5.149034568997763218e-03
4.451692891671668942e-03
5.057684103908602000e-03
6.527224969634695326e-03
5.687331127846538374e-03
6.850071286057221424e-03
5.165187658904476023e-03
6.039624073794254075e-03
6.923135141727906720e-03
6.236933071856170380e-03
7.464530310448485098e-03
5.649087764600660248e-03
6.837542951991145042e-03
6.987477043373897106e-03
4.744989108069558315e-03
5.628222229082805242e-03
5.886234688469909292e-03
6.875624080396731258e-03
6.002642425503104846e-03
4.522376481825867225e-03
6.611091476721110867e-03
5.745803171010891060e-03
7.691885945139160380e-03
6.867491574163637515e-03
5.428258484606457435e-03
5.432420269118938376e-03
3.462304615387481240e-03
5.581641974845294799e-03
7.506225601412409507e-03
8.766993142966205549e-03
6.381814486603603308e-03
7.188536421643389185e-03
4.575837717352929795e-03
4.994287551377461949e-03
5.076425848154111041e-03
6.948423120766807591e-03
7.248319720787816181e-03
6.332856038986207046e-03
5.713716552380961045e-03
6.066109324090743909e-03
6.718081789517830332e-03
7.386002458739438815e-03
5.348571967063734528e-03
6.711817123622859475e-03
6.498134445806202746e-03
7.046894101470042165e-03
5.913617413418899293e-03
6.112554616522995060e-03
6.409728524009889253e-03
8.875907156864513287e-03
6.575168879824057518e-03
6.666987570652612924e-03
5.043784228825963327e-03
7.017274350951758534e-03
6.628177621862327111e-03
7.234429096323523496e-03
6.998639218723696348e-03
6.555892924744227170e-03
6.056376654095530811e-03
7.499341621420066092e-03
7.517580867072330003e-03
8.021044332437046384e-03
6.582281492800236972e-03
3.701096416574537525e-03
6.068557294971579745e-03
6.558631016041890568e-03
4.935725382605437098e-03
7.553907459856123129e-03
7.836293640941790345e-03
6.148495446110663516e-03
7.133426196934602309e-03
7.114297845996675820e-03
6.630537999646035803e-03
6.465526002565048086e-03
6.015141081368173374e-03
4.495126582966700417e-03
5.590722367031174776e-03
6.277144534755160418e-03
7.205606238807724280e-03
4.776886103036062474e-03
6.383881839059351616e-03
5.881312802420215861e-03
7.929984704875780305e-03
6.518893631316025061e-03
8.169827903575550485e-03
4.921929435645276164e-03
5.460112351949261873e-03
6.789720807494247640e-03
6.178666576129769952e-03
6.723474147567896388e-03
7.684049000990177646e-03
5.594447814581974578e-03
6.466825813151338628e-03
6.512357539016739097e-03
5.610703669657982583e-03
4.484474085438832670e-03
5.515207121988747498e-03
6.083282769614044988e-03
4.966987964695912527e-03
5.564672687308223030e-03
4.464830285703968657e-03
7.366697263805450750e-03
5.600560361857314165e-03
6.375403042066764107e-03
6.769302334661480430e-03
5.608767402540707978e-03
6.563127409763469880e-03
6.523800364694374264e-03
5.772239999749672994e-03
6.382701088566363617e-03
8.450149112972853843e-03
5.943201830331687474e-03
7.421235930499323410e-03
6.410754096146473006e-03
6.158423329260418085e-03
5.003743710262695613e-03
5.553108147861485384e-03
5.886711063791945885e-03
5.160876181327837299e-03
7.322077547908844783e-03
5.395671045291923311e-03
5.901127538700484329e-03
5.477171575014642968e-03
6.724732433874747520e-03
5.362122792575867332e-03
5.144561868105364255e-03
7.303407431124172428e-03
6.332503711545844557e-03
6.846339323034925095e-03
6.926020872120628065e-03
5.729324670713285307e-03
6.554481800168521742e-03
4.356580154332880331e-03
7.836898515207534749e-03
7.053196489180706651e-03
6.046136783287696555e-03
4.792683436795501517e-03
6.329851138709863094e-03
6.649527309480019431e-03
5.055331217699200394e-03
5.699332756500686409e-03
5.836682662167059187e-03
4.574160569076083857e-03
6.390180109865200783e-03
6.682413462211793907e-03
7.705441709620862445e-03
5.413951381134723788e-03
5.847718096726042987e-03
7.188027192134986351e-03
6.077224116235372016e-03
6.746297797052804891e-03
3.647786166126257366e-03
5.994127994295558350e-03
6.356979522961090680e-03
6.864229986527426927e-03
6.201380609245982917e-03
5.969171065462307996e-03
5.441975232534887116e-03
6.072488633275657625e-03
6.297189952871995629e-03
4.236022499995607295e-03
8.095895507522113399e-03
5.782245527491686708e-03
5.728276403615152612e-03
7.064152038554210797e-03
6.737549106414531495e-03
7.208360495736838326e-03
7.693075170672795081e-03
5.730207041931909516e-03
8.812629144841021764e-03
5.840718830609281827e-03
5.585223162367388035e-03
5.407950995307168190e-03
6.470488255963457828e-03
6.503055658307328561e-03
4.974344118297042636e-03
4.943977423325710864e-03
5.727789490729512205e-03
5.905623682920108086e-03
6.048795689751568401e-03
6.947978652057130132e-03
3.621221710788776350e-03
6.011388676384990873e-03
5.805856264226676861e-03
5.610830255087490871e-03
6.492585196651826270e-03
5.813644154703350581e-03
5.125725978644039317e-03
5.484460362510126981e-03
5.493553056964629172e-03
6.135812200457634903e-03
6.205314567827874966e-03
4.902663524233583439e-03
6.872201900912256779e-03
7.194958456937047657e-03
5.012080599571439726e-03
6.129591176837425118e-03
6.771194943857398833e-03
7.154447253085166950e-03
3.797430519633807847e-03
5.999463853103848866e-03
6.335050717557864745e-03
6.564993358885928658e-03
4.370665921195403952e-03
5.800125060553239231e-03
6.231656983574749772e-03
5.654471944604898964e-03
9.133669828111239813e-03
5.929828319996106704e-03
6.405389675393982109e-03
6.566109069682530240e-03
5.694770645419846081e-03
7.292644577525105032e-03
5.564030948269748506e-03
4.804628728932637365e-03
6.037250860210716975e-03
6.600922811282414898e-03
6.198816272190333862e-03
7.470601981544652305e-03
5.881476166238647912e-03
6.380766218062309918e-03
6.061427129948023136e-03
7.068366617893654183e-03
7.161294737949569847e-03
5.422570138827392978e-03
5.579934145590453691e-03
6.826723481650202180e-03
5.839131448678585613e-03
6.345326269348621623e-03
6.081078215300512839e-03
5.906043543622546861e-03
5.587703952651016520e-03
4.959418639103982569e-03
4.352947121506501281e-03
5.880341887536224069e-03
6.570161894292024692e-03
7.086661522589569016e-03
4.301470551369548055e-03
4.198857134938219736e-03
5.874695110138198131e-03
4.567559685299768003e-03
5.802454527767929478e-03
6.828887882538879281e-03
5.905820406375615443e-03
5.840757502711515885e-03
6.373742018811569439e-03
6.838185423194653029e-03
6.855814504684114817e-03
7.597548290523567852e-03
6.727476268949459520e-03
6.007745218493731887e-03
6.622050994483103491e-03
5.835334087754354311e-03
5.753925779638570728e-03
5.973803027496041654e-03
5.417241092176464969e-03
6.318610058551872230e-03
4.631180111112382682e-03
6.765160369033791470e-03
4.834588034716898533e-03
4.894495836673526910e-03
4.321178353957419969e-03
4.994804187027909043e-03
7.054799955149162506e-03
5.470741141220822681e-03
5.018055087831250517e-03
4.313817767688166681e-03
5.523406152412636133e-03
6.935192118329801432e-03
6.372963368363789710e-03
8.461956843099261924e-03
6.473048382196942840e-03
7.323557010989637656e-03
6.668244379199085581e-03
4.809338444068228177e-03
8.769729209689615043e-03
7.367579866839870685e-03
5.965557272824657635e-03
5.220710562787547401e-03
5.090280508066551482e-03
5.001326535028177526e-03
5.598092786863697289e-03
4.980994913799972196e-03
6.721906278076061891e-03
6.745075378741394699e-03
5.331915573063840744e-03
6.908398473014300094e-03
5.947180602056206800e-03
7.105298301024722853e-03
4.777037606546790695e-03
7.112461311515832704e-03
5.711176783611796211e-03
5.793996332313908204e-03
6.204011088162084998e-03
5.258269677274857168e-03
3.933587502050495469e-03
6.476613086451069382e-03
3.891128817241628311e-03
5.355484762635296693e-03
6.387953987367552336e-03
4.579353538755590036e-03
7.155026141570331941e-03
5.708236619187055140e-03
5.248386978094777763e-03
5.748841888390161109e-03
4.864419971179112859e-03
5.343852811918578007e-03
5.743877259609252162e-03
6.431526593599505397e-03
6.456232133906423393e-03
6.201147307124694336e-03
5.109958814667414639e-03
5.603344443854495378e-03
6.637080475488724846e-03
5.616214852659044514e-03
4.304317602017776120e-03
7.009183874680979115e-03
4.931243930714714584e-03
5.024751142343385386e-03
6.307093285170545759e-03
5.646437972007682486e-03
5.934754039656378426e-03
6.115877681803920211e-03
6.883998321933725018e-03
7.080459815170464868e-03
5.050063212606994111e-03
5.978888900204583530e-03
4.709069408828539353e-03
4.658109507469702232e-03
6.577925242956384269e-03
5.507909517847831525e-03
5.762405973541445334e-03
7.634016155983594509e-03
6.196726682046113655e-03
6.332549429581820453e-03
6.555297613992291765e-03
6.594030784320405354e-03
5.613630285989872938e-03
4.690420927689395621e-03
6.518155545885280858e-03
4.987813567946269670e-03
3.886202741886723121e-03
4.389865605988503040e-03
7.083188332408337645e-03
5.085423478641786302e-03
5.509115546952441864e-03
5.707184520200254962e-03
5.393758107358878964e-03
4.251592521663973522e-03
5.123180334171617209e-03
5.733736791602288621e-03
6.325996432157612176e-03
3.633489848068920374e-03
4.937291423379716604e-03
5.815306318663749155e-03
5.044259372501926596e-03
7.355315859476250877e-03
5.501265366627179111e-03
5.140785869399995718e-03
5.458258652616575918e-03
8.098756784188946775e-03
4.987215961539647954e-03
4.693479290662379982e-03
4.641090426390885766e-03
5.827750464128273605e-03
5.244288151086808590e-03
5.489790590523500359e-03
5.868206891055573887e-03
5.628833924910111794e-03
5.404588052045442709e-03
4.807297237802213991e-03
4.871259084533395220e-03
5.250149363463788542e-03
6.380809180566226341e-03
5.610340650977413586e-03
6.850670815045706817e-03
5.620770416536983484e-03
5.729366073797276943e-03
5.722716190160919217e-03
5.818299485401039542e-03
5.929699949263865510e-03
6.108700032687215675e-03
4.972168975498358207e-03
4.712313727037726989e-03
5.636788874375264248e-03
6.063965536852210410e-03
5.312303815314381970e-03
5.892842940030073445e-03
4.717314311261526331e-03
4.792880047911278474e-03
5.273599103814550181e-03
7.343160003237434244e-03
4.526143095366397771e-03
5.297682097030929037e-03
5.129190044516939231e-03
5.391573050228498643e-03
6.173319332820612244e-03
5.550931244769642323e-03
5.905282423398374933e-03
4.032476470817438971e-03
4.778304820158810369e-03
6.273910003802805023e-03
5.577666758714795205e-03
6.123230276477202583e-03
5.646656575909522226e-03
5.843017003481972352e-03
5.659004954604823605e-03
4.884119516634152260e-03
5.309789134150384032e-03
7.103212558457625003e-03
5.565746491807904185e-03
5.721293645069952874e-03
4.037049282068626288e-03
5.335554628308830476e-03
6.238011804809456828e-03
4.758531230600917573e-03
7.099041714087158707e-03
5.623170136426997555e-03
4.975245066091108816e-03
5.702357976718620824e-03
4.477365977324649672e-03
5.547259258602889667e-03
4.549014456518472860e-03
6.341501342530577942e-03
4.570952138350624881e-03
5.290443115832322608e-03
4.640020189721992365e-03
6.300808895226755330e-03
6.244610791545075409e-03
6.927990272291181979e-03
5.198087294076799911e-03
7.094083198238120523e-03
5.115969348727259468e-03
5.220375812612643163e-03
4.150905074711996011e-03
5.736237709165341835e-03
5.970574739888149206e-03
5.300435956092928828e-03
4.866755893644862489e-03
5.866537617525268561e-03
5.481801847227015662e-03
4.593603144399875660e-03
6.740973642878494293e-03
6.650257088646096236e-03
6.078218893059240957e-03
6.733210105066103277e-03
4.747263193363156913e-03
5.375676013905832454e-03
5.024445582897984867e-03
4.292900912559634297e-03
3.710580646410691248e-03
5.397477851781899705e-03
5.287366879577005789e-03
4.512258687504770022e-03
6.469006354568230914e-03
5.003068646847788278e-03
5.436940133530437924e-03
5.042295467144228271e-03
5.467025402279735054e-03
4.226378087401751887e-03
8.183235904074518882e-03
5.235037403955280361e-03
6.285099069384521286e-03
5.347977223164538350e-03
5.691548506108441013e-03
6.146818000483649652e-03
4.255378015900762242e-03
5.828067762525720660e-03
5.251690994812257575e-03
5.677867894376783207e-03
7.195879413335185167e-03
5.173698962180257356e-03
5.007359016983868594e-03
4.495918768577006515e-03
4.830300560583072195e-03
6.528515045150428894e-03
6.134125758566891413e-03
5.627510700620442369e-03
5.948177141894325087e-03
3.736963287019313528e-03
5.496691772635677389e-03
5.876212220360268676e-03
4.674671822692157488e-03
6.584400409231059431e-03
5.947031622030940837e-03
5.408200188892091365e-03
5.196967817518267745e-03
6.424943809893834956e-03
5.461121699769307808e-03
6.490414859361108221e-03
6.287175868342769099e-03
5.968435413561152571e-03
6.707864320837688896e-03
4.784371653721685227e-03
6.041382650553141394e-03
5.028793714518353490e-03
6.493133507172984924e-03
5.192202509271970877e-03
5.587850358927007148e-03
6.201932397939912203e-03
5.906934419135175321e-03
5.439974724943684274e-03
3.980270049448841885e-03
4.795039272882622820e-03
5.043240605222757376e-03
4.440438752707847984e-03
4.054746298627257169e-03
6.943960452057972542e-03
3.694742704888267538e-03
6.094866345073115046e-03
5.010168095324894419e-03
5.270466591467206502e-03
6.064461250109483628e-03
6.099509786949399229e-03
6.624668540659668300e-03
4.723745819618847298e-03
5.659612970363986709e-03
5.819882272431661611e-03
4.774136297262506282e-03
5.678720520971108215e-03
4.606865133077259200e-03
5.613883761608543660e-03
4.984721274177005869e-03
6.693039480739354161e-03
6.047490977474550070e-03
6.086281117506153922e-03
4.092700641415573763e-03
5.192219960465243450e-03
4.335351352052570564e-03
5.292106416571067985e-03
5.907763800369576941e-03
5.600805536499795477e-03
6.279367840070430862e-03
6.719205307106918684e-03
4.913769731318417405e-03
4.637801286079685538e-03
5.779905917987987821e-03
3.962808233459535513e-03
5.710443225166532931e-03
5.237371008871110657e-03
6.426820863464390889e-03
5.189730142059461454e-03
6.107224561672129452e-03
5.118097480487058398e-03
6.425280730525733883e-03
6.766020840069088271e-03
4.625735396582239881e-03
6.426594229474146165e-03
4.739936149045971894e-03
5.941910749572784818e-03
5.185203744468252877e-03
5.873558098780462186e-03
4.169978896966448564e-03
5.226598386047457724e-03
5.885756390030764430e-03
5.945879800948697391e-03
5.142755161345148769e-03
4.863733710584320843e-03
4.838489821175891679e-03
5.316716437930913731e-03
5.059413530687123170e-03
5.765320758689144488e-03
6.061828392306824187e-03
3.921943107689030220e-03
7.189276842412134494e-03
3.805152336814541549e-03
5.639892070908282366e-03
4.683043699309618474e-03
5.366170391405958827e-03
5.595281276161314862e-03
6.075179748506285594e-03
5.064704357896288728e-03
5.300468386251139599e-03
5.795359817050111523e-03
5.619631338140557153e-03
4.313047243556368190e-03
5.919536339501605196e-03
5.519536827818117240e-03
5.995382804598551468e-03
5.499689662999788196e-03
5.748929204667066993e-03
4.632205533799119840e-03
5.620452471760667597e-03
5.730716151358288164e-03
4.736048220649325714e-03
3.963180129680683901e-03
3.603666571881663713e-03
4.691550561194864945e-03
4.537721600711221853e-03
4.953328236813435946e-03
4.969884320500484592e-03
3.765901362563271824e-03
3.535137518836605885e-03
5.921589952553383933e-03
4.979811768040271792e-03
4.947546025862781249e-03
5.594042075048292692e-03
4.999488970189461604e-03
5.992204546310321740e-03
5.142449487305473209e-03
5.465209465769301118e-03
4.958289655049212194e-03
5.094330599093692402e-03
4.495651088497954438e-03
6.064514742000895638e-03
5.323270153975480541e-03
4.062654748340443177e-03
4.801065426190890932e-03
4.378881819002733086e-03
5.989588148273540698e-03
6.108003828512914395e-03
4.490197836443081923e-03
5.506106084890121169e-03
6.198849625063685038e-03
6.314860292385951653e-03
5.838621155405448494e-03
4.952105309620874994e-03
6.475822267019939148e-03
4.800543170217256954e-03
5.242345653475774178e-03
7.207134249679421692e-03
4.959561831129674983e-03
4.210031541658458901e-03
5.911480203683810476e-03
4.360506773206023617e-03
6.088562116264748317e-03
4.835177075670382685e-03
6.665336716100618911e-03
5.648693844992731805e-03
5.347598188668145625e-03
6.455009651382657282e-03
4.590859165083813025e-03
4.826876948768301680e-03
4.078803070958651050e-03
3.878602449752544760e-03
6.404113705232354625e-03
5.827254898099922149e-03
4.678991586661621592e-03
6.530135740155166603e-03
5.250423618145239578e-03
4.704113408291415652e-03
4.131871984243842312e-03
4.771756786393139237e-03
5.415772196044316318e-03
5.246150731096309999e-03
3.437089808971440993e-03
4.240229768263685181e-03
4.699535102911980497e-03
5.269150171249706478e-03
5.037995961385387071e-03
6.751672609963198235e-03
5.295909616283418081e-03
4.458210376623632232e-03
4.321856225077487686e-03
5.077898047439101219e-03
5.191253950483217146e-03
6.517061023947506512e-03
4.226810707758702455e-03
6.036562951428128647e-03
5.172734886030179793e-03
5.553340421473994086e-03
5.164296380295543831e-03
4.707782666824261372e-03
4.315297006589812953e-03
5.311557486835346946e-03
3.997651075031256017e-03
5.365793102242806881e-03
5.620920522981315108e-03
5.589785033112853498e-03
4.773909786170068940e-03
4.335541801385287171e-03
3.952991840812008009e-03
5.194786425142825306e-03
6.101005877645335369e-03
5.328593855998298677e-03
5.493251133117721050e-03
5.125287724910336691e-03
4.694002867175002015e-03
5.020144371445264125e-03
7.100254544957340826e-03
5.116419217172638034e-03
4.483978053867280003e-03
5.536199213841872489e-03
5.541899879664308713e-03
5.546417805789392343e-03
5.711318185436399693e-03
4.941261678946964365e-03
5.675395138018688238e-03
4.237373512738800210e-03
5.455339885939511878e-03
5.041377321375406853e-03
4.594667855583709978e-03
5.879320578542868506e-03
4.643269649160813861e-03
4.665825787251612171e-03
4.942830055349047014e-03
3.921053911416290394e-03
5.989211259605831984e-03
4.718698275441570063e-03
4.864024644305209658e-03
5.217038221878292879e-03
5.020480705540494859e-03
3.674494413019371245e-03
5.248254172192038346e-03
4.264033455044580548e-03
7.007678988080323981e-03
4.988680247819851123e-03
5.565906137657063504e-03
4.892861533403994670e-03
5.478952642916712530e-03
4.869747294257192188e-03
5.887391996203257538e-03
5.397745094970351695e-03
5.046336632689801815e-03
4.278678440679456636e-03
5.794705433729479237e-03
5.029566453384116780e-03
6.577101556386131739e-03
5.368462660699719821e-03
5.650589837601838715e-03
5.892437929125350811e-03
6.220619930660754339e-03
4.932288525183687287e-03
4.138304997152843570e-03
5.751497245790803889e-03
6.312596771458621123e-03
3.699016394197660474e-03
4.377355835019469676e-03
5.109532965744513835e-03
6.461135241715321165e-03
5.039996981151737693e-03
3.904101289033765770e-03
3.781941716534067792e-03
4.984556265945776915e-03
5.393498352876112054e-03
3.587986281077992085e-03
5.982482749930670418e-03
5.394343105211035425e-03
4.899744156581697409e-03
5.419105418782351261e-03
5.519169247837778930e-03
5.795210261219051889e-03
4.901853731009170149e-03
5.837894503625365959e-03
4.497665562328516733e-03
6.048284633770739140e-03
4.684003414802579389e-03
3.608851405238234188e-03
3.747603542399660734e-03
5.310273919775927200e-03
5.309975751398432822e-03
5.148184014111929600e-03
4.878730067729180296e-03
5.729323119245684215e-03
5.310857775406701078e-03
3.779138294409415712e-03
5.235456748811387340e-03
5.522965094356109203e-03
3.872733685912556519e-03
4.548595362305670603e-03
5.487549702024039147e-03
6.012765056885579357e-03
5.744963229678277765e-03
4.640889457484164739e-03
5.569515625344589188e-03
3.225247596113787335e-03
6.255429563751504531e-03
3.993456997095620742e-03
3.689313303408184048e-03
4.810927634477634059e-03
5.554544085687750966e-03
4.534252472668868356e-03
6.099115144630352404e-03
5.492392394356638077e-03
4.270981799718585707e-03
4.259681922171373522e-03
5.818582628532842187e-03
5.430828296757445398e-03
4.897726787874930043e-03
3.834347364604118267e-03
5.599955480890248839e-03
3.888144284730083756e-03
5.856585987404358019e-03
4.771342181045153293e-03
4.574444410348003399e-03
3.876504522275887269e-03
4.832574311888724987e-03
6.256929527252550263e-03
5.039911190171453455e-03
6.980132698597350978e-03
5.275584592672138626e-03
5.045730284181408447e-03
4.402745482256235389e-03
4.564038887866904426e-03
6.738356535173898286e-03
4.459927930655524682e-03
6.276176703046469629e-03
5.063208476974892340e-03
5.253292972291311383e-03
5.543846534303242118e-03
5.855819619681580310e-03
4.230802266952669692e-03
4.350246442541359781e-03
4.093455211014973907e-03
3.978073706402289467e-03
5.055437214346147033e-03
4.284443607105115938e-03
4.976975092225871707e-03
5.934059682439917285e-03
4.939961968460282980e-03
4.616772810266618447e-03
4.827074252395414239e-03
4.375567056493749260e-03
5.260522593602716575e-03
6.585312372929669200e-03
4.495929559138701556e-03
4.805762257244369784e-03
5.230854779311214578e-03
4.260897925788643265e-03
5.114598723470211404e-03
5.042271506014799586e-03
4.065975089400592282e-03
4.809920327210061644e-03
4.777858215397924602e-03
4.059572835711221586e-03
5.152077641092612723e-03
5.769122022530700188e-03
5.070774830766416712e-03
4.494268323366364982e-03
5.300779841332457949e-03
4.590793294413510195e-03
3.684953023250605794e-03
6.089425280073456487e-03
5.549707605865726590e-03
5.593125936177686594e-03
4.112836268165953775e-03
2.973453533673414521e-03
5.798554466673589564e-03
3.865894484929429005e-03
5.393679470364280693e-03
3.741398723587372258e-03
5.128580738161562895e-03
4.588227623778757223e-03
4.765014722521348882e-03
5.963493803571956638e-03
4.951507957752116287e-03
4.667986784621324346e-03
4.390813993469511005e-03
7.579754514508512363e-03
5.807681889951041981e-03
4.623526085545168370e-03
4.603994104447109090e-03
4.556071212644761254e-03
3.775730214246964932e-03
4.441335028521274132e-03
6.156936239520630766e-03
4.580932973575018580e-03
4.964994057483583349e-03
5.234499627020841594e-03
5.268165655807484707e-03
5.446676954220239404e-03
5.134268668961597046e-03
4.885701808875564725e-03
4.577193965683446636e-03
3.662159790518782279e-03
5.528203354732273700e-03
5.675499668489885491e-03
3.650596614700897264e-03
6.161744664606031915e-03
4.977965791033422786e-03
4.131150859676197516e-03
5.794912924407058866e-03
4.289742783287903323e-03
4.033252446292909070e-03
3.918120410927667524e-03
5.924917202806760999e-03
5.725651013380505042e-03
4.572745127235868998e-03
4.951104432120148266e-03
5.108256639215625998e-03
6.195528859145814880e-03
4.871393784899271349e-03
4.706165386777106871e-03
4.604234660743326824e-03
3.739369751747986977e-03
6.037162626095109348e-03
5.178508448465277136e-03
5.211669544665276793e-03
4.815821446869672853e-03
5.808259180602508287e-03
5.489173947809976306e-03
4.909843260188717466e-03
4.400795181558888464e-03
3.860927480353664072e-03
5.425673121141407450e-03
4.877466954734361454e-03
4.263620653730919308e-03
5.170109761281679178e-03
5.258479988917098315e-03
4.518969602200662884e-03
3.745705309018187122e-03
4.740916825378195011e-03
4.315019098671254993e-03
6.271997202714549649e-03
4.433375195183747453e-03
4.888228901215800441e-03
4.619355353904515404e-03
5.235087756971507425e-03
3.173453910852568408e-03
4.494087975380377936e-03
5.343598840661275585e-03
4.422859029170693977e-03
4.580697850395189057e-03
4.446722836999094340e-03
4.061431419159980058e-03
4.510954196151380907e-03
7.617273542867709045e-03
5.021312633233058868e-03
5.173852024504194298e-03
4.975015659938313364e-03
4.994911885709298754e-03
5.889782116545244466e-03
4.309074224413629584e-03
7.257184562161410162e-03
7.385687157930810945e-03
6.197288615448235359e-03
4.656622446407759734e-03
5.213641847038157258e-03
5.089715881454081464e-03
5.215412442883790405e-03
5.942987472076366982e-03
4.403819978887303470e-03
4.098857329504465401e-03
5.334971176262272990e-03
4.134194027757728297e-03
4.688716270317432391e-03
4.652522176770050935e-03
3.894662367098684908e-03
5.045907590942986035e-03
4.380260756141407703e-03
4.231720127148022592e-03
5.310818646229014013e-03
6.145518043382423509e-03
4.605914353425256090e-03
5.168098809278721603e-03
5.116717430179524607e-03
3.160905476945750567e-03
3.845044091661418192e-03
4.144003233655590805e-03
5.209777550846373360e-03
4.675026597527269512e-03
4.229105650994025543e-03
5.820956127189752180e-03
5.762516003095402052e-03
4.380819288451126906e-03
5.097723590262007859e-03
4.670393503523506858e-03
3.741078859798381041e-03
4.784967142816741285e-03
5.287058393548855692e-03
5.608879089860498157e-03
4.702326817310011932e-03
5.841441986270383240e-03
5.366185026846414727e-03
6.062390397861241315e-03
5.761794971284118008e-03
3.818210856127123888e-03
6.625882691014593241e-03
4.759477632484221052e-03
4.870451450268395953e-03
4.277209541099222419e-03
3.309309216353748147e-03
5.130769973298790823e-03
3.798632430873757817e-03
4.960519294301192830e-03
5.274521501025763309e-03
5.106724332511927700e-03
4.659499262666023586e-03
5.165121379192716237e-03
5.121756604581985915e-03
4.939951126421784217e-03
5.087810772702539876e-03
4.746966062025880992e-03
4.672522605104587230e-03
4.004592374093899482e-03
4.353163422972571202e-03
4.129479377315074286e-03
5.034894239642994512e-03
6.842626805699021479e-03
4.741362569199455632e-03
4.158857848468738155e-03
4.954145389686776847e-03
4.405051184668887926e-03
5.920214184587491157e-03
5.672213855648975886e-03
4.012135607180418798e-03
4.373536982814130343e-03
3.286098457265328350e-03
4.962373248105817966e-03
5.257674302286086294e-03
5.175378832129772649e-03
5.071179434243691664e-03
5.785895972421959028e-03
4.633787740476387126e-03
3.872609038891080841e-03
5.194914352620061751e-03
3.830465806121417793e-03
5.035069811179386338e-03
3.742636094947032147e-03
3.963880140752308601e-03
5.092625449338092705e-03
3.026229303337419057e-03
3.674759817182841459e-03
4.528744335054132354e-03
5.829458450104220424e-03
5.783513717389218017e-03
5.750262200410553512e-03
5.731406268706905338e-03
4.976250376054375778e-03
4.258723683210269458e-03
5.253778278311840334e-03
5.777420022796231174e-03
5.449217910745290071e-03
4.176993759226737407e-03
4.915468187059083595e-03
4.650337304823191041e-03
5.094070675038753215e-03
5.558429853926617932e-03
5.284509760387165293e-03
5.331475828647545996e-03
3.806769331863924574e-03
5.372910787807454527e-03
3.902536338198863298e-03
5.562744833405318390e-03
5.058259377386275721e-03
4.107113951850251306e-03
6.187640770285918711e-03
3.526751728219830635e-03
4.166993111948570118e-03
5.070786914479897059e-03
6.698658903550311523e-03
4.736235472544445511e-03
5.146604210199862660e-03
2.693414418296850160e-03
4.633683403016846877e-03
4.439771623910887706e-03
4.286957483000610088e-03
3.917956013049465371e-03
4.994161412363342691e-03
4.043742010799393841e-03
6.276371327393523089e-03
5.300246219643835015e-03
5.018899846892552891e-03
4.581770754852830183e-03
3.205456732237241951e-03
4.803250780124753219e-03
4.283306533374596839e-03
4.099769891386935254e-03
5.012583575518089925e-03
5.851627223052709853e-03
4.804156039790514164e-03
5.149102193355803610e-03
3.719159465969343933e-03
4.400813126183334562e-03
4.662123075682954483e-03
3.694657796036067421e-03
5.348379759085962817e-03
5.776512071400763046e-03
5.967650373050807817e-03
4.141169998632256849e-03
5.909317409665876611e-03
5.937643911934364221e-03
4.700362287228991055e-03
5.351926809295535874e-03
5.089909736112672653e-03
4.396291144075373247e-03
4.805799220395101830e-03
5.170285308074598109e-03
4.210987783630198295e-03
3.439865367323611048e-03
4.611149514834898822e-03
6.831973919145963199e-03
4.852707601795378661e-03
5.530572717363692846e-03
4.616395483314237290e-03
4.966798923570414290e-03
3.166280474585392302e-03
3.825774798849254209e-03
5.221992753621300734e-03
5.182554739949016796e-03
5.112085372716087747e-03
5.623674489886600417e-03
3.635362326027672362e-03
5.138396600531870695e-03
4.387325436434545700e-03
6.418305148609821514e-03
4.507559044804637823e-03
5.379954214554390907e-03
4.278063883339577184e-03
3.972094687154459867e-03
4.896495886063180134e-03
4.780986267926945477e-03
4.115323885042098360e-03
4.039270210807911245e-03
3.513940694669928037e-03
4.685083899847656067e-03
5.633947894959300505e-03
5.001372466418520582e-03
3.377383778453328135e-03
5.303173278785472573e-03
6.249815639269218868e-03
4.506937039504457787e-03
3.867757095005039305e-03
4.975730525729319710e-03
4.780628751910816904e-03
5.039135811678841469e-03
4.495737776657571239e-03
3.945785783969425232e-03
4.725384900410015653e-03
3.303551312306744325e-03
4.732039993710769436e-03
3.765546591893008822e-03
4.884722049661915401e-03
4.501199271558379081e-03
5.503221688013957419e-03
5.074889264332505499e-03
3.255274272828524371e-03
4.679790551305484415e-03
4.584103968132801320e-03
4.560507035041364877e-03
5.772603357165229966e-03
5.360712224273562511e-03
5.765706120375592957e-03
5.008084110238390785e-03
5.771313264173792354e-03
3.790737782523726125e-03
4.200069426300482613e-03
4.114996392546045254e-03
4.971288196127862137e-03
4.795717077442634459e-03
5.041871063058822773e-03
2.951698932546709554e-03
4.305258129791143286e-03
3.457791147365437984e-03
4.614851839108172378e-03
4.664453394482361535e-03
4.629681278978784592e-03
5.174746789529772323e-03
4.301033045994781881e-03
4.033950946450451554e-03
5.211476939396057079e-03
5.195599490932649965e-03
4.606973658262904572e-03
4.922760948959586241e-03
3.962564486813295421e-03
4.591917254168273281e-03
5.516331459945534969e-03
4.624031783782238565e-03
4.658280666763228717e-03
4.896341770420138510e-03
4.195507170048936099e-03
4.452531407032660205e-03
5.176747374151284380e-03
4.452030893931147038e-03
4.957621929748982394e-03
5.040304067364413318e-03
4.849020277199632065e-03
4.382587701609170355e-03
5.340550295967291805e-03
6.178761523924208333e-03
4.688788453524240889e-03
4.546866053580430125e-03
4.482514309266086641e-03
4.592312165343549052e-03
4.405122237283541804e-03
4.208259143092502041e-03
4.758674929781660581e-03
4.649241134542810190e-03
3.848870456096063590e-03
4.720448193430051842e-03
4.561946723077150989e-03
4.665021206331002729e-03
4.501013306438688549e-03
3.479334468667475647e-03
4.022368119110601714e-03
4.149443949095409090e-03
4.052071711083919149e-03
3.496977527173383143e-03
5.384353866324308874e-03
4.834109191839145760e-03
5.285763971972157887e-03
5.131650937053512662e-03
3.861884700781087996e-03
4.867733005700260532e-03
4.599011230288649332e-03
5.709922820236572327e-03
4.389614776201646376e-03
5.224042584335706479e-03
4.234190493027245421e-03
5.184403102075700945e-03
5.239987675363855756e-03
4.291651472267395823e-03
4.415263043557642736e-03
4.475954835842131489e-03
5.496030050380966599e-03
5.283991028370853445e-03
6.177178777195396764e-03
4.113190521806331726e-03
6.046454328880093015e-03
3.637180673468851707e-03
5.736398850736995798e-03
5.198890286909719355e-03
3.732659541994780370e-03
3.718760802672823381e-03
5.944804806829453656e-03
4.714218498625002453e-03
4.563487783775276203e-03
4.979000274654285345e-03
3.347496518034271448e-03
4.309388747349743656e-03
4.519625977810237498e-03
4.113255636707961217e-03
4.531277997332021010e-03
3.907325148082131314e-03
4.197591062250870773e-03
4.000908754590729380e-03
4.499529364415771372e-03
4.279659868059107128e-03
4.999572677771067439e-03
5.388028552434902946e-03
4.208676859971146114e-03
3.685671816465679960e-03
5.197058331486978551e-03
4.432066099216186612e-03
4.327964639413538726e-03
4.852592021319238232e-03
3.993564154380433578e-03
3.983686119132181722e-03
3.611968195420364042e-03
4.676702374576536918e-03
4.665109133930301494e-03
4.848561288147095957e-03
5.378068971727610441e-03
5.564611247420001711e-03
4.795757167988598177e-03
4.336078599710259038e-03
4.715672337972672164e-03
5.282855964886114079e-03
3.825859154163426847e-03
4.416959060127129653e-03
3.717482585793993426e-03
4.884762118487524438e-03
4.407276190081395838e-03
4.470718435361994113e-03
4.698455595260500432e-03
5.392253084736302673e-03
4.091157551865555637e-03
4.919230627039785676e-03
4.356453357570600447e-03
5.361898639885327375e-03
4.193215174750642045e-03
4.871837580721211092e-03
5.357284759456939528e-03
5.150317709379056107e-03
4.743097436766977558e-03
4.961041648624870196e-03
2.857395253627057277e-03
4.081531922370920315e-03
4.223366757184851376e-03
3.245850136125049377e-03
4.765448510334720916e-03
5.384924327413557338e-03
4.224435380325576063e-03
4.487806037682877218e-03
4.533945129143433089e-03
4.712559695823596503e-03
4.936295505778905135e-03
5.013850020182744616e-03
4.555841240303698525e-03
3.970204625153534589e-03
4.546716239351130187e-03
3.412385372191565312e-03
5.410491281259127011e-03
5.179771144891950549e-03
4.303694373911513132e-03
4.547113724721767170e-03
3.744256801663593207e-03
4.099044276789687996e-03
5.036538007954792333e-03
4.833033248862908179e-03
4.229332707434281004e-03
4.052074654360944897e-03
4.275346573317247156e-03
3.665259622953432033e-03
4.221647227239925908e-03
4.496737918959036254e-03
4.327071792531292371e-03
5.959736968040221967e-03
5.490970983501372756e-03
5.102704533015761310e-03
4.589150413341575550e-03
3.062602624723266814e-03
4.026511533408000040e-03
3.329887975298490965e-03
4.171096767025922816e-03
4.389530287011811881e-03
4.329379856180843623e-03
5.475279186486743145e-03
4.243506252521267105e-03
4.922263422246528179e-03
5.110012034539204544e-03
4.509625382984324554e-03
4.568981297497636505e-03
4.329238271651689868e-03
5.089561549829739288e-03
4.297462635895161337e-03
4.029882800096831058e-03
4.193161644824121986e-03
3.288567558836727380e-03
5.825751952024637616e-03
5.454094890802007288e-03
5.379458079609881344e-03
4.392691420171620370e-03
3.461332578788377592e-03
4.728986829616223936e-03
4.238150541467218708e-03
4.431485607343872007e-03
5.253531517254737826e-03
4.756017318078773794e-03
4.989689011789279031e-03
4.188445191998156798e-03
5.054917421626814109e-03
4.623466638597748153e-03
4.704464332825084548e-03
5.646782254237783967e-03
4.046336596505546550e-03
4.190034655166477093e-03
4.984672756455323615e-03
4.665405579325914570e-03
3.245197055055516148e-03
4.146138335656692278e-03
4.784075756528565100e-03
4.352591054136557489e-03
5.076948039747688178e-03
5.038893835595205026e-03
4.682850450492917829e-03
5.039946050235544033e-03
5.044719915208161452e-03
5.351438923610722653e-03
5.212255626036750057e-03
4.953946434634206968e-03
5.360449285985869304e-03
5.351200952207394064e-03
3.990599169210038398e-03
5.416773150262583353e-03
3.173070563764058064e-03
5.436944347853708490e-03
4.976242437464022984e-03
4.155296172964941144e-03
4.132864558796778796e-03
5.580039504012770067e-03
5.106365062868976380e-03
4.438895801754973169e-03
4.452217261871604763e-03
4.905916158473814549e-03
3.071337696483544388e-03
4.241740808541991092e-03
3.951181761114688426e-03
4.235190045251439536e-03
4.468080368037648242e-03
3.922831817467595239e-03
4.400419228417807270e-03
3.880224030489556018e-03
4.133401262866556736e-03
4.459116884529449633e-03
4.478033873534708297e-03
4.459796385734788107e-03
4.372445051482326192e-03
5.350919229202712353e-03
5.358190154436794604e-03
5.392531055683281657e-03
5.059582939555808991e-03
5.405005449648095719e-03
4.275045556529249655e-03
4.027446555509512152e-03
3.390574126279724890e-03
5.305658477061797607e-03
4.830026449943970387e-03
4.112184560544831537e-03
4.676816195739321759e-03
4.696607326163744663e-03
5.325331917797860269e-03
5.521747895764183775e-03
4.171463328771638640e-03
4.514595805386185413e-03
4.437254362947330895e-03
4.743910441383686165e-03
5.074519229078492712e-03
3.700621709774927926e-03
3.550778641558804440e-03
4.847214638380158494e-03
4.818489801485060196e-03
3.957342801496380527e-03
5.165574289985415922e-03
4.009440713274094702e-03
4.524324303128759647e-03
4.978586923826642911e-03
4.573012324869119884e-03
4.809875837740423821e-03
4.088837082631671151e-03
4.341441518735378140e-03
4.296087461262817521e-03
4.076602654801819020e-03
4.672990550527667854e-03
4.483202169253485726e-03
4.196560498070029885e-03
4.586690660270272522e-03
4.720519382516574249e-03
3.891988791771874064e-03
3.883886698389016345e-03
4.966071345189854852e-03
3.726735757885136710e-03
5.371697750216355115e-03
4.236757259471052132e-03
4.791449405787522216e-03
4.414229071585444586e-03
3.292873969354061844e-03
4.716400714361473553e-03
4.281838408353296106e-03
5.395512627690515761e-03
4.862597127531727986e-03
4.595604827312530644e-03
4.971146991383802380e-03
3.547674452235663640e-03
5.027201543800729512e-03
4.593636435819853196e-03
3.841619186690519491e-03
5.881137153669906484e-03
4.762420168899254673e-03
2.849720322519607406e-03
5.463197050250744903e-03
3.023049300216216779e-03
4.077331819691444072e-03
5.108664895185627622e-03
4.015174448541692330e-03
4.725664436365371000e-03
4.472030570483804396e-03
3.884966809884671159e-03
3.921468146178889308e-03
5.098192451727326206e-03
4.824868394345735272e-03
4.632322437818022637e-03
4.641481301039977053e-03
4.804480717468412668e-03
3.749863843637304527e-03
4.438882243362024874e-03
4.904661664009498691e-03
4.729047951003627522e-03
4.739296757221407586e-03
4.494928624285688713e-03
5.145915652885170444e-03
4.738334427980247024e-03
4.769650072230166571e-03
3.809478893027286924e-03
4.599708719451488063e-03
4.496630120673944520e-03
3.969054992574360015e-03
4.725937150313657721e-03
5.043998025438527211e-03
3.907902347199565529e-03
4.236102619181681024e-03
4.577340677992840744e-03
4.069426683335245279e-03
4.928059178067026661e-03
4.534491455240104163e-03
4.871398727746755961e-03
5.804049104492644065e-03
5.831525106142404491e-03
4.231557722937220010e-03
3.712784254419853464e-03
4.791797000386160271e-03
5.540326750397198304e-03
4.625295059620517478e-03
5.811657580480329190e-03
5.334906491967613719e-03
5.334498371212334326e-03
3.706871602835855491e-03
5.186928603009920147e-03
4.487230667046584673e-03
3.463732867732925626e-03
4.175148350320916427e-03
3.297816920350837497e-03
4.630407030059340880e-03
4.570545530351497604e-03
3.999162853152118946e-03
5.393438229743679341e-03
3.869187437519497688e-03
5.768339951270387914e-03
4.222768445966673320e-03
5.319244771792698209e-03
4.307092215105771081e-03
5.055936120129929032e-03
4.134640087521634227e-03
4.513823658513187696e-03
4.842183867727886844e-03
4.177077291689754342e-03
5.282513575589804951e-03
4.751636294876255412e-03
4.516533237668473102e-03
5.076036238463873564e-03
4.881504184582522929e-03
3.966699462267041232e-03
3.299441933308219950e-03
3.793772136843201644e-03
5.023088952038141236e-03
4.658133458401509525e-03
5.087206674063369724e-03
3.591420081446276488e-03
4.746366036478298807e-03
3.896664125311012205e-03
5.054746117050088090e-03
4.263825964573093007e-03
5.067595311700049711e-03
4.548368163211043320e-03
3.894915152565437810e-03
4.173814652642731174e-03
4.047451921000764889e-03
4.310749273808856669e-03
5.377308707123355444e-03
3.562404909199391907e-03
2.901241743056266840e-03
4.824847636556698141e-03
4.591042262955048400e-03
5.350891892528303849e-03
4.972364517766387874e-03
4.779277212008797848e-03
4.364610364223035083e-03
3.749527433150622036e-03
3.689613339951049523e-03
4.327661396805417525e-03
4.669679569003659658e-03
4.695692997572315126e-03
4.486214044919935480e-03
3.976273288780843643e-03
5.145109565208796573e-03
4.117083108183833967e-03
4.107932625487052680e-03
3.702116999878395012e-03
4.260652436402826392e-03
4.042908547618908992e-03
4.414799728881000328e-03
4.596291396723819339e-03
3.666384904858000990e-03
4.305962665056558419e-03
3.822747194757257234e-03
5.351198061157320246e-03
5.384510404812963870e-03
4.624054845952371359e-03
4.907425641754910479e-03
3.421661514530945948e-03
4.076734201799973693e-03
4.117942979045989549e-03
4.703055712105231809e-03
4.823785297065234963e-03
5.101197546213815520e-03
4.568190153188734018e-03
4.358804917547990689e-03
4.285484518567624600e-03
4.279498542823095136e-03
4.049846358059572618e-03
5.309884474884067791e-03
4.835954459894716007e-03
3.775984485538161350e-03
5.066987780443244979e-03
3.412616096287434883e-03
4.327142439212016550e-03
4.422293138508237749e-03
4.021580354593707121e-03
3.606510447027501658e-03
4.234409442130826484e-03
4.573132621983205977e-03
5.764922197900756128e-03
4.526821234998063860e-03
4.186154454727881308e-03
5.579869572953508744e-03
4.530875712799836696e-03
5.387369570986961197e-03
4.395580498997858285e-03
5.025324322142914191e-03
3.790745526151060966e-03
4.524890392443043502e-03
4.064074409617374727e-03
4.282201965336998942e-03
3.561593622023393347e-03
5.164442346835496946e-03
5.202501447094206276e-03
5.002404086278599941e-03
4.603878288934860029e-03
4.529252606896475020e-03
4.862012244240225892e-03
4.222601454548052281e-03
4.513808946955479538e-03
4.142025907953741405e-03
4.663117456703364840e-03
4.590833714973891616e-03
4.283714859307116013e-03
4.732388983155896671e-03
3.925130491996675804e-03
4.606187002181718650e-03
4.143043813161592648e-03
4.175081668310873413e-03
4.209095822100274512e-03
4.728644852865583441e-03
4.244314886904492455e-03
4.648412287179462705e-03
4.057288737102520554e-03
4.469605232083556992e-03
4.613435034761738558e-03
4.825634052202492849e-03
4.159280042171826369e-03
3.787380678564095018e-03
4.333649764735654324e-03
4.245074936828891962e-03
4.582569422283017460e-03
3.683229472886571151e-03
4.442880372650863038e-03
5.280132132625551047e-03
4.448013238497446412e-03
4.961889418452068712e-03
3.997962155640212394e-03
3.981024229870551955e-03
3.432579383642427560e-03
4.429711146008530158e-03
4.883343076303103651e-03
4.901368741476148407e-03
4.726661437000959781e-03
4.178308879433036312e-03
3.800115778383440345e-03
3.979555233130069140e-03
4.473395566079800892e-03
4.884882614769701405e-03
4.265721263649708932e-03
4.302883855112168109e-03
4.828840604775836223e-03
4.367562119145337873e-03
3.851054491185914447e-03
4.719745755210685671e-03
3.291286297105091435e-03
4.699197488273134174e-03
5.276056200739474844e-03
4.206474065345073080e-03
5.452042172694594561e-03
4.429405011841619673e-03
4.221762830444860878e-03
4.033264379104294778e-03
3.869813670817110352e-03
5.429003895983136596e-03
4.275801056044677660e-03
4.137680353041961467e-03
5.535058486745845704e-03
5.124625478035322104e-03
3.970151884308954944e-03
5.056624823192423096e-03
3.937768321097867390e-03
5.235833457131112978e-03
4.405235822819420638e-03
4.184511378842877341e-03
5.646156644326556784e-03
5.017293577541558774e-03
4.146825953439420114e-03
4.636771531265714182e-03
4.089652554575246013e-03
4.760642479248138395e-03
3.773354967426255455e-03
5.291465734101804055e-03
4.174514723981899433e-03
4.217615029646230862e-03
4.157951463115458317e-03
4.881799465922534963e-03
4.286733151754839634e-03
4.627507909854586092e-03
4.708379011311023682e-03
4.256882705515861037e-03
3.519496395939793968e-03
4.088413984261987828e-03
4.921654862357201406e-03
4.916869545973884953e-03
4.698096553591218569e-03
3.970906029966823902e-03
4.999367499123806742e-03
3.674674276985070032e-03
4.324950780688108058e-03
3.446500389530355798e-03
5.181818089752990124e-03
4.844093687012039108e-03
4.882763761332530039e-03
5.144196189761769851e-03
4.700737020835458330e-03
5.259137354205387777e-03
4.510584386891631353e-03
3.666502140038014907e-03
4.751096465090831958e-03
3.592627873071656350e-03
3.955872057136165625e-03
3.864317524064632761e-03
3.488720479789220348e-03
4.305043890449086579e-03
4.239987772403888862e-03
4.495905052394250090e-03
4.182848040435650783e-03
4.088979816785894526e-03
5.037231382298317656e-03
4.884029564159489759e-03
4.552870461730599595e-03
3.653883649807895991e-03
4.646834996641082023e-03
3.871315208909532207e-03
4.616581511999545001e-03
4.234974736762932637e-03
4.644408421831316448e-03
4.069405788441769235e-03
4.804042458144320779e-03
4.778412699193740343e-03
4.731610153107060693e-03
4.990630852940981105e-03
4.476240494601433847e-03
4.306762618728664227e-03
3.420361556314575370e-03
4.670243555274918197e-03
4.144278947219725770e-03
4.585784430092173548e-03
5.901354148050558072e-03
5.053972151161416175e-03
3.876862124675218950e-03
3.822730250843893712e-03
4.733103532658627932e-03
3.936139213709192661e-03
4.035459233133424813e-03
5.502026489410942467e-03
4.758335910022131257e-03
4.313087707257979783e-03
4.136084719333348036e-03
4.286804979320499656e-03
4.163262656312946737e-03
4.556472612543855695e-03
3.997196017506719767e-03
4.234540935839114714e-03
3.628262345711696403e-03
3.303898225209911475e-03
5.300886628448380454e-03
5.395408075581991161e-03
4.103272753359051180e-03
6.170262229987578603e-03
3.501412626812423334e-03
4.575075910409794923e-03
3.257561097405165060e-03
4.729351648291897289e-03
3.427913147959780592e-03
4.697648036128377648e-03
4.626294226120598353e-03
4.242953333367552142e-03
4.784528889162401391e-03
5.113598739351097287e-03
4.220589171073615628e-03
4.613773278816978018e-03
3.713182007325416083e-03
3.590997894607939230e-03
4.153975042904146237e-03
4.472373920612398787e-03
3.933358259499703490e-03
4.462785769866781799e-03
4.305089970319431365e-03
4.555628475837198571e-03
4.387876578578127004e-03
4.878145184485444680e-03
3.658187719391138050e-03
4.108544246766144409e-03
3.777383505004977982e-03
4.553032366686053309e-03
5.144714419884830782e-03
4.557158665645575507e-03
4.553868769572077917e-03
4.973211113200704837e-03
4.632289459948056576e-03
4.528122992839223038e-03
3.944800382666480143e-03
4.531039926660913528e-03
4.298837733500379156e-03
4.657822369169618316e-03
5.393389463573544304e-03
4.400984816124550031e-03
4.335819007036142807e-03
4.014923754460469028e-03
4.576491529908500132e-03
3.504188128876020627e-03
4.736841978748736887e-03
5.124790574339240824e-03
4.397077925205472235e-03
4.895456193377147047e-03
3.626744118830041181e-03
3.985913956910767421e-03
5.329096577015778220e-03
4.177839005756761419e-03
4.023197993920993309e-03
3.826354506743439871e-03
4.576677598321437015e-03
4.424585691099380824e-03
4.386298613482055367e-03
4.339924846664978790e-03
4.821276190549053306e-03
4.844331297639367477e-03
4.956522217890294013e-03
4.313790375951596749e-03
4.528333239917752169e-03
3.235394105132299511e-03
3.456458511693202493e-03
4.969503275399099473e-03
3.657266999643923357e-03
4.129207084494702223e-03
3.436385609776739219e-03
4.924884130412636452e-03
4.111164738587441692e-03
4.507859960972976886e-03
5.850661296586756079e-03
3.406152837422576560e-03
4.409842456147843211e-03
4.295131434926358592e-03
4.324939828074496860e-03
4.353712502367932877e-03
4.919363333388685963e-03
4.414956685120067711e-03
5.170236202322013239e-03
3.939722492056371879e-03
4.487640561494075399e-03
4.277733051374702812e-03
4.345006685523302402e-03
3.436754048642318236e-03
4.567517178511484345e-03
3.816822201611550468e-03
3.845064512372685546e-03
4.466638837203510716e-03
5.418326178315939490e-03
4.446095615218948437e-03
3.436735074240683703e-03
4.346601994712429896e-03
4.917438132584779631e-03
4.681643747960009989e-03
4.526404362048595462e-03
5.025086969558764660e-03
4.517482017685538545e-03
4.518799688067897356e-03
4.151029096677653386e-03
4.089514063035768268e-03
4.933768422661466424e-03
4.810370968126931497e-03
3.845588636374204245e-03
3.864566231682861966e-03
5.226283707324904347e-03
3.400597314875062217e-03
3.981135644617222677e-03
4.322089015983523845e-03
3.991331228933354784e-03
5.169892195137922031e-03
5.116694630847971707e-03
4.371550680561238529e-03
3.733062138342049720e-03
4.505703076081933080e-03
3.492632840690456774e-03
4.495298909925817855e-03
4.982053051965959489e-03
5.015643540537467401e-03
3.937264392224603705e-03
4.194804982241744432e-03
3.990659971628719022e-03
5.276728413932859837e-03
4.357152187035568010e-03
3.805411213938697784e-03
4.434794397739296075e-03
2.884725574766014607e-03
4.681453255065297359e-03
3.660599749302530237e-03
4.096048489142896896e-03
4.188067096601072806e-03
3.225925985003521169e-03
4.326819211675799262e-03
5.058145648657410773e-03
4.337605932639390649e-03
4.768218810702502808e-03
4.617589670939939960e-03
5.038232915023433019e-03
3.688507629593069676e-03
3.662998066349975202e-03
4.438383204871309759e-03
3.542350934481777215e-03
4.844531802423267600e-03
4.568676636451479006e-03
4.009425883109507018e-03
5.218885057305259860e-03
3.795976449561763635e-03
5.108642989316843769e-03
4.676416493796234884e-03
4.888929095654704834e-03
4.995021921093360101e-03
4.633499400704683968e-03
4.783707825111278671e-03
4.723438609522579053e-03
3.733130717962673557e-03
4.639337897512293106e-03
3.863718276779422658e-03
4.073925804866205744e-03
4.815196845472771540e-03
4.666321131603972695e-03
3.834036311882547000e-03
3.627471091829603984e-03
4.461970317910946698e-03
4.680359700867067763e-03
4.305578373284761617e-03
4.711390789842148479e-03
4.537227264514271177e-03
4.134732451559330196e-03
3.770471809823800098e-03
3.982216058078244698e-03
4.198621894585792200e-03
3.950708145694119787e-03
4.412267791444378015e-03
4.279199181372254912e-03
4.889795647391166449e-03
5.513196414670518998e-03
5.602010838961178456e-03
5.353094745512056683e-03
4.088070250850442053e-03
4.464264950642254058e-03
4.499334163657894327e-03
4.094739058573335436e-03
4.452582381229688510e-03
4.271723499729982061e-03
3.880814867084207611e-03
3.002235617543310992e-03
4.746876723270835284e-03
3.541332351270420203e-03
4.079918478747462766e-03
4.643654630050542652e-03
3.554397878500941202e-03
4.273092089575932645e-03
4.813681378809587207e-03
4.529500570815974021e-03
5.194917092625484824e-03
4.820639278651328401e-03
5.871425500656051767e-03
5.126976229664790760e-03
4.816890465180595320e-03
3.956480961617782864e-03
3.581785223589268718e-03
3.687694213809442848e-03
4.485749491126499525e-03
4.446699936652314875e-03
4.185087682121886414e-03
4.795717988230242118e-03
4.084478927711210697e-03
3.568607179156027803e-03
3.570410958019535220e-03
4.645923617392117184e-03
4.734461465870166801e-03
3.414830057868576893e-03
5.834659034910752093e-03
3.233656200944937456e-03
4.222768620303047650e-03
3.964468255297171929e-03
3.822987096392341071e-03
4.892842531984906325e-03
4.167902740683566802e-03
3.681403483109064664e-03
4.871980749695636881e-03
4.265005563495479109e-03
4.307216320690031817e-03
4.011015751425987992e-03
5.316700394408213279e-03
4.986057994349540543e-03
3.055782494594625181e-03
3.864536481824158275e-03
4.294932364966364859e-03
3.734101148827727572e-03
4.528473127191331993e-03
4.564963003086991607e-03
3.661636806530198761e-03
4.299897643794834724e-03
4.333956535692949120e-03
3.690631421098522144e-03
4.599496155975255074e-03
4.099212933086577269e-03
4.042668965640311765e-03
4.859954251479646666e-03
4.431392176512408999e-03
5.171828837457150344e-03
3.909313492797862610e-03
5.286907458861001691e-03
4.787333650441964565e-03
4.284312563585612396e-03
5.032883960591099000e-03
4.671537333426395780e-03
4.981364491724041971e-03
4.622002401789945120e-03
3.467431299062490469e-03
4.454039249676924883e-03
5.591958326540673145e-03
4.858619286118626840e-03
4.734487635007667873e-03
4.535701824450576007e-03
4.470705435407056061e-03
5.322175444436617886e-03
3.944733015617205192e-03
4.145227925467029860e-03
4.244548001230711610e-03
4.184538646940181780e-03
5.348907853418655156e-03
3.927514516156396275e-03
4.972702213936979095e-03
4.239688821750852397e-03
3.635976581140635145e-03
4.985626562278986339e-03
4.392961255824954017e-03
4.795776836495461298e-03
4.395381756512052075e-03
3.756715709800238431e-03
3.189946911591755568e-03
5.095449001951086153e-03
4.452061243835759956e-03
4.447439896157423522e-03
4.457908241611696805e-03
4.106640284047792175e-03
4.091726056096190584e-03
3.736431953991627142e-03
4.112196274332272430e-03
3.915387043304207650e-03
5.175851783548344673e-03
4.009550190924129551e-03
3.424789276988391556e-03
3.999620906281622403e-03
4.261005035334684832e-03
5.012512322036153170e-03
4.377438531687509980e-03
4.606844435856468668e-03
4.812828886577855299e-03
4.453660262241417728e-03
3.762451269408421343e-03
5.202477332252137751e-03
4.615801220381514358e-03
4.740534536892417050e-03
3.996517157416367913e-03
3.975537861724832457e-03
4.817448657840108124e-03
3.560714318740604636e-03
0.000000000000000000e+00
