1.156992011344162678e-02
1.107460899883106961e-02
1.148332065925793989e-02
1.167622253826781573e-02
1.215746987905937798e-02
7.977093650647183037e-03
8.518505000021844506e-03
1.163717558353315369e-02
1.300880436945420042e-02
7.784400892861958327e-03
1.310509983296181263e-02
9.780658292783017682e-03
9.511223074581394085e-03
1.011951101767397977e-02
9.928663465945893746e-03
1.164889622674662555e-02
1.395662202308802814e-02
8.336448987164755964e-03
1.280800819538074550e-02
1.265736902645786879e-02
1.174037474666016732e-02
1.135019055882990034e-02
1.083282462112229901e-02
7.461750836127299842e-03
1.232527328459335700e-02
1.119252572016444375e-02
1.231464670863568513e-02
1.052925230767852438e-02
1.055214731252786427e-02
1.268943329305801705e-02
1.138070427812135944e-02
7.630765387219308991e-03
8.470961397969520995e-03
1.248468358306439353e-02
7.243504731236923878e-03
7.368548436786030026e-03
9.896738416207776987e-03
9.096492289449231369e-03
8.838035438487617038e-03
1.117941945055134396e-02
1.177338228333120289e-02
1.155852300918779052e-02
1.277745851222224574e-02
9.450255992783939546e-03
8.614920246964591008e-03
9.443400770354068094e-03
1.113471038860378882e-02
8.195551080247496720e-03
8.664017512077773833e-03
1.098412508910160366e-02
1.450489274997462767e-02
8.714858691169734967e-03
9.708189928001983299e-03
1.108778157254475087e-02
7.726890700689645342e-03
1.037892495716765534e-02
1.128373108134339380e-02
8.571381953855742100e-03
9.669068744698972040e-03
7.517520845504895889e-03
8.568196388194877430e-03
1.248245258759337825e-02
1.012034010600413973e-02
1.067416135572588423e-02
6.841409793398749162e-03
9.011615977722079243e-03
8.445074617437708930e-03
9.945993974312970776e-03
9.897205313683521063e-03
1.052578104593312677e-02
1.190392461387082199e-02
7.940875636386231923e-03
9.190965803680825608e-03
1.107335611663341594e-02
7.386938597410399807e-03
1.050648525800600142e-02
1.103431356095751700e-02
1.053733572591970466e-02
1.052944317933694578e-02
9.873750908835471005e-03
9.716460993419643102e-03
1.095856900347840814e-02
9.669506558835520849e-03
9.034466187138772905e-03
9.102273707005182832e-03
8.513351167249171708e-03
9.935703979281678908e-03
8.012033068488437146e-03
8.424072842736477287e-03
9.343690358724156264e-03
9.518422730610046761e-03
8.985208181476196654e-03
9.705554499511506727e-03
1.080474428080002713e-02
1.024575503062319544e-02
8.426755194727506004e-03
8.895133872243592837e-03
8.730792980520339641e-03
1.056937620244737149e-02
8.954506676772135826e-03
1.188188772543809398e-02
8.675255072614495785e-03
1.161797414223089513e-02
8.792810871223775276e-03
7.356154983788132720e-03
8.771697589424979485e-03
1.078984144352000685e-02
1.109084786784983283e-02
8.660233564377114307e-03
1.185848475259653444e-02
9.129473900013649473e-03
9.631915207649261942e-03
9.675611449401978065e-03
9.323334842984571866e-03
1.048177753033105106e-02
9.044942085448334432e-03
7.171042369841273793e-03
8.286312603053454934e-03
8.459695933207235161e-03
1.225743832871138521e-02
4.681377919897035736e-03
8.373101125269174355e-03
1.039526985017895540e-02
9.166619893983105408e-03
8.341843309762644182e-03
9.126162251419928442e-03
9.288797135575089028e-03
1.157035710968266559e-02
8.288358375685025634e-03
9.579327620863919632e-03
8.543557684057309295e-03
9.615123625354595957e-03
8.361930866956577765e-03
1.063411255615506236e-02
1.071070137490243677e-02
9.303706884520125675e-03
9.174106490594750168e-03
7.725579407940145853e-03
1.046968806714994489e-02
8.287303082405418631e-03
7.623532973099267536e-03
9.530728787783812606e-03
9.471723164450839699e-03
7.339354073578333720e-03
6.802112309198046422e-03
9.456379020854237608e-03
1.134612354154379728e-02
9.568208666176815022e-03
9.805306422268560140e-03
7.836453365817475439e-03
6.949328147683594796e-03
8.974985166574240072e-03
9.334801230887156825e-03
1.013277155034756835e-02
7.807356203458942941e-03
1.180314983417308367e-02
8.875204562373537748e-03
7.803257165977202543e-03
7.867604240813190833e-03
1.035592340122259980e-02
7.989300544061194928e-03
9.340204568780523936e-03
8.528600473425808001e-03
9.440152821447804141e-03
6.388134577704182408e-03
9.822324346002855172e-03
8.768674547023014298e-03
8.202056497080825390e-03
7.944104743854867035e-03
7.274335656527887439e-03
8.713229032837818688e-03
6.555689037547883166e-03
9.080469254543690680e-03
7.835789403041273221e-03
6.811230586286369862e-03
5.479350392683028474e-03
7.731039109197867208e-03
9.462170441058164599e-03
6.757365578263931950e-03
9.162232484786682341e-03
7.532572396467008928e-03
8.583432941533396601e-03
8.097667365430214967e-03
9.959537250010780385e-03
8.029735359587614543e-03
7.272651796337318772e-03
9.289120560016163319e-03
1.106530315999591438e-02
7.776680486478487059e-03
8.597405309860356795e-03
9.677353692821057118e-03
7.458458370205005815e-03
9.375408151972042595e-03
7.477858468988208065e-03
7.355578075177141191e-03
8.543892946972556773e-03
9.018416443880615876e-03
9.977591794371208633e-03
1.133563503105655158e-02
9.642935948358471662e-03
6.197103265097456820e-03
9.614033408836285266e-03
6.505233027659625480e-03
5.914846209697378898e-03
1.172079519047035737e-02
8.694983072494274351e-03
9.717070469865805513e-03
8.191914950995407216e-03
8.824742062737145343e-03
7.544945713653205058e-03
6.373495094631853423e-03
9.584635044384825012e-03
8.934024848727958185e-03
8.873998216515821894e-03
6.432698464310377187e-03
7.533451374634188291e-03
8.302069714078694207e-03
1.154372895924814756e-02
9.590568025580108180e-03
8.953392278939546062e-03
7.391613674987801766e-03
6.234353919587610690e-03
7.861597058161756343e-03
8.934118463610427399e-03
7.121298487634255756e-03
7.548767380090060618e-03
6.382203682061011324e-03
8.661864069176230738e-03
6.982528079241839651e-03
8.326740417412320863e-03
8.215358221014245829e-03
6.548180451102376606e-03
7.710671912466438883e-03
7.865354562963141130e-03
8.698599960972297832e-03
6.797605629400580232e-03
8.297808793041958758e-03
9.639781449722724382e-03
8.127576638363125452e-03
9.825914805335443994e-03
7.603874128338427608e-03
8.298900941093383457e-03
8.190009249584703430e-03
8.026965401870832240e-03
7.396962307081399353e-03
6.163060177037586566e-03
7.413044249643181705e-03
7.712796411604703507e-03
9.169644376355168616e-03
5.897690973085988227e-03
9.687690808090567221e-03
7.096489711891550145e-03
8.301157541632906908e-03
9.027401921111618405e-03
5.914120287552278137e-03
8.638879348070218830e-03
8.289186276377237539e-03
8.824391406260291906e-03
5.913855944873461570e-03
7.577433064732572339e-03
5.237473030838418926e-03
7.069016085571051995e-03
5.741984720434360062e-03
8.751793727185173954e-03
5.833390663280097442e-03
6.406466645959943938e-03
1.087294531601311690e-02
7.900561729630757243e-03
1.096815364657926194e-02
8.284300371682033759e-03
8.515843444709864790e-03
9.156642719105085801e-03
5.591401334020936961e-03
8.814335578711507066e-03
7.322021500061800733e-03
9.005530423041668842e-03
7.074890187564649921e-03
7.812884876874379506e-03
7.790389622721403083e-03
9.405540465748624124e-03
8.428171701803885765e-03
7.531769841840122576e-03
9.626039121274901009e-03
6.741929572398420133e-03
9.945906455809908064e-03
6.109355354038959948e-03
6.684362871450146536e-03
6.472729008618425400e-03
9.066685674398377096e-03
7.735744164997717005e-03
6.747673891479363459e-03
6.862362857921738314e-03
7.630033763711597042e-03
6.153925636200089332e-03
9.219303416750555813e-03
6.660706040727334444e-03
6.226968499170443087e-03
5.875797127008048487e-03
7.022536220897817628e-03
7.927027493937352509e-03
5.101603824034372549e-03
7.130387038958197962e-03
7.453447905794207198e-03
6.776814065941989644e-03
7.587196577371116239e-03
6.911152755549052409e-03
8.796064534156097098e-03
6.250361310855878649e-03
5.642995864745111063e-03
7.368185625823852128e-03
6.921644277208660774e-03
8.454303345547651075e-03
7.266887816228297277e-03
7.558892693086680277e-03
7.713828391438130004e-03
7.409235612730908672e-03
6.586572496941495505e-03
9.546286333988159359e-03
7.556114888305813515e-03
7.537818254680836265e-03
5.179192340296937327e-03
6.507561350914388074e-03
9.028577712220410556e-03
7.475415178887313827e-03
7.675937775692458047e-03
8.982546279812075526e-03
4.827553862109303269e-03
7.952424932085510809e-03
6.206640880322984027e-03
6.300691910111396593e-03
6.875369033704010167e-03
7.006803944054789020e-03
6.618546207292058843e-03
6.380464810800843753e-03
8.237330771415359715e-03
6.289885656459743603e-03
7.162906273413825568e-03
7.067414412571056473e-03
6.104534791650826492e-03
5.809586443632976972e-03
6.942951367083404629e-03
5.191823073619131548e-03
6.788862730849707684e-03
7.674973896936057409e-03
6.881762982166830106e-03
6.241545013123996934e-03
7.431102677772820700e-03
7.978558132381366463e-03
6.024148575950160830e-03
5.730165576704492059e-03
6.350434080917359905e-03
6.300960501225841628e-03
6.782715699999550436e-03
6.523771454673204725e-03
6.843706040942366432e-03
6.604447828770989605e-03
6.354236881794978267e-03
7.636283354269380111e-03
6.540636415778039447e-03
5.850372941420321424e-03
6.398564622047991056e-03
5.250944845850811712e-03
7.328393522957009180e-03
6.005178550361541835e-03
5.863929784343154157e-03
6.667731079717128390e-03
8.776885931464447135e-03
6.587064706409424125e-03
7.599517964747497245e-03
6.997249789997570489e-03
7.536150537327048447e-03
7.079134502017909829e-03
6.098392260786145505e-03
7.520245831555616954e-03
5.386502244372908671e-03
5.728563571084719329e-03
6.735974036149441554e-03
7.564210083286108943e-03
6.322852132739994677e-03
5.935374940086533130e-03
6.887611007361274865e-03
6.666030679692390784e-03
7.688666312758057550e-03
7.637431682508750118e-03
6.596537303085153736e-03
7.541485331446017015e-03
7.165840193808794244e-03
4.875053752044117804e-03
6.504260149729565108e-03
8.157709875975371200e-03
5.174638496637101737e-03
5.757597429879305478e-03
7.083468595121907366e-03
6.789620686977492804e-03
5.066767362740807676e-03
4.363587718245948328e-03
7.665769930539479034e-03
7.691775385813597737e-03
6.500093782698664752e-03
8.775486727605969275e-03
5.654907374507528103e-03
3.972857680255172282e-03
6.637772303510224882e-03
5.965156023309603484e-03
8.001670363590770996e-03
5.969697862707995691e-03
7.950686974194430198e-03
8.041304964315657694e-03
5.515527941131980610e-03
6.267852099659083909e-03
7.247211993119231747e-03
7.181249368225740490e-03
5.957618186628202937e-03
7.460824826101219130e-03
7.289634475390482753e-03
6.326823372142005228e-03
7.979112163025197518e-03
5.181300728829111440e-03
7.686556946134713748e-03
4.692306540437129331e-03
8.056512633473809915e-03
7.295431832095761009e-03
7.887181730642811930e-03
6.050754988081487491e-03
3.680337004155055745e-03
7.226363991769292963e-03
6.093825335492315115e-03
7.153940811985591737e-03
8.057363981136296885e-03
4.851913515500693580e-03
6.692843259618083511e-03
6.176688151503764018e-03
5.946118414043664174e-03
5.623290224461627643e-03
7.006454814861131329e-03
5.362277108158573606e-03
7.482828788735984039e-03
7.929747932208366934e-03
5.005912478560202265e-03
5.654177489180177950e-03
5.559282104717936171e-03
6.873263787559726751e-03
4.937743486082830750e-03
5.727698371802205160e-03
7.773549770293731835e-03
7.139534501416210099e-03
6.077077469066135933e-03
5.678723076274065293e-03
6.133877082446039831e-03
6.536041090884052267e-03
6.968383314879425354e-03
6.199278121462510963e-03
6.892547463109852286e-03
8.100338344678180424e-03
8.050155976858101164e-03
7.351124489986001105e-03
8.124929001301095868e-03
6.716425249578312703e-03
6.182256157385558268e-03
7.744244748799734845e-03
7.311903789336908141e-03
6.756758266364096439e-03
6.863338450625815386e-03
6.439406843059580429e-03
4.973213669126215139e-03
5.454363637080808513e-03
5.011521128388426310e-03
5.456805396497240758e-03
4.370676842113167815e-03
6.476656891884971165e-03
7.659333792014211967e-03
4.471603165709606836e-03
6.224024510117540966e-03
4.312718663248457131e-03
6.350713721420632452e-03
4.198960521168393877e-03
4.536040773727316455e-03
5.074945823422146417e-03
7.334298266818902422e-03
6.778229322373925496e-03
6.073536294655546529e-03
5.985820557677369765e-03
5.994274901251385977e-03
6.631497537543626017e-03
6.646540050825717159e-03
5.324429983344080089e-03
6.252932842728833006e-03
5.339453632149020711e-03
6.592836957725748889e-03
5.082722033124803702e-03
4.464065088967118962e-03
5.790346708259285456e-03
5.513959782014728715e-03
6.031989453752838876e-03
6.290611637557631461e-03
4.233771916857209834e-03
6.717042462312773458e-03
5.260743722790939964e-03
3.413405886348930014e-03
4.339539779449752034e-03
4.995272869841861120e-03
6.166125583720424158e-03
5.412070945485738908e-03
6.363650763790940426e-03
5.528990819661815971e-03
6.839184189827107047e-03
4.809915828410671335e-03
7.235154341031336568e-03
6.919067991469652137e-03
7.022006989073862650e-03
6.000086556115285727e-03
6.151352298483272509e-03
6.182196036281647003e-03
5.362739853241400324e-03
7.680713198269097791e-03
4.240950996688122067e-03
6.527447147004922581e-03
4.703217707741583209e-03
5.720899384270113769e-03
7.397928572545354672e-03
7.032513026311159633e-03
6.643935624713512809e-03
4.476987756154515719e-03
6.036676025057112135e-03
5.301065119224541468e-03
5.715560564095645800e-03
4.816895412216643489e-03
6.250662191097317369e-03
5.396776530547433073e-03
7.230838101286609157e-03
6.065983803149442403e-03
5.094092329159764267e-03
4.763371256250143251e-03
6.307977843806215207e-03
6.518444736361846473e-03
7.100286932418793141e-03
5.309778190589578215e-03
4.597095447309938049e-03
5.853077651710980253e-03
5.991080034853123182e-03
4.747795247302586362e-03
8.341233190745157497e-03
6.965690824391156978e-03
7.998149440748293301e-03
5.466417048711086704e-03
6.764210911361014968e-03
6.196576247697651967e-03
3.997563940693289741e-03
5.440931976912075085e-03
5.158746583710614210e-03
7.723479676173702207e-03
5.844928676450523303e-03
6.111923033193024726e-03
6.262691710796118930e-03
4.935722716385456191e-03
6.226790275639168884e-03
4.229423488102574367e-03
8.330902288605277969e-03
5.179460525783803095e-03
6.213252385185530011e-03
6.078543030627056067e-03
6.907531073347677499e-03
5.071937703265723754e-03
6.416648627571080662e-03
4.707460390104177377e-03
8.776111813986140278e-03
6.312322619739756460e-03
6.246809299047861863e-03
5.897602027863918690e-03
6.539142576040804858e-03
4.393564196726144032e-03
4.360718063306636381e-03
5.811728960881609903e-03
7.151503313408019182e-03
5.533221466008920314e-03
5.810905634301328365e-03
4.878211212566301719e-03
6.766364383883304891e-03
7.379325768185320857e-03
4.841307911536031974e-03
5.887888767673455162e-03
5.218950332462421286e-03
5.473306770066635289e-03
5.055431467822457843e-03
6.343942926492334225e-03
5.841623035092163331e-03
6.311024800039782834e-03
4.868813586368902699e-03
7.040640965330128252e-03
5.195290825707838019e-03
6.852896321051908830e-03
5.065597461559489222e-03
5.486065061928055604e-03
6.208663151506923876e-03
7.047348050894585575e-03
5.693665177483099929e-03
6.048960793975203219e-03
5.689831320304856652e-03
4.956232296889069404e-03
6.104273191646706655e-03
5.906409310319019230e-03
3.180975052514895159e-03
4.575899164086007394e-03
5.790981235407987975e-03
6.835720173872083388e-03
4.478790319215627744e-03
4.614626882493277384e-03
5.091317579051968419e-03
6.752277101760724085e-03
6.748378457501570671e-03
3.790796276088170044e-03
5.491017415656056395e-03
6.470609690397648335e-03
5.305228271019737409e-03
3.757689695068510381e-03
4.517662632726390792e-03
4.218781881154599379e-03
5.122275550252819790e-03
5.959206114025459959e-03
5.469343169191733314e-03
4.230789656756409230e-03
4.703445035578720200e-03
5.755929155586108140e-03
7.168987772804645726e-03
6.470579864266595531e-03
5.364542289853819687e-03
5.485778192217636955e-03
6.259018069003267383e-03
5.483778990157090784e-03
5.097718043963395639e-03
6.006638251531879434e-03
5.046963035861408257e-03
4.754414265909196781e-03
4.390940002586225799e-03
5.161739659507501819e-03
7.023442307825835534e-03
8.178037190875363238e-03
6.418153615228417048e-03
7.475420236923791331e-03
4.364279548006373341e-03
4.697235116327527597e-03
5.704626288835264701e-03
5.668791951118307658e-03
5.017080699859896749e-03
4.439111528389930693e-03
3.678401770577304202e-03
4.124018841313213668e-03
5.661189666821240217e-03
4.575891734232785148e-03
4.743847637557209104e-03
5.295145991617308465e-03
5.596719824982431327e-03
5.153110806033932983e-03
5.849255332902513968e-03
4.791270153461215341e-03
5.213305908206048236e-03
6.622620794538009240e-03
3.647254416969560823e-03
4.318109594658977972e-03
4.608579324852061718e-03
5.132916635203441449e-03
5.789526264545477238e-03
5.360976947538197146e-03
5.116286134354940639e-03
5.174249158036678051e-03
4.854178335424550773e-03
4.745251607700410636e-03
4.187134803434880599e-03
6.996808095760268832e-03
6.035472107461063544e-03
7.440917928807140591e-03
5.443267016007074036e-03
5.750489878976581745e-03
5.845436766345567595e-03
6.005416188384707539e-03
7.024749117396702006e-03
4.610539592563241834e-03
6.177041110329471556e-03
5.284068906628102726e-03
6.092829541760046673e-03
6.773939421631039633e-03
4.467701974013419536e-03
5.995985587483913630e-03
5.364980552449490764e-03
4.710451870521069340e-03
7.404306470076774636e-03
6.608272229776214653e-03
6.218246615781205730e-03
4.114814547023249239e-03
4.989203912685377142e-03
4.355047274499781323e-03
5.705719768959649149e-03
6.820582012177155498e-03
5.623384316703358352e-03
4.072757837839297707e-03
6.086690325800192883e-03
5.155733105210053360e-03
5.466900105753655197e-03
5.957273736631493559e-03
4.984235267048798060e-03
4.224443035476432157e-03
4.326542536552198566e-03
4.455239928821586211e-03
6.198510620802461478e-03
5.607840164128867835e-03
5.124073368278694689e-03
5.359670510584453595e-03
5.329407351454316585e-03
5.103277035360287428e-03
5.192138301190929624e-03
7.468423833079526446e-03
4.773640280873354090e-03
5.168205721090246910e-03
3.335476121131439493e-03
6.876492645665555417e-03
3.799064175260322314e-03
5.702858382468855084e-03
5.140912526561692772e-03
4.232935110374980159e-03
4.637664120383220429e-03
4.457476951054979708e-03
5.252538792586238132e-03
4.801628344338526068e-03
5.574631778625859999e-03
5.093436557573228704e-03
3.310328315914639469e-03
3.754789211721099116e-03
7.659221548775685395e-03
4.586129551475998101e-03
5.888171394069814310e-03
5.559335254218313385e-03
4.690790016721831622e-03
5.032141522530949457e-03
5.744650970634755313e-03
6.299858777261416014e-03
7.122355358410640061e-03
5.305346582340253123e-03
4.733150625645021238e-03
5.868517038297132137e-03
4.240526657846743763e-03
4.659735847984081310e-03
6.555794948216974762e-03
5.105168562338374856e-03
4.475090739783960797e-03
5.600047168099043723e-03
4.956369538861226873e-03
2.946033022678584083e-03
5.640144388689996569e-03
5.403264208972208098e-03
5.120878455133231165e-03
5.513451597773767927e-03
5.380588586112673537e-03
4.591748769037078473e-03
5.392942009663734618e-03
5.453958052109880716e-03
6.003735104650595109e-03
6.152365973404321474e-03
5.013031087294231997e-03
6.165257606886704461e-03
5.302681274980275590e-03
4.871985190967986767e-03
4.573833590763002992e-03
4.620540574683796448e-03
4.855771345273054117e-03
6.739640814498315882e-03
6.344503339130481978e-03
5.513134534911395823e-03
5.188612762069218926e-03
7.015229693701967827e-03
4.415856651672593614e-03
6.703293433154371671e-03
5.622889091809798318e-03
4.157439379657607188e-03
5.365155759245784223e-03
5.233355870584190106e-03
6.197063219899131940e-03
5.088091701926023697e-03
4.834085513236550599e-03
6.257320251073695064e-03
3.833940592216247487e-03
4.495100044125733586e-03
5.174764663735191041e-03
5.922364738021000490e-03
4.170807336508723130e-03
4.703164535621568061e-03
4.631123286431296227e-03
6.891659060837446692e-03
5.782770056747145622e-03
4.747423199547849346e-03
4.237177811981668492e-03
5.132835591477761389e-03
4.671463559740845518e-03
4.151801610586038430e-03
6.430017804217727680e-03
5.791709343221366178e-03
5.841840246571354534e-03
3.658397159886104220e-03
3.764130334833038546e-03
4.801167561930114701e-03
5.301222125963709481e-03
5.827126689311624454e-03
4.808720142188378094e-03
6.413823173488431006e-03
5.491561217471173720e-03
5.059974186771279067e-03
4.722450025439176372e-03
4.447872318181204758e-03
4.970911022472204385e-03
4.950027241970735188e-03
4.916979641472283419e-03
4.599145332209634597e-03
6.325577704868552177e-03
6.349754401544753166e-03
5.265641223868884960e-03
6.180816535592399859e-03
5.765577156801350578e-03
6.667162471760428380e-03
4.634669432339802962e-03
6.882810373119917398e-03
4.831695316968865651e-03
7.237890202726244074e-03
4.666870286070180611e-03
4.420654928171324077e-03
5.468328875221639684e-03
4.620942059451822216e-03
5.022147748970746776e-03
3.559289404510512528e-03
4.110368272267495536e-03
4.792085614581578085e-03
4.527919718714940034e-03
6.070040581018759651e-03
6.057665872170788987e-03
4.308614090293878818e-03
5.418844864261872923e-03
5.110137297827907141e-03
5.023436665506402637e-03
4.200439545596002661e-03
5.128569886578254744e-03
3.920462517020429499e-03
4.353026998792303495e-03
4.493792078014109855e-03
3.379691764920199001e-03
5.755267007636762425e-03
6.007625563238709956e-03
6.025193026255150699e-03
5.520929985829530796e-03
4.298899917196716269e-03
4.575735292922987994e-03
4.941874081013666875e-03
5.270777595990126102e-03
5.031265277587913635e-03
4.495820778608602269e-03
6.025800327528825669e-03
5.268175567036139338e-03
4.735090159379048112e-03
4.224868834812055968e-03
5.881396149533348050e-03
4.626927242305830211e-03
5.114104370629320162e-03
6.060258854364833012e-03
4.233082631758791105e-03
4.721342139356657190e-03
4.554966210344787297e-03
5.785298458221683170e-03
4.129370830033577723e-03
3.897456901288608947e-03
4.764708491171268032e-03
4.395901591977735730e-03
5.541108086419855097e-03
4.005940769393458167e-03
5.898814661293605432e-03
6.896692418608737357e-03
5.236941890351839296e-03
4.912440999393932750e-03
4.941814227355846058e-03
4.411685286931687870e-03
5.177155574246428311e-03
4.436363824171851884e-03
4.274965964526563147e-03
4.588463286068885684e-03
5.228802559239863895e-03
3.869574732966446409e-03
4.673101887072406667e-03
4.886333204751341398e-03
6.178027916229088257e-03
4.607552759807639550e-03
6.123219553516082853e-03
3.988623243761930948e-03
4.368639524579534007e-03
4.485262731774204009e-03
4.422747363802397372e-03
5.218780631443626673e-03
4.601932400097067874e-03
5.376337181501838862e-03
5.083005383880078581e-03
5.583117275164748046e-03
4.916770993077032061e-03
5.681735924714060790e-03
4.241003547111072726e-03
6.850262928966740529e-03
4.910935783671886885e-03
5.589202350219044449e-03
5.050938519384699787e-03
6.739164844080091157e-03
4.471779493370654605e-03
6.560389544818113171e-03
5.026703399913827301e-03
4.381397828105596665e-03
4.783228557503374674e-03
5.230897845869776110e-03
5.482495918917704505e-03
4.488040731690626055e-03
3.829113919319247772e-03
4.650338735511293752e-03
5.101266136892698699e-03
4.383633815732222716e-03
4.301600691727076702e-03
5.037307705957652128e-03
4.092559120895785524e-03
4.751743391174271906e-03
4.371893035981111279e-03
4.788124202502120480e-03
4.544992253582744515e-03
4.062108253141296157e-03
5.386533674816848874e-03
5.158827665761971104e-03
4.397066489207753989e-03
4.014974373795532001e-03
4.986221343607170377e-03
4.623903481628726005e-03
5.049051430836266549e-03
3.939513103196146462e-03
6.031618020629457219e-03
3.842168028431649368e-03
4.018711252531488240e-03
5.622576695627783464e-03
6.126100147217870481e-03
4.142063287794770302e-03
2.875360548661796967e-03
5.491243235998099353e-03
3.496029958539898386e-03
3.734927229302604113e-03
4.664634404035553246e-03
3.844760568112537500e-03
4.134934006530157323e-03
3.857862713356596546e-03
4.730539472428949010e-03
5.292128936783306419e-03
5.233733808744665816e-03
4.118157008911512047e-03
4.232165671486922895e-03
4.707399263762361910e-03
4.906246341720505583e-03
5.202563373463271051e-03
5.193842176383758023e-03
5.032076516379520650e-03
5.036922842758670242e-03
4.511083137045958716e-03
4.566119353436242506e-03
4.236537658596817996e-03
4.222724610056486846e-03
3.931310803382367068e-03
5.747538234580479126e-03
5.723015004247604572e-03
4.642357363285787471e-03
4.311437396424670429e-03
3.945095482273431285e-03
4.782779760602139454e-03
4.096832012444508002e-03
3.529242167988179499e-03
3.494081689098176100e-03
4.299680710821185067e-03
5.032743234668899009e-03
3.479601518486503866e-03
4.437173418887771677e-03
4.067357164529727259e-03
4.861434998090519502e-03
3.976957531930721407e-03
4.744633792485936953e-03
4.518696500220002570e-03
4.997388602499567775e-03
5.074406928636063067e-03
6.547633861676895387e-03
5.434094059527886517e-03
4.255612387088787002e-03
5.739499491994120260e-03
4.379991429689875440e-03
5.944359097044894444e-03
4.627588773689223986e-03
5.317053352746572807e-03
4.935375575603409212e-03
4.795801952031875787e-03
5.360754478442491915e-03
3.992363242953075701e-03
4.249919122653068697e-03
4.566644461705082932e-03
5.553194334171587983e-03
3.959658145375472525e-03
4.385068316982669058e-03
3.910531398025191008e-03
4.974563525196327822e-03
3.286014506859710315e-03
3.732742247944234419e-03
5.745086466289070666e-03
4.099950955469963340e-03
5.252061406060933718e-03
4.795593157182097971e-03
4.329924636358859456e-03
3.707106497862616094e-03
4.342397545969051663e-03
4.348101155882888244e-03
4.815471192274762939e-03
5.387738134580714183e-03
6.020375036687156470e-03
4.171617088239128537e-03
5.297752122561504538e-03
4.736570321648204442e-03
6.112162385715448273e-03
4.265244032892054164e-03
4.225541683531315075e-03
5.168700794576109800e-03
6.372673107185070421e-03
4.654662668831563432e-03
4.109044333827366856e-03
4.145020239715453345e-03
4.572885681740387724e-03
4.112605240369426700e-03
4.484956137843938533e-03
3.894538150879180149e-03
3.041331562273292145e-03
4.061668979751187347e-03
4.098975046629053411e-03
4.621136736261166264e-03
4.662139024877185421e-03
4.657897230165066078e-03
3.867449189567325613e-03
4.190354441057218826e-03
4.220950007940941530e-03
4.004854187668160058e-03
4.672557640919229073e-03
4.741382760859677060e-03
4.759182112367634984e-03
3.997319721755400283e-03
4.738821277917006081e-03
4.291626824915583532e-03
5.068543065997365565e-03
4.393941155103543023e-03
4.549850377833094053e-03
5.929161775708088541e-03
4.312985477246213985e-03
5.256244280683715180e-03
5.444560145137796944e-03
4.160891347246428555e-03
5.539016397547438450e-03
4.779946268616119126e-03
5.322729438288047350e-03
4.080946382525962521e-03
5.501862006444759381e-03
4.046767612555574566e-03
2.781400663341011738e-03
5.178415994469877555e-03
3.668317834056395495e-03
5.071450976808928798e-03
4.376973739106475823e-03
5.559496133105211457e-03
4.113910214889606246e-03
3.993409348321602312e-03
3.591125867897713899e-03
4.254908013505013901e-03
4.813330656141806899e-03
4.755425741522404867e-03
4.705883050284027057e-03
4.682950104925170942e-03
5.128197505705697073e-03
3.555225872165564561e-03
4.650670298925668918e-03
5.307961044514514400e-03
4.130540854945257204e-03
4.935778275989542892e-03
5.042196825263684304e-03
4.061460149923587677e-03
4.858826290532278040e-03
5.443687719015470432e-03
4.634987620874117011e-03
4.169970787198654626e-03
4.409687456482860000e-03
5.286952423719583002e-03
3.442897051149172456e-03
3.693079299957782290e-03
3.987709485872073349e-03
5.019684623227845151e-03
4.279536574326897255e-03
4.376452425356084849e-03
3.473958163513793732e-03
4.428216704102269988e-03
4.248620966637111328e-03
5.335916365971179152e-03
4.603460000713113787e-03
4.922232679480811370e-03
4.539705288634487620e-03
4.130454887442645828e-03
3.876154920997553106e-03
5.722861452774386654e-03
4.025348309596233840e-03
4.172436737012260102e-03
4.508696776294220283e-03
3.704281892025034374e-03
4.999331872882369771e-03
3.846316479077201318e-03
4.116450958183579152e-03
4.398575846077529272e-03
4.815786902872656698e-03
5.119858097204796864e-03
3.753112021196163169e-03
4.211467075437895502e-03
4.492999821756334111e-03
4.329204128538419183e-03
4.655351435259345340e-03
5.600035227007048311e-03
4.533615219627128504e-03
4.102808615873679635e-03
5.569059832206312878e-03
4.092212728798294737e-03
3.750144413359609956e-03
4.268802075148832829e-03
5.327178647537630408e-03
5.233269567933054346e-03
5.511955936255892065e-03
4.463057337293483383e-03
4.504127092661684879e-03
4.033645060407506887e-03
5.088270863767512149e-03
4.011393740191514234e-03
3.752622695995869607e-03
4.590080548023680110e-03
4.685269959009901591e-03
3.665343221068840911e-03
4.236054670648134630e-03
4.231751731157420808e-03
4.821726623294266163e-03
4.520268457463314654e-03
4.693178877521826144e-03
4.855406122814679912e-03
3.766380999349164781e-03
4.113832181089600339e-03
5.290560026284150778e-03
5.630604939525496455e-03
4.912355180892754962e-03
4.189716677656569327e-03
4.018444727648205067e-03
5.151175619164630182e-03
4.865888226080417045e-03
4.061755486685455184e-03
4.038972910461187393e-03
4.610197438920216918e-03
4.458517025141912372e-03
3.601874819590380940e-03
3.494706270737116954e-03
5.021553217605802082e-03
5.405681544825752943e-03
5.232074451408700970e-03
4.128069803334014597e-03
4.242567836245158229e-03
3.420515357009303037e-03
3.754411693911540674e-03
4.286395112471083797e-03
4.314731496585668021e-03
4.167138930324799755e-03
4.198451426720043594e-03
4.007809845273466870e-03
3.077460238297549840e-03
4.249831213233750023e-03
3.984013482838840749e-03
4.028538992364247978e-03
4.084998748383933224e-03
4.422700224957636615e-03
4.264185021348352971e-03
5.944976626540986880e-03
4.295292734382961594e-03
6.058220334945014010e-03
5.152667716628648448e-03
4.208073923860411458e-03
3.921510600141647762e-03
4.683560495309069607e-03
5.056785828314675803e-03
4.822518117659671533e-03
4.253698679272035522e-03
4.376343681862036872e-03
4.060269824181155646e-03
5.234810178905573846e-03
3.635222768520515908e-03
4.207963467756880432e-03
3.074216734843157085e-03
3.166947705550843262e-03
5.027092569670856860e-03
2.862309271502975431e-03
4.182779703992571887e-03
3.748883293001435777e-03
3.990343690511039335e-03
5.361237101940756651e-03
4.140644809327426873e-03
4.758723538805157902e-03
4.243708038839021958e-03
4.221435572527625080e-03
4.273437757244237523e-03
4.067453925793986999e-03
4.995548296354850211e-03
4.602506312186955238e-03
3.676638786833231684e-03
3.496258210765592830e-03
5.668822066580006709e-03
5.208967030520690253e-03
4.812364191193755671e-03
4.532568107541550158e-03
5.384167995103663999e-03
4.669768936873370906e-03
4.007199051492551893e-03
5.188906046552747842e-03
5.558067451067455825e-03
3.167955347394840401e-03
3.896852434164336555e-03
4.094591742072092866e-03
4.958021492153678010e-03
4.466071157257408761e-03
5.392785883068940654e-03
3.858413252891104532e-03
4.414377123329431447e-03
4.510327942750644650e-03
4.097571043497456010e-03
4.041610025847065107e-03
3.708998588321729684e-03
4.172633008467105734e-03
4.663715942850891680e-03
4.100824287922340793e-03
5.751543525208062391e-03
3.450042529193216544e-03
4.576255163762981901e-03
4.415773585945403749e-03
6.054620605864910465e-03
5.155074680104895085e-03
3.458667643622373184e-03
4.406430048299458425e-03
4.273172924503014503e-03
4.660653183375905451e-03
4.908161169907861512e-03
3.937007488432140399e-03
5.245593246777390840e-03
5.624565716045748509e-03
4.635977301628700642e-03
5.171423859013759942e-03
3.818597686717992330e-03
3.801000882103296348e-03
4.479090672641276687e-03
4.843548616499564544e-03
3.851542199446402869e-03
3.934509046698639843e-03
4.709068264260504386e-03
4.216338793608249459e-03
4.440022134213466795e-03
5.111791642736306096e-03
4.499436088897896743e-03
4.071650831915647056e-03
4.642690304966887345e-03
4.254017640229808966e-03
5.171693495509391975e-03
4.212505103439527845e-03
3.257022061397944930e-03
3.979630599848707657e-03
4.273155140138775419e-03
5.133005515413705151e-03
3.251915292690940682e-03
4.388430764298327340e-03
4.629257796088577341e-03
4.588798213850443265e-03
4.706658392644852244e-03
4.795330292131913703e-03
4.484056817239634625e-03
5.189611329236797771e-03
3.802201262835720481e-03
4.665490059784110390e-03
4.968224566749123577e-03
4.650794689268785038e-03
3.766118915969410286e-03
5.547983872341168306e-03
3.770870045640358197e-03
3.818543983369196600e-03
4.393693277962565889e-03
3.668170327005410708e-03
4.567050967904606740e-03
4.037759771189123117e-03
3.984644713881053089e-03
4.992206288382142719e-03
3.436976200478258133e-03
4.867266430542218497e-03
3.577375375732584194e-03
3.547890563999382511e-03
4.259230396950798754e-03
4.625987546525577206e-03
5.028503377113212325e-03
4.307302415551226941e-03
5.017275258029535098e-03
5.183125705372554001e-03
4.150231910775356060e-03
2.935274068936055518e-03
4.210359020645317377e-03
5.796575188916096300e-03
4.563436370232040046e-03
5.583942808692969086e-03
5.820559494428963372e-03
4.184083531629937888e-03
3.986010371146147570e-03
4.104215436514090098e-03
5.004876592503904563e-03
4.540149617788782205e-03
4.097617031072329184e-03
4.263240558066387111e-03
3.232736427645517465e-03
3.597568754946490512e-03
4.368363990130023217e-03
4.446536475383284018e-03
4.969087632407667536e-03
3.931244016703808013e-03
3.615004239178877879e-03
3.848680449470617566e-03
3.709123820204595582e-03
4.264783823072540100e-03
5.128212320272612298e-03
4.432314598176275572e-03
4.505618586319436875e-03
4.546316470607045419e-03
4.242705353780291781e-03
4.328116659880013387e-03
3.595960716433501542e-03
4.364134306840709507e-03
5.391597200835991643e-03
3.770409092091215903e-03
4.204277651832970600e-03
4.390686349503079670e-03
3.971549598922916036e-03
3.704049455342633881e-03
4.854441532434064857e-03
4.678666929394495987e-03
3.581358301469655860e-03
4.382785414667617237e-03
3.916095104367673004e-03
4.381059451237022222e-03
4.623636548387455650e-03
4.027804343419870078e-03
4.755630755947877486e-03
4.568855750722695085e-03
4.403557097674958183e-03
5.457807727548298800e-03
4.563051122831223751e-03
3.385097449086813415e-03
4.746468759707007587e-03
5.425914728011442360e-03
5.111524865044858763e-03
4.066795105705233414e-03
4.794581115957673167e-03
5.101836629297133718e-03
3.951620609007192204e-03
5.987729279197816570e-03
4.585182316265476628e-03
4.451532795236267694e-03
5.147378970164217388e-03
5.955904966628412442e-03
4.862758304431602334e-03
3.922034945831205481e-03
4.576748794773890204e-03
4.648501289709106726e-03
4.298087696396587012e-03
3.651610698516685044e-03
2.972413687390315380e-03
2.876014670209717239e-03
4.858747783578473874e-03
4.439005929621302887e-03
5.630065034370004308e-03
4.809674837841297970e-03
4.506191416271104928e-03
5.455255592586132074e-03
2.911005160986345278e-03
3.866431128730046188e-03
4.455009509839043605e-03
4.277852943536138500e-03
4.025201107967302586e-03
4.819442834509375835e-03
4.084074941418291450e-03
4.544976897138945648e-03
4.630687228802593709e-03
3.557999358786302808e-03
4.612524007541823727e-03
3.649890030710087937e-03
4.303580428243316235e-03
4.417323017574146041e-03
4.807708232081845875e-03
3.688592531273161834e-03
4.309467897453424061e-03
4.309241694651231615e-03
4.298113970029868169e-03
4.568807263244925240e-03
3.691584974592866403e-03
3.374394559475224140e-03
4.142029776725616314e-03
4.391277181409207822e-03
3.849020966901141923e-03
4.916281107818187314e-03
4.157374517021744133e-03
3.626905708577268621e-03
4.968588463350172811e-03
4.440922104363201166e-03
3.848254404169531347e-03
4.179094135466461350e-03
4.148402639213564710e-03
5.094282073240297831e-03
4.299005552727086163e-03
3.862449488078203725e-03
3.770311747732848443e-03
4.316926566608537442e-03
3.667281884002778197e-03
4.390349269033142973e-03
4.131547877148884947e-03
4.283916980230060775e-03
4.932426280977930330e-03
4.026430916015004413e-03
3.711396355291134239e-03
3.354618700475008909e-03
5.644482960795635905e-03
4.237287312156276693e-03
5.687600876937622466e-03
3.759667591984353855e-03
3.792369408733081097e-03
4.520836157663197033e-03
4.825999338202145196e-03
4.818376743783792451e-03
4.371795000869730004e-03
5.447231913805422251e-03
4.352532413688403080e-03
3.977419159575942137e-03
4.664403449112478235e-03
4.445461371873644235e-03
4.458038866545577586e-03
3.554175776256045683e-03
4.296906758728263886e-03
4.329946223396609686e-03
4.545434017359710997e-03
4.660514065161622775e-03
3.978076690407678605e-03
3.957941130594673507e-03
4.705589657965555776e-03
4.630927402358344519e-03
3.782415575948413003e-03
4.717962476774911242e-03
5.043916215062047015e-03
4.076804401182611282e-03
3.803299900932204710e-03
4.057245522341350850e-03
4.647093191806065532e-03
4.556417284882610663e-03
4.164750717539377790e-03
5.112681953074524679e-03
4.376872555810680000e-03
3.077616232980461344e-03
3.772193926997891716e-03
4.271452137485756521e-03
4.836068098296783697e-03
4.024371824443385634e-03
4.738813910983978930e-03
5.356518986588422286e-03
4.510264167643949877e-03
4.966913593134792033e-03
5.057677505953444078e-03
3.984310394975209245e-03
4.023060430815602120e-03
3.523740653418068382e-03
4.570617894170356590e-03
4.476730354057790844e-03
4.331876224552886831e-03
4.056793347150256836e-03
3.274711907279916588e-03
5.937821272194016703e-03
4.072236366849303450e-03
4.220083321917926684e-03
4.535500565262446694e-03
4.603864105973486109e-03
4.408573736491980082e-03
4.948991480397901821e-03
4.182873172626600661e-03
3.060893624194166267e-03
3.913974041617116623e-03
4.789403312880995654e-03
3.548245846690753318e-03
4.570317320335399655e-03
3.851736263852495977e-03
4.534143062983234107e-03
4.062825138591226980e-03
4.159106049610302933e-03
4.111518874479379304e-03
3.596588934653702913e-03
4.958161852915645221e-03
3.663345912533801270e-03
5.509630338037694794e-03
3.272127163058300044e-03
3.456090869884993668e-03
3.849532704135018649e-03
4.389190189114424052e-03
4.895948077204182076e-03
4.722089984934062755e-03
4.723432509389419165e-03
4.618799898037753357e-03
3.576893315293243596e-03
4.985577525152726577e-03
4.389954098289704232e-03
3.787559045882837698e-03
4.938948481343327472e-03
3.720934648492896495e-03
3.676057397343212955e-03
3.306616948325834596e-03
4.565623715571457547e-03
5.339898544279142630e-03
5.293857400106303894e-03
4.523348099963370866e-03
5.439843062876769525e-03
4.094923325685849262e-03
4.607589122152691216e-03
4.391621169312136426e-03
4.780480194833889619e-03
3.840566664472166644e-03
4.476305940340072169e-03
3.593402753318219751e-03
4.433767827942577261e-03
4.839182673549440213e-03
4.154504343173788701e-03
3.705733250270383961e-03
4.382772277864111117e-03
5.343617418990515185e-03
3.510964278289046420e-03
4.224169064821005175e-03
4.103517453713886008e-03
4.735961257826999671e-03
4.155433134229572813e-03
3.104416578286343757e-03
4.207894673727467262e-03
4.601370566489115625e-03
4.211342573808721755e-03
4.470508984446184067e-03
4.483203922418981316e-03
4.947716653246768750e-03
4.662257287421818497e-03
4.122577332631371765e-03
3.653253647301101144e-03
3.815148859536003981e-03
5.047283908317399224e-03
3.356639547469961963e-03
3.576663366114657145e-03
4.866902201388437384e-03
3.390139428823844836e-03
4.938992038263085096e-03
5.942290094219576831e-03
4.729642969845064548e-03
4.404593185116377138e-03
5.413761048347109743e-03
4.692073685158010786e-03
4.686713174083953319e-03
4.474663334825863467e-03
3.959644754784669672e-03
4.151598463046313366e-03
5.007575619447694748e-03
4.219223888553793288e-03
4.062913826581809537e-03
4.217349748631564303e-03
3.871817973585311816e-03
5.238445437209710703e-03
4.502491507872553866e-03
4.614750672599992991e-03
4.810868263619274242e-03
5.175756422496170100e-03
4.156053426717131946e-03
4.640262512637681469e-03
3.977675755960111310e-03
5.054863250177537258e-03
4.631723788515267753e-03
5.014158408332414218e-03
3.118716478981083638e-03
5.705130742782712171e-03
4.311693109037104989e-03
4.252927732438892619e-03
4.217102229922279483e-03
4.824670063193788397e-03
4.024826876457629141e-03
3.363036274971565719e-03
4.142372372744688482e-03
4.176205649996777430e-03
4.150412575541165099e-03
3.353215284191168096e-03
3.250572142074752754e-03
4.928194372677200188e-03
3.986578755997708182e-03
4.750283761009413581e-03
4.337018679691146024e-03
4.532201918783895778e-03
4.169215112681257975e-03
5.107729391643929182e-03
4.397380703477524709e-03
4.784782224803354328e-03
4.233642427856291329e-03
5.181896867239109590e-03
3.956690176858980272e-03
3.664202683914809418e-03
3.694349027321345257e-03
4.774352763303170606e-03
4.719952501929881687e-03
4.585266272708602396e-03
4.274996699320701699e-03
4.106077069909381747e-03
5.050509758299197641e-03
4.470931828773083185e-03
3.909336969923292091e-03
4.536243491671382994e-03
3.472503457484652639e-03
3.382552658833379820e-03
4.529556548208243244e-03
5.112975999718469104e-03
4.639725984825063439e-03
3.466490559255489597e-03
4.067122190461035236e-03
3.818665263866624464e-03
5.237879516721495425e-03
5.210800373538385794e-03
3.774041793946758278e-03
4.363541118434050188e-03
3.705525254038164081e-03
4.972969463702150289e-03
4.504740326510777750e-03
4.046641812469771275e-03
3.890792126840419800e-03
4.172430730611722573e-03
4.243406526935615715e-03
5.163545659567963901e-03
4.244337921132685688e-03
5.197996308412983386e-03
3.848916307195664709e-03
4.231994058068248334e-03
5.774709734755165830e-03
3.991204892652197751e-03
3.849263867189524520e-03
4.218986602670980919e-03
4.692730190578425428e-03
5.079023095813546551e-03
4.970246434893584898e-03
3.895189255814046018e-03
4.590645429385923487e-03
4.541480673119268306e-03
3.352927442953980691e-03
4.828027838957859273e-03
4.487501273273069614e-03
4.690692630869510056e-03
4.549283025515654146e-03
4.241756328334423190e-03
4.036200079215445172e-03
4.111602467668090677e-03
4.553479518841691866e-03
4.028101652079240508e-03
4.242649836351546425e-03
3.263391584017655885e-03
3.780558037437731136e-03
3.652133420301861139e-03
3.757768711431060636e-03
4.547847319273483346e-03
4.165329433932420111e-03
4.342429327694912952e-03
5.111337998431969565e-03
3.550536121295517003e-03
4.188502769975485478e-03
3.852656647801287748e-03
4.603628294886395050e-03
3.576512049494574245e-03
4.299455604288666619e-03
4.258634472206765734e-03
4.455788195519375453e-03
3.667803341146451228e-03
5.157013423378715121e-03
4.354320218091804230e-03
4.377156916504357752e-03
4.230498962776551262e-03
4.000569659530951380e-03
5.117482235317459549e-03
4.335921081805035361e-03
4.645593657315123283e-03
4.007816888584253036e-03
3.924246088387864026e-03
3.902038531650224747e-03
4.505572699112062734e-03
3.955940616637379850e-03
4.757835814549374320e-03
4.606478931268290569e-03
5.723757023717706074e-03
3.955478956163937208e-03
4.142593463542233213e-03
4.659057291692643432e-03
3.858005209001342563e-03
4.392093240835540438e-03
4.032564041823302400e-03
3.451202094913541872e-03
4.373864723018179926e-03
3.907385582777384708e-03
4.830982113016122660e-03
4.956709609962667296e-03
4.828144009048569545e-03
4.724791806705377732e-03
3.941982443212840685e-03
4.626088143027347332e-03
4.338685515997822706e-03
4.354799763162506623e-03
3.576161548204676108e-03
4.576509854846288680e-03
3.942151949055360850e-03
4.242562962547506179e-03
4.770023798307005541e-03
4.759763735138153665e-03
4.212086239286121601e-03
3.832248831070193904e-03
4.114256900762728458e-03
4.030904531494532497e-03
4.789161917211919375e-03
4.653800458387678113e-03
3.834779125407319477e-03
3.791504178470650379e-03
4.324373057217966755e-03
3.499037093586339613e-03
4.321713601008523795e-03
4.562176521234182804e-03
4.540906068231352795e-03
4.163769153831321269e-03
4.252743175569387822e-03
4.569071631720855384e-03
4.012686043228167257e-03
4.510727422950360464e-03
3.333154013836305864e-03
2.924228110492103384e-03
3.833068975145691865e-03
3.364256641931443262e-03
4.037235565780477285e-03
3.330834846895975622e-03
4.246132229967374688e-03
3.847087304397528353e-03
3.895493822083955469e-03
4.419783794059442376e-03
4.658408317447422682e-03
4.430756227135693170e-03
3.593680739843537267e-03
5.511110828169796250e-03
4.009450139544140472e-03
4.781351730366872541e-03
3.139223243175926891e-03
4.878044727739575849e-03
4.341935642415822687e-03
3.891481739871803167e-03
4.172512052904522525e-03
2.813612089148703668e-03
4.478205510622301246e-03
4.563851355210564800e-03
4.008202629473227654e-03
4.623355426490763712e-03
4.522495010220030191e-03
3.610893462184214947e-03
4.682558959427826108e-03
4.173620548276163467e-03
4.774288312093418613e-03
3.306372952291018741e-03
3.365222237013203079e-03
3.445035556835591029e-03
3.082951877994282754e-03
4.955499224099239527e-03
4.642170656137992180e-03
3.860808481110930470e-03
4.582480832982428580e-03
4.005779710743940375e-03
3.471898239959725872e-03
4.770651961734645799e-03
4.751640887789462288e-03
4.089334134400311217e-03
4.655531528553981911e-03
4.019945355389604492e-03
4.236945164339301489e-03
5.068778095169102112e-03
4.562158290148883404e-03
4.454698042529700239e-03
3.155914860194312162e-03
4.108787198291721614e-03
4.359486899158421420e-03
4.062208234210864556e-03
4.988524089008687830e-03
4.734334929949558096e-03
2.978556913785351031e-03
4.117388033877283395e-03
4.184953292377367913e-03
4.544713590479632775e-03
4.826668009222917673e-03
4.002298931697417621e-03
3.661607676192044514e-03
5.319704076213481458e-03
4.422730893299070716e-03
5.349562946782125336e-03
3.698124753698116621e-03
4.505160607474367057e-03
4.092026348651104858e-03
4.078696923836756805e-03
4.694693410497850772e-03
5.088569937282556507e-03
3.640818418513992218e-03
3.903830556182423962e-03
4.261412309358315019e-03
4.334999507233160826e-03
4.305978260683052637e-03
4.138762531645139194e-03
3.835993005314784852e-03
4.413023900299722219e-03
4.942820628012237379e-03
2.758485663328578020e-03
4.789543512085165343e-03
3.247426737042219663e-03
5.228522667293517522e-03
4.407777133241600788e-03
4.517578351051050600e-03
4.942794513328028876e-03
3.993275218173069144e-03
3.778965964050552510e-03
3.593800122231447913e-03
3.956855848178978015e-03
4.496275613784201514e-03
4.685768672240479306e-03
4.664630852640261685e-03
3.324961500436854692e-03
3.369523651608314317e-03
4.507897908269369730e-03
4.267914320533722217e-03
4.381705734543022389e-03
3.877688120808406476e-03
4.309910820055616425e-03
4.508390230531155937e-03
4.526806931450775423e-03
4.146217486162450359e-03
4.573254327442183298e-03
4.263470202593076103e-03
4.258006982104227747e-03
3.866616118350790776e-03
4.218397397897919072e-03
4.266010717140229780e-03
4.422913881984360217e-03
4.376188089350113719e-03
3.509367841619047239e-03
5.223425621120824335e-03
5.097365469748150503e-03
4.205992608611092490e-03
4.526272842127834067e-03
4.455841278197710843e-03
5.042104725713051662e-03
3.656608199105646027e-03
4.613324647236599629e-03
4.350984161980325435e-03
4.524613460421997649e-03
4.865652258325246435e-03
3.727559564570813791e-03
3.982707034810145479e-03
4.656416305910085485e-03
4.423670898648097115e-03
4.128404580348415606e-03
3.993490770796949418e-03
4.930777625688516526e-03
3.718408414336568397e-03
4.808368895235947370e-03
4.796255933065197291e-03
4.333499684246959645e-03
3.895721024618846885e-03
4.625817886992711868e-03
4.186673174399619876e-03
3.773718600253977290e-03
4.598163697475166761e-03
4.114478826483109787e-03
3.447882521178067487e-03
3.443133764678401459e-03
4.857354199320990627e-03
5.769375464424105274e-03
4.597345637052354522e-03
3.806266266093708255e-03
3.920366132447667198e-03
4.131647895476113844e-03
4.365848778306778699e-03
4.803760676574334552e-03
3.812410678883645064e-03
3.745316081808709383e-03
3.926754014596250605e-03
4.364416929432567670e-03
4.625711322895533460e-03
4.500564852671473659e-03
4.366316335314238475e-03
5.440464672645526842e-03
3.223807448173301830e-03
4.139308230241533701e-03
4.337183085362404308e-03
4.348771992135858251e-03
3.963356192595252590e-03
4.101499963220040824e-03
4.845671913703239984e-03
3.641130335578648437e-03
5.133992332450302946e-03
4.056424194304812138e-03
4.004784784558008785e-03
4.021690931075055236e-03
5.216873564189428158e-03
4.216620108314700008e-03
4.171939887620865206e-03
4.033117094349479743e-03
4.818458053777062086e-03
3.659728002147228688e-03
4.399090021776615698e-03
2.780984100903312849e-03
3.899664285703071179e-03
3.553355095333535132e-03
4.505057192557289369e-03
4.165478177136838420e-03
4.956180925947269514e-03
3.783939186299795088e-03
3.198886165879038981e-03
4.219992937890963344e-03
4.489796913351052667e-03
3.765055104956124311e-03
4.233954456147411352e-03
3.448709355320247506e-03
4.339289080101735654e-03
4.385550142252676864e-03
4.482044713723020053e-03
3.586380187222634221e-03
4.389237319491343797e-03
4.537678771965868683e-03
4.079157928840781988e-03
4.191019258300010542e-03
3.456526933776433476e-03
3.060245466421770196e-03
4.207305797323254021e-03
4.550190141929193188e-03
4.714984648980278560e-03
4.037191679175905490e-03
3.866179409601523242e-03
4.059583506689918610e-03
3.479233412163896741e-03
3.839979639261436629e-03
3.057877684910594897e-03
3.413433773175186640e-03
4.240033393238303722e-03
4.499200887038436701e-03
4.088274379483629664e-03
3.296172505644942574e-03
2.671602397931565221e-03
4.061851424587895228e-03
4.385107994564762211e-03
4.384562053662855244e-03
4.601718261083732192e-03
4.153668969344771235e-03
3.764374884299974845e-03
3.776068901297780379e-03
3.155539996559362549e-03
4.090451265058471855e-03
3.977345864601866850e-03
4.076670248944162279e-03
3.921822390813396557e-03
4.848110589230222867e-03
3.733855621413336920e-03
3.684886384947247753e-03
3.654484537746498750e-03
3.196461237314731935e-03
5.316806090686493347e-03
4.257426679371217187e-03
4.121145777758576829e-03
3.875820344721569305e-03
4.502255408316712185e-03
3.590861659446461726e-03
4.088285229408754676e-03
4.990947504731296606e-03
4.384335520193755747e-03
3.535187675954510646e-03
4.422073024756813242e-03
4.167718405816839278e-03
5.168219696994678924e-03
4.067605947481408614e-03
4.254159487409070114e-03
4.046522848168142804e-03
4.167118629398701597e-03
4.223549863086851174e-03
3.996176666859727750e-03
3.686376676822708011e-03
4.441488273673820965e-03
3.371421386589215381e-03
4.737627242828354110e-03
3.902005465894688770e-03
3.769732181980062127e-03
4.572116766582999536e-03
4.873664068812956843e-03
3.729608919923081429e-03
3.611252510046478268e-03
3.589931513131261204e-03
4.641085281903937348e-03
4.650813472498038260e-03
3.762237635513142418e-03
3.405389234329388344e-03
4.105224398750187582e-03
4.252622296427094849e-03
3.864399504510806962e-03
3.713494449247770404e-03
4.809510380191721335e-03
4.302748310349146024e-03
4.033266546833362207e-03
4.062931066410543392e-03
4.395254118998689723e-03
3.852068698949309179e-03
4.187868211995573846e-03
4.196175869248578404e-03
4.114865933666144934e-03
3.939683168643418922e-03
4.015446220766051913e-03
4.151445376345951066e-03
4.506768124575205592e-03
4.134944835445027167e-03
3.784255270307065617e-03
3.475464849879036228e-03
4.344728147273162373e-03
4.596936165988814958e-03
4.408723051622190706e-03
4.279879393559843891e-03
4.070798161767604124e-03
3.265983850844149557e-03
3.282989276964372923e-03
4.636244736230592418e-03
4.173265118650212706e-03
4.030448067616793084e-03
4.072307598291587984e-03
4.341929411711410204e-03
5.482252289232597033e-03
3.609794017733098780e-03
4.558505620605732625e-03
4.400794287290250156e-03
4.169447634425009659e-03
4.090936279351536572e-03
4.274373967923591686e-03
3.583758988977911106e-03
3.052400159195214555e-03
3.671897709158467981e-03
4.368519623088373827e-03
4.910128803149031371e-03
4.094871198974330863e-03
3.788314263456769079e-03
3.863775942853161279e-03
3.535607365044656902e-03
4.520426165452825183e-03
4.041720041800640588e-03
3.512153005263338873e-03
3.808791179578728363e-03
4.014389910535680860e-03
4.109133802817963206e-03
3.272739445227518251e-03
4.094697834808105029e-03
3.397759464264488161e-03
3.975400009934203227e-03
4.913351796666213731e-03
3.969484741097593569e-03
5.073177841460130635e-03
5.203340340216876247e-03
4.326118478344795522e-03
3.444767753341468255e-03
4.001899251587434647e-03
3.752344643557612488e-03
3.681673135261344116e-03
5.293572687355848315e-03
3.873676217708141821e-03
4.024786272598443633e-03
3.480446945096255483e-03
3.902986481489629633e-03
4.617857123486322247e-03
4.108160569965793769e-03
4.221234473493321732e-03
4.676850706584839874e-03
4.416971368845911718e-03
5.240272997657258701e-03
3.798161234053578153e-03
5.275983074768506205e-03
4.528806706495715900e-03
4.981072578297744344e-03
4.005887210951717542e-03
3.888359893343095765e-03
4.499796153123155132e-03
3.838051801952232361e-03
3.515138559881831985e-03
4.706925903781958818e-03
4.450475877207844301e-03
4.852433570932803385e-03
4.650701159836679623e-03
4.657034205660034142e-03
3.659759043942296692e-03
4.434021864480492195e-03
3.611390021571985864e-03
3.928024111946575719e-03
4.161642178321262389e-03
4.743362944164368315e-03
4.510940597928018471e-03
4.334729730421306611e-03
4.847228516473557798e-03
4.882837974138281439e-03
4.035030463548030036e-03
3.834418483796659446e-03
4.259628421579832354e-03
4.249917778243726164e-03
4.326393396504367092e-03
4.439464006301274343e-03
4.624339020769190935e-03
3.823939433137129619e-03
4.825638834832623320e-03
3.507977867449759823e-03
4.524792027003068755e-03
4.216978223954666143e-03
3.302840837931681969e-03
4.886291509749090232e-03
3.532427190280778423e-03
4.667016242546491965e-03
3.932093612002563431e-03
3.850676805010101907e-03
3.290647592227068010e-03
3.742949732522149030e-03
3.569833546842025342e-03
3.910571775967888741e-03
3.235649067165956121e-03
3.786140013361516659e-03
4.057230675636546054e-03
3.124402074615032984e-03
5.036269807308023719e-03
3.847527228078565040e-03
3.110993789064583036e-03
3.488144337374050885e-03
4.418645796463499011e-03
4.591196273590370490e-03
4.133108357233260255e-03
3.906466792147281729e-03
4.702326054251713960e-03
5.952181182644247781e-03
4.101683602943317734e-03
3.220128344510680887e-03
4.029610505365424297e-03
5.508344015924127555e-03
4.262374003176027347e-03
5.576887206328817737e-03
3.467042001601142870e-03
4.296977817921136637e-03
3.682877868083613438e-03
4.608213543654179727e-03
3.762859197189087450e-03
5.074647347426725248e-03
4.751858310345926338e-03
4.481328120353341576e-03
3.981746757694092781e-03
3.558746244512509850e-03
3.666780994856022775e-03
4.451003960605483430e-03
4.221272506613651075e-03
3.636224105531426012e-03
3.959806167642979102e-03
3.064494856663096869e-03
4.396618664486972965e-03
4.985309909013657149e-03
4.120301822667564104e-03
3.382707889240521484e-03
4.665603369550810030e-03
3.805643792345899442e-03
3.114357954858491644e-03
4.530543864176930259e-03
4.600848892006383084e-03
3.863592574156248481e-03
4.450523186269016336e-03
3.907437449175029352e-03
3.617439722980812008e-03
4.403645897429408866e-03
4.862748231133267110e-03
3.913074445920421141e-03
4.238051615187123089e-03
3.658941584198573387e-03
4.749174471881591197e-03
3.359740796778704162e-03
4.116678879093105085e-03
4.416791717304849839e-03
4.303645501433519746e-03
5.129441660770128059e-03
6.131640581932622583e-03
4.053383563628320044e-03
3.999666783634630955e-03
4.481525010562079081e-03
3.846997530986783192e-03
4.306090087171175057e-03
4.925307154817521078e-03
3.352685315378179948e-03
4.987524099409242247e-03
4.315450143471824887e-03
5.251726247888255893e-03
3.766269443410931710e-03
5.002850205475628358e-03
3.900492744045362843e-03
4.889431519036527805e-03
4.581441381090382674e-03
4.357408583136778563e-03
4.780929329136949200e-03
4.462817291930260347e-03
4.668275705874226633e-03
4.317756010817358145e-03
4.917307383722453219e-03
3.920519617288876178e-03
3.696733828378922972e-03
4.600145045027292587e-03
4.013852622406538680e-03
4.026357546043510260e-03
3.491966050570350852e-03
3.955776301439015499e-03
4.055607608024979459e-03
4.253989187688885822e-03
4.189848474368158826e-03
3.845901123805139845e-03
4.153725017080018428e-03
4.148468765827691834e-03
4.140247916219739512e-03
4.153717936099107430e-03
3.995269671249343513e-03
4.160565130228518690e-03
4.922786937790205909e-03
4.739215939304551421e-03
4.240039137915621766e-03
3.441325533382726294e-03
4.680623057315748577e-03
4.733858814735988386e-03
3.140403265603963247e-03
3.670231046709757517e-03
3.851618267664647620e-03
4.640954298542725349e-03
4.444562341751946179e-03
4.026263489302174710e-03
4.318151066265148857e-03
4.748441877173084115e-03
4.731845749671154296e-03
4.089326743066693144e-03
4.863385442867686551e-03
3.744013826808065618e-03
4.579494940997379769e-03
3.949824155216692147e-03
3.435258804385770293e-03
3.833777134060486255e-03
4.019829217969396809e-03
4.874532858716779105e-03
4.454408561432953925e-03
3.471039122715732089e-03
4.696398947567501959e-03
4.014370577275476297e-03
4.760707332384426713e-03
4.811797651355973968e-03
4.550121583430526834e-03
4.085511017198745903e-03
3.572359792784242979e-03
4.241851491730458910e-03
4.547987317225928548e-03
4.334560876579842889e-03
3.689280780309074810e-03
3.999065722457516986e-03
4.353151681985410401e-03
4.968006274448401142e-03
4.217141466357779422e-03
4.221634948087098563e-03
4.176574243784341410e-03
3.784105089155006141e-03
4.717691536206236949e-03
3.674370385416672255e-03
3.938712425413037725e-03
3.889768243107986044e-03
5.178880110895361759e-03
4.229139404933204838e-03
3.510971965238762066e-03
3.824300255038243224e-03
4.744366102051179000e-03
4.625516731802385706e-03
4.095730638512471745e-03
4.509592562398932747e-03
4.924520572979028746e-03
5.005463969883501563e-03
3.622745553602315597e-03
3.537233029221935072e-03
5.067651559415680719e-03
4.075129469577582798e-03
4.923084554480880795e-03
3.831603464348774541e-03
3.879856859523184067e-03
3.778383467430776119e-03
3.971843629367944987e-03
3.584742400258803235e-03
4.125866653670518490e-03
3.713255398834006127e-03
3.966918572679236331e-03
4.613160537861636136e-03
3.589355349072339847e-03
4.361745806648409732e-03
4.033730558977815552e-03
4.502748721319123348e-03
4.086280946545857613e-03
4.978045985528088344e-03
4.365877268357832262e-03
4.470395820577413581e-03
4.250815833484801812e-03
3.399017108837296217e-03
4.601665847915743270e-03
3.997512829282348461e-03
4.366628819092052867e-03
3.390820560032255064e-03
3.386697514964273625e-03
3.435162506906263777e-03
5.158124856052439915e-03
3.682668041159661669e-03
5.204272322420697150e-03
3.941693814173597918e-03
4.195020122822050966e-03
4.258141256171761764e-03
4.247653583195793413e-03
3.487399031134937478e-03
4.204200394432275854e-03
3.157818830232251173e-03
5.504464723349692355e-03
3.551209159569430202e-03
4.084004652714827953e-03
4.788416592858873305e-03
3.565331527190059979e-03
3.817875970891065548e-03
3.826583414499470492e-03
4.778694692229918349e-03
4.824735720885831199e-03
4.117717279042865976e-03
3.748353666216104260e-03
4.819991306644007961e-03
4.278659784998456624e-03
3.500337118571742769e-03
4.591512478738727331e-03
3.845675716464202858e-03
4.436116990329932140e-03
5.309112626417844191e-03
4.213202852073239316e-03
3.973181439665017176e-03
4.654996491179672242e-03
4.769340554646696144e-03
5.496646935353141292e-03
4.921324348499963620e-03
4.455329186223887065e-03
4.512075451428628793e-03
4.090337627493582581e-03
4.221461755055062014e-03
3.801679132315262562e-03
5.679702390292692277e-03
4.863804081423065556e-03
3.606055935524681098e-03
4.505363438419815285e-03
4.243043574132358137e-03
4.718338151911096422e-03
4.653456934061392727e-03
4.572500928881300178e-03
3.982873388897398281e-03
4.760065366155393288e-03
4.571391685791992808e-03
4.282551845485716054e-03
3.900717735530800055e-03
3.757702149230431315e-03
2.940727757729019037e-03
4.739096364659745909e-03
3.870273758282599067e-03
2.758797798209366124e-03
4.066385974053287299e-03
3.742278281433546096e-03
3.795070153581261638e-03
4.454049693462578015e-03
4.061521970799814030e-03
4.100708947279800391e-03
5.166933601029245759e-03
4.429833562957598281e-03
5.003904065965103162e-03
5.219619720588762266e-03
4.230049603972772451e-03
3.175383603939783105e-03
4.547436301987068351e-03
3.838951763151824889e-03
3.847765678928416911e-03
4.529686150939111686e-03
3.570458599940923641e-03
4.354813980622534476e-03
4.803707917320684632e-03
3.102126381584074423e-03
5.604892741707616539e-03
3.368218552643698679e-03
4.710819041672466463e-03
3.303520381469992641e-03
4.915749200682336707e-03
3.791683041716956398e-03
4.090336340244775902e-03
3.794805943981001926e-03
3.956275704436846077e-03
3.496295591275834242e-03
4.473016753201192186e-03
3.802950571341665639e-03
3.469283322684008509e-03
4.808883518025133981e-03
4.331044270927126259e-03
3.858620502502159346e-03
4.209383400397934995e-03
4.432426004406363890e-03
5.047516970272320110e-03
4.503534183593805099e-03
4.006822856752828566e-03
4.289865611595468191e-03
4.274921963344622058e-03
4.527239166471605340e-03
3.116991907882103209e-03
3.708774471909293512e-03
4.587146733837598606e-03
4.077921066532623137e-03
3.911225243763229165e-03
3.533075813094921358e-03
3.936949628049075771e-03
5.258442139020178506e-03
3.822558981241407344e-03
3.440132559798218890e-03
4.167307542107023637e-03
4.021378770025307338e-03
4.263224489066593133e-03
4.397455318389264373e-03
4.693137104777702143e-03
3.828241418559467490e-03
4.223415486218511095e-03
3.725456855546475932e-03
3.892685936906890073e-03
4.251065926230612226e-03
4.104973565618069350e-03
3.730700304406848241e-03
4.887310891784806335e-03
3.758462193795199680e-03
3.954266887724913228e-03
3.669911306785473854e-03
4.030045348934520495e-03
3.844872951350258600e-03
4.419815973106528198e-03
4.299294614041313835e-03
4.163933866231133568e-03
4.015218961762018202e-03
4.234027052194781066e-03
4.366343833149286500e-03
3.736561894573968944e-03
5.101357828572663546e-03
3.749248041296494600e-03
3.834590623165211841e-03
3.893352404536103931e-03
4.046530985787066999e-03
3.028277171504592438e-03
3.930413296234227909e-03
4.206522323997112858e-03
3.687404919994174621e-03
4.137562222298162527e-03
3.202495728460250102e-03
3.638173858076280791e-03
4.616087776434067702e-03
4.000114399475260957e-03
3.254110085506537776e-03
4.490375950676790337e-03
4.188313108326104962e-03
4.700649010402973942e-03
5.192399723948709460e-03
4.549819905805365695e-03
4.999200338035038847e-03
4.289207289361009721e-03
4.588498387126974457e-03
4.223182988925913185e-03
4.304702947961262967e-03
4.071467355100577036e-03
4.171025701416654873e-03
4.800235939212220936e-03
4.505450374492781657e-03
3.867919902387901426e-03
3.910558130251970410e-03
4.699223651003821799e-03
3.764116779619470186e-03
4.856054409207916089e-03
3.777365055308070166e-03
2.763221311578230831e-03
3.614078595098793329e-03
4.531279689532698336e-03
3.462321017695697747e-03
3.284161886776328001e-03
4.223422970759605627e-03
3.752993882498765511e-03
4.280284366286507720e-03
4.164435393250082856e-03
3.956633807493892263e-03
5.130854604192599394e-03
3.823964540515159116e-03
3.866482455065882624e-03
3.909718074750089326e-03
3.936875349425932036e-03
5.311437042882661413e-03
3.444587526025577086e-03
4.652844896395849639e-03
4.839197161593608229e-03
3.734415726149489974e-03
4.449325990106127796e-03
3.922830370333579321e-03
3.989586453612156344e-03
4.233180765398866265e-03
3.647314331443308588e-03
4.957187086596594530e-03
4.894889064708007539e-03
3.668497309148950961e-03
4.063628271411687948e-03
4.254054840906648302e-03
4.318397245016765418e-03
4.774416599379164433e-03
4.531329344867052189e-03
4.374327469678538152e-03
5.261167804257021845e-03
4.889145530498844629e-03
3.774285586895614625e-03
4.023025438076765353e-03
4.419379027885455419e-03
3.958868756246690206e-03
3.205093886474188764e-03
4.121337959792527664e-03
3.670386296554544684e-03
4.678777703056175193e-03
4.054667310118552012e-03
3.904013007753833180e-03
4.360425705852677761e-03
3.366490454905609903e-03
4.289928999772595584e-03
4.059252784868918294e-03
3.370555831393185972e-03
5.160459619671284824e-03
4.482825322019886628e-03
4.204415091351376525e-03
4.083283250439061034e-03
4.700490126086697383e-03
4.429277697001718188e-03
4.531732164015958055e-03
4.664411332955708395e-03
4.058423253330736835e-03
3.345647938894324470e-03
4.132497978731528715e-03
3.846593151149261657e-03
4.262566556830892778e-03
4.025576640583197925e-03
4.688055299667967524e-03
4.244794745935531743e-03
5.336284978863236293e-03
4.314855107755651877e-03
3.417971076419997183e-03
4.502688004258917354e-03
4.519103700475794565e-03
3.715911257946065242e-03
3.524295838981684678e-03
3.945182229657694974e-03
3.248257157059899428e-03
3.479456061888719105e-03
3.795545793737571758e-03
4.451086914624333667e-03
3.710676485159410034e-03
4.550569401092075320e-03
3.430233307626553117e-03
5.037062508734684724e-03
4.430197944204025164e-03
3.960790409383566600e-03
4.209574832985930014e-03
5.733030840286695330e-03
4.930079852525036214e-03
3.629927799902222824e-03
4.821387381498213123e-03
3.744874800972434678e-03
4.401880965251565685e-03
4.554618754789457359e-03
4.514932639359048490e-03
4.796091817330729729e-03
4.911844527152291716e-03
4.246510203651252327e-03
3.568114282645433802e-03
4.374054101711455714e-03
4.625920694082448145e-03
4.648650523280839497e-03
4.711802266853079742e-03
4.741862568536828193e-03
4.110749875961831196e-03
3.203538307816101299e-03
4.115485531218065519e-03
3.665019988928001383e-03
3.633020605993064582e-03
3.536030859818481073e-03
4.694120957258804752e-03
4.037625425496725942e-03
3.514858376583897791e-03
3.599058859103272494e-03
3.766762663247246075e-03
4.924649971333567092e-03
3.984573308992550231e-03
4.379687013831493406e-03
3.635474353970098108e-03
3.135718727017469242e-03
4.284183231645953722e-03
3.619636601554471027e-03
4.916790282319977168e-03
4.424887744801024418e-03
3.172198259960360301e-03
3.838165162304267401e-03
4.298660512171020159e-03
3.271514749414191833e-03
4.790554036590477863e-03
4.281530848956542623e-03
3.834498058011259411e-03
3.792775984162943381e-03
4.786217314398047255e-03
4.938503659574837792e-03
4.235410169908516292e-03
4.249605293957912748e-03
3.610024979286075714e-03
4.073139676940655367e-03
4.260809273112594123e-03
2.990852791269497414e-03
4.065361962406273573e-03
4.636890420098420743e-03
4.309476093275489347e-03
3.934239149914882556e-03
5.053865175895780847e-03
4.165307870683121992e-03
4.069420842041622001e-03
3.755407989811969903e-03
4.642387873876124664e-03
4.653441981661347177e-03
3.672679900696551938e-03
3.945860139077544439e-03
4.884177217892742007e-03
4.091780701253089174e-03
4.149456571409242123e-03
4.571245894238437461e-03
4.185094617869801643e-03
5.180908511216795152e-03
4.199201593105743834e-03
4.302149803497011885e-03
3.449729129002938009e-03
2.517501994878836545e-03
4.100862701150126931e-03
3.110184434166181518e-03
4.354983877833013516e-03
5.291095974028007555e-03
4.568932142387544838e-03
4.385337643794597930e-03
3.085051848765224015e-03
4.292816829956878910e-03
3.836622919697755055e-03
4.050819390990722212e-03
3.570016812428094925e-03
4.501502881668365159e-03
4.261663994184622384e-03
3.840317076015628463e-03
3.393586999889995105e-03
4.850771486867261166e-03
4.253740218691163914e-03
4.231309517044019516e-03
3.852775153780776431e-03
3.731557475530412719e-03
3.491249808462409086e-03
3.908334096982704273e-03
4.483616019086045408e-03
4.658676095978205901e-03
4.637235965374831258e-03
3.829580155834103397e-03
4.565238431934529918e-03
4.216403915893794478e-03
4.619537551488883155e-03
4.085625266846054648e-03
4.161101751685962989e-03
4.739266770576240628e-03
4.932532769497583597e-03
5.191550782078840562e-03
5.257272745265853704e-03
4.233164738368135928e-03
3.797073588859833926e-03
4.155336234442343069e-03
3.980481097466936555e-03
4.212850129638971187e-03
2.862873265662246695e-03
4.436370758139011015e-03
3.501102592111068369e-03
3.868873642291466644e-03
4.269481336152502852e-03
5.229230115023296085e-03
4.045985708892662659e-03
4.064107571710778508e-03
3.307645268423923830e-03
3.146709507298786450e-03
3.163787031443512660e-03
3.279037310660618595e-03
4.675136589455416644e-03
3.767624889855658576e-03
4.619031986475789948e-03
4.472523644280246291e-03
4.356314278464731328e-03
4.499498926689286284e-03
3.749289798088258074e-03
3.606767819925829795e-03
3.352031618382615187e-03
3.450437273115331775e-03
4.044923093766986978e-03
4.497535419494316442e-03
5.087908453081123328e-03
3.463496986648891864e-03
3.962415868030122988e-03
3.495726644629285930e-03
4.440365777120648151e-03
3.277391397716284543e-03
4.056496023614616052e-03
4.166616495217339948e-03
2.804220671719851680e-03
4.860324084103203636e-03
4.658025210173984652e-03
4.672757991654966948e-03
3.840988499719305040e-03
3.966108210706748363e-03
4.693356116172081594e-03
4.090702114723640190e-03
4.625708662629862515e-03
3.797452585778489289e-03
3.871788918876981154e-03
4.057713892838674639e-03
3.484342095782349148e-03
4.477505281679302826e-03
4.429048969976861518e-03
4.568051480034698679e-03
3.710663584595296979e-03
4.242871144321389530e-03
3.737778189997431177e-03
4.293336710759542395e-03
3.828589573901123103e-03
4.115488177548280377e-03
4.569732180324971062e-03
5.355084797884097740e-03
4.694501030118661267e-03
3.894007040099809434e-03
4.176775691047741358e-03
3.226455566416243370e-03
3.920469553868577081e-03
3.323967636757871845e-03
3.636852494179004455e-03
4.216796920828561057e-03
3.661652086393964948e-03
4.923341393657174048e-03
4.946396685156660179e-03
4.263304375314912707e-03
3.000909112413159465e-03
4.257707062196988343e-03
3.770127235714418323e-03
3.352362792350764217e-03
4.204046051340218013e-03
4.111830030729859975e-03
4.955833447046083945e-03
3.732699462919069743e-03
4.377671942922105493e-03
4.195589543832766583e-03
5.368766447449701065e-03
3.835285104454453677e-03
4.185056446649773089e-03
4.590316568140213362e-03
4.430287540192160735e-03
3.670620887769187896e-03
4.696522034485322433e-03
4.720246208359984638e-03
5.225341127344020412e-03
4.736055899254200917e-03
3.387451282569890320e-03
3.932772540057040932e-03
4.434850480379288161e-03
5.570764153765643198e-03
4.009279198568125625e-03
4.437754800938113059e-03
3.584251933050235702e-03
3.083316883228359381e-03
3.157657043375927328e-03
4.474316971749272079e-03
3.972922144894941790e-03
4.760379365876410244e-03
4.389977237108340542e-03
4.704103518000897662e-03
4.802368744808277988e-03
2.876783877579567120e-03
4.704097890268648698e-03
3.464817863669329007e-03
4.370903229036252405e-03
4.389310488875300918e-03
4.174217112450090070e-03
4.694545605126746075e-03
4.852070639749815617e-03
3.668586079118299308e-03
4.855838505494954396e-03
4.344580022417824337e-03
3.895600771392339692e-03
4.063022803870489606e-03
4.019594526069311842e-03
4.238526386175696728e-03
4.420610907945839337e-03
4.838297059591899207e-03
4.547142036738156465e-03
4.124944569153765964e-03
4.431546210766688573e-03
3.332327842520611382e-03
3.458838691089423639e-03
3.859216244539548282e-03
4.156637911100887796e-03
3.660606223530593617e-03
4.821776624479134042e-03
5.140099095600928619e-03
4.647804692636449235e-03
3.680439899392097015e-03
4.153543512540497883e-03
3.759825198931898357e-03
3.654590396731275965e-03
3.989399400149250784e-03
3.356172909961071052e-03
3.748296348222167167e-03
4.051495696171163695e-03
4.036269134260326262e-03
3.771315041244423152e-03
3.526430787871479532e-03
4.475928122651522297e-03
3.882194519563104181e-03
4.658801740027691644e-03
3.719698208998221955e-03
3.939894312525083278e-03
6.045434199959053359e-03
4.462107959360913506e-03
3.707056013077226174e-03
4.013868805878644495e-03
4.610978865406786982e-03
4.222082691669182264e-03
4.465890447541078119e-03
3.490933718485580376e-03
4.530667715442002023e-03
4.487244283832984501e-03
5.046035193866243301e-03
4.012773249248573898e-03
4.568699523366120258e-03
4.031699144003101677e-03
4.573345583111337355e-03
3.771629542906189923e-03
4.864560593604965073e-03
3.960576755615136807e-03
4.982902298785232657e-03
4.060032509238116830e-03
5.108624497276795240e-03
3.950706618206168558e-03
5.142727828553740957e-03
3.397860367088690551e-03
3.515751738215427274e-03
4.932161019615977256e-03
4.530581846880259167e-03
3.893661585872121300e-03
4.625194393959551620e-03
3.467435586922763911e-03
5.043164510175480141e-03
3.664180890850036055e-03
4.066258210762543381e-03
3.769849675373127679e-03
3.960274650034782684e-03
4.224529049796265506e-03
3.299605203392910746e-03
4.468449359268422509e-03
4.348281525659182696e-03
4.187958341659215981e-03
3.762570706611303994e-03
3.297891529133206712e-03
3.409138466947203051e-03
4.785749972531077971e-03
3.962345715109074316e-03
4.172693378120883451e-03
4.256227144611076166e-03
4.963396218911086434e-03
3.444613019297796883e-03
4.223818652869751160e-03
5.162251168684742035e-03
4.068008585946388325e-03
4.994019297267988586e-03
4.363109348242241031e-03
4.445950169581013890e-03
3.870538026933433105e-03
3.400174176280997777e-03
4.066388295774811534e-03
4.768613739991977955e-03
3.771709629170002815e-03
3.583323765631100423e-03
3.955845760600058131e-03
3.657284497741965061e-03
3.557342270573914198e-03
3.612527727963622901e-03
4.196700983771260024e-03
4.242297411898049431e-03
4.362211729824821624e-03
4.627074518528047874e-03
4.175215603426054266e-03
4.882632660851982109e-03
4.455092617038857415e-03
3.903911091723350196e-03
3.105417121683466328e-03
3.211755133301423884e-03
3.614868831116636264e-03
4.560948999060385201e-03
4.472535765807414583e-03
4.350047847242822889e-03
4.211507656733947356e-03
3.911863656643001924e-03
4.096748882025688480e-03
4.283714989266837816e-03
3.783776652525697518e-03
3.937235980984067282e-03
3.792392849379508466e-03
4.278971301302559628e-03
5.022655811227501842e-03
4.045457135426800549e-03
4.863478523185183616e-03
4.400611128388499070e-03
3.962337223944223212e-03
4.132612040543837302e-03
4.148224437945804456e-03
3.328592027666045679e-03
4.352322678666812467e-03
3.384398043864096216e-03
4.144100060092588411e-03
3.658883697399874322e-03
3.510320363905773938e-03
3.496883841806805362e-03
4.065258853161113350e-03
4.134813191547207119e-03
3.877594634055909605e-03
3.607011564291847869e-03
4.796394026925285617e-03
4.054345845906246089e-03
3.870163496645544817e-03
3.533620916572765506e-03
3.011483029493099931e-03
3.920845723867607407e-03
4.393242006398345723e-03
4.430737415617421252e-03
4.012122521289769074e-03
3.756883320790095366e-03
3.456871893041386316e-03
3.664202736420537482e-03
3.494029245409751173e-03
4.565538892655295229e-03
4.298534056787466778e-03
3.551378017785432415e-03
4.398390097178589246e-03
4.174530548818965181e-03
4.051348372388613624e-03
5.114840602566529497e-03
5.742254279157760731e-03
3.557707299762516689e-03
4.546501741638896664e-03
3.162896874085714509e-03
3.775402691055980420e-03
3.380962427868430733e-03
4.070826952169258849e-03
5.099265779620276717e-03
3.596730698317177326e-03
4.133439795903466434e-03
3.852284062137707830e-03
3.076443832444813922e-03
4.153389076000255087e-03
3.805129965251560081e-03
3.906287920589284965e-03
4.317240545406250511e-03
4.437805225566048006e-03
4.248173869474342404e-03
4.459713612598997269e-03
4.061380914570386289e-03
3.919254178913363779e-03
4.081785430538735840e-03
4.570435586823937829e-03
4.601058274789496597e-03
4.701725557575319597e-03
4.110125558812422614e-03
3.820481933612119175e-03
4.593899426682675549e-03
4.402088311615804522e-03
4.394128239725927226e-03
4.152383595744164012e-03
3.921395645055674069e-03
4.378411935324910860e-03
4.939645642207266853e-03
4.695915308687580864e-03
4.079443351726675868e-03
4.211665508530340087e-03
4.839293035532443027e-03
3.956232900040389938e-03
0.000000000000000000e+00
