7.532206403612871047e-03
9.512274638120122097e-03
7.393351941256594631e-03
5.721729901131997198e-03
4.127870115353667220e-03
5.563828597979551989e-03
4.805686658422613292e-03
5.511541483939418930e-03
4.123734413903594118e-03
4.759233535067465895e-03
5.041735930319170972e-03
3.753470320368812278e-03
4.719792529956667523e-03
4.602359665485169019e-03
5.061554654137046839e-03
3.773955451375959457e-03
4.275377560415722852e-03
4.044348967836512883e-03
4.910580786130650487e-03
4.128003213426286941e-03
4.142156450651954258e-03
3.976420472171402279e-03
3.988551163624576464e-03
4.545770054892319181e-03
3.879945519501963244e-03
4.597360082056400725e-03
4.975462363358821270e-03
3.954567598523557083e-03
6.757333628675748528e-03
4.493098845073584084e-03
4.358989602652197856e-03
6.715849557265512679e-03
4.505751244183235811e-03
4.997246244407175381e-03
4.429011373683468776e-03
3.856895824475401954e-03
4.071137846594036040e-03
5.081437973271330996e-03
4.556964424743438491e-03
5.398617206373568060e-03
3.400084838868946361e-03
5.571575646691260923e-03
3.236687984587308196e-03
5.892191523628875251e-03
5.159383710928535684e-03
5.874498270491879462e-03
5.527928613366455378e-03
5.608451693556846043e-03
3.877271976942518045e-03
5.083509391930633725e-03
4.209194190764120082e-03
4.657318138306799742e-03
4.432514216038627337e-03
4.473084610541456368e-03
4.545239240474959787e-03
4.672455449416385020e-03
4.980946125420371989e-03
4.073423810397335670e-03
3.836129752818770618e-03
4.614537693329000267e-03
3.842887331922764139e-03
3.549878439800677014e-03
4.402313344551372389e-03
4.017723340518072027e-03
3.800731195065798918e-03
4.795725716460046487e-03
4.598448747579945636e-03
4.491337827306572834e-03
4.728964918958227653e-03
4.997512996901525700e-03
4.280240066777282748e-03
4.451283098339869557e-03
4.828629447640460370e-03
4.971172554824157368e-03
6.035364600313663022e-03
4.745970209922935334e-03
4.719705982826227775e-03
4.365221915928640950e-03
4.688390260032954983e-03
5.240540167489335897e-03
3.807375209326441592e-03
4.884607904662799545e-03
3.649462977373230110e-03
4.974568260748297478e-03
5.196830085048636041e-03
5.167568627433430720e-03
4.715391461144838661e-03
4.144715865758989877e-03
5.331579217820932651e-03
4.199065795791281051e-03
5.231205124592693857e-03
4.441686072042484203e-03
4.735081721906998081e-03
3.970182123248159126e-03
4.216378570435291677e-03
3.768549025314309187e-03
5.924467665833714654e-03
4.311357250980127342e-03
4.114578966282681285e-03
4.339258398171966236e-03
4.925476878073234595e-03
3.782723203896959201e-03
5.496051826398575500e-03
4.076853532853786342e-03
4.323828658629418412e-03
4.716660873856521122e-03
4.169554494090293648e-03
4.222320333413461663e-03
2.664699478367256805e-03
3.732326397000740661e-03
4.192134973690062744e-03
3.396885361856975469e-03
4.367983276476649496e-03
5.526254123985259101e-03
4.559574520775847191e-03
4.163684068817770888e-03
4.223807185397202360e-03
4.698330384105608125e-03
3.851673764271008795e-03
5.101536966990434172e-03
5.051658782972359360e-03
4.294154651569779581e-03
5.490394102633383566e-03
5.256256575052993887e-03
5.734909436585127265e-03
4.957595368184858006e-03
3.645966392321767571e-03
4.838755674355451827e-03
4.351478383578736252e-03
4.160216563241078344e-03
5.212239057881734583e-03
5.365123937927953474e-03
4.058424551464044280e-03
5.279002945764938240e-03
3.449259363876350584e-03
3.557644567510069751e-03
4.658467901524958321e-03
4.069606562618578380e-03
4.456035924159885454e-03
3.844959720485122308e-03
6.433168905173243177e-03
5.867542591635580701e-03
4.880621465154283932e-03
3.817245390989581783e-03
5.367254759231834642e-03
4.713063030461456249e-03
4.318163357532507803e-03
3.801689262333940184e-03
6.080041156790741419e-03
5.310502695159411736e-03
4.021474303445571330e-03
5.315425834393266644e-03
4.914896894618050842e-03
4.757000299033043930e-03
4.239119789086906454e-03
5.395245312409764626e-03
4.605046860045620451e-03
4.432253909474923904e-03
4.998570197070112756e-03
5.037444208291032288e-03
3.874684426284124954e-03
4.055472211143758797e-03
3.927267933539299594e-03
3.276675735554581814e-03
4.184514102676665202e-03
4.738437601407536476e-03
5.049910473328510403e-03
6.025073274899823972e-03
3.815484286186193296e-03
4.568068171951434643e-03
5.761940479384366522e-03
5.908233670496292750e-03
4.817562552333763855e-03
5.319192197649477011e-03
4.884297722862510419e-03
4.275870083302235093e-03
6.314600242098978959e-03
5.679009154179716357e-03
4.811774762692701095e-03
4.507689251693309043e-03
4.888259255117957842e-03
3.610542710975786496e-03
3.387606268313068849e-03
5.388294089490742143e-03
5.629944999852340252e-03
4.823384222792464170e-03
3.203475948050301357e-03
4.282375426741222811e-03
5.085973428524677258e-03
4.632330647569465540e-03
3.967093889335518951e-03
4.959481450371563786e-03
5.198552715412319176e-03
4.853554647582857505e-03
6.630498510182873673e-03
4.225666059412532503e-03
5.369222998871265098e-03
4.719949226900257457e-03
5.396020533335201159e-03
3.756276473347498583e-03
5.061366051802936375e-03
4.389155990446768490e-03
4.679630482167693520e-03
6.193886420479203549e-03
5.091199015161553681e-03
5.168923741503687191e-03
4.524696603637008360e-03
4.530576853674815434e-03
5.661215552356913504e-03
4.264663259898867319e-03
3.878815118239033882e-03
4.149221074155820185e-03
4.758918721831104440e-03
3.846810102273853435e-03
5.666440831824873757e-03
4.975307164061118850e-03
3.863635242979431960e-03
4.303525245027070567e-03
4.560834210938190247e-03
4.117766405081090333e-03
4.115773204090555741e-03
4.570354093627759622e-03
4.401120437082742948e-03
6.568626700568018680e-03
4.785901265853181874e-03
4.341987849091110199e-03
3.943492449202420751e-03
5.154585237012948920e-03
4.644109147036197018e-03
4.340486307921288464e-03
4.324126280294558582e-03
5.418044732789620115e-03
5.583952294565941617e-03
4.411903079313646801e-03
5.129961612141441425e-03
4.857136222731120619e-03
4.796517521124071988e-03
5.407754864813938203e-03
4.688901102725247239e-03
4.792471155504953069e-03
4.602055072640419582e-03
3.792224471148853727e-03
4.674860135230528464e-03
5.502092228938658056e-03
4.628079712428470605e-03
5.263752634266121409e-03
4.255086815083896148e-03
4.362962479882133773e-03
3.761246163216071074e-03
4.563594788983863296e-03
4.405960070859384764e-03
4.896325636407841339e-03
4.176022295184923100e-03
5.089950093163999288e-03
3.254576236104755882e-03
4.435357437493628145e-03
5.062340118354015199e-03
4.026481009190749881e-03
4.040016588534020570e-03
5.886048737205305109e-03
3.835265220411857631e-03
4.470026970997183907e-03
4.579857331370682308e-03
5.310559584222701753e-03
5.497561190158315944e-03
4.953619422679326686e-03
4.699994974782981637e-03
5.048901436667824032e-03
4.705296853392042233e-03
5.100143156626415521e-03
4.877407265149022800e-03
4.597297942132033167e-03
3.533096902571418538e-03
5.094097561204726475e-03
3.675810724314419482e-03
4.104341776596285608e-03
6.672308739908672584e-03
5.499925609230732829e-03
5.007706329358482984e-03
3.608197428827796677e-03
4.712151407767980332e-03
4.279508843233063679e-03
4.378714724990411152e-03
4.539372960060624601e-03
4.822215758976983180e-03
4.496353792627485156e-03
4.427597334516053008e-03
6.508249315874705537e-03
4.124153899315387978e-03
5.067901450676913847e-03
3.930579852250715329e-03
4.717395877214540685e-03
3.476593814359011259e-03
3.823166427455916821e-03
5.496994710087695080e-03
5.395773666645804073e-03
5.090310205820687550e-03
4.275758344746399993e-03
3.853749538600871865e-03
4.697250739280415567e-03
4.772864263828280329e-03
3.392626176231434542e-03
4.692206350664459256e-03
3.471468505558952897e-03
4.579398955654500128e-03
3.883376470452136464e-03
4.923306384830178697e-03
4.618868227745322533e-03
5.070856070894506733e-03
3.640146342079266743e-03
3.862123456842805631e-03
5.661441810356739740e-03
4.338143958281885301e-03
4.167639763387028830e-03
4.333629323687524133e-03
5.015151913338625894e-03
4.904664998714801383e-03
4.605417260754215633e-03
4.362564588836602940e-03
5.602587371886521596e-03
4.651544599225146577e-03
4.743554487766588924e-03
3.876909856883139528e-03
5.114033413437732434e-03
4.673928421521990860e-03
5.720078543213391771e-03
4.280490635381312310e-03
3.469782320082613874e-03
5.816137561147683745e-03
4.164259935894643050e-03
5.782238554724852299e-03
4.375232692807918405e-03
5.344683211754614957e-03
5.628976886839761294e-03
4.295850983198032033e-03
6.175800017131681877e-03
3.578123134581337721e-03
5.528035551691855981e-03
4.208325704476964350e-03
5.035326272617608734e-03
4.908824972036084436e-03
4.138779693057050534e-03
4.966130698625261831e-03
4.753001542717235489e-03
5.259947969601457343e-03
4.452656715939714779e-03
4.371233780201849717e-03
3.651874340308828258e-03
4.454462974473097012e-03
4.152180054201310214e-03
4.022606599298916667e-03
4.511786803363984980e-03
4.610318650366682786e-03
4.662844132273186518e-03
5.172740300140666117e-03
5.649266472132167573e-03
3.799314253505558809e-03
5.111938457157039553e-03
4.615491501556952432e-03
4.072431218716872359e-03
3.561461823935232682e-03
4.671879954211354338e-03
4.527107982543771003e-03
4.474195737359136678e-03
4.780670879864033947e-03
3.366908950343475843e-03
5.073656409045711538e-03
3.871216341021180719e-03
3.199789347308905785e-03
5.319533280218086135e-03
5.978735648392847005e-03
5.171887094752049968e-03
4.560595924060419949e-03
4.199053157427318911e-03
5.103832548087525872e-03
5.038874876387627010e-03
4.870602555085668320e-03
4.407170714692452106e-03
5.025464594240078471e-03
4.056120639868072454e-03
2.846212036611657590e-03
5.239005310906379338e-03
5.396246499226537222e-03
5.834721707410321472e-03
4.829003834487917250e-03
5.860950006465416931e-03
4.424645247278704945e-03
4.170128063837614391e-03
5.023207268655485898e-03
4.100750580820879468e-03
3.765860516328318856e-03
6.109666132029281313e-03
4.776533484650942116e-03
3.754327138580793553e-03
4.461595589386509707e-03
5.751412790335624220e-03
5.081929440316552971e-03
4.762475789607352981e-03
4.417119095903243413e-03
5.601538318936473242e-03
4.259452567620889904e-03
4.863078257302266144e-03
5.492134231724578840e-03
4.841030135809254974e-03
3.726571758186611721e-03
4.724278011935424161e-03
4.598368399793359255e-03
5.175768990928447666e-03
4.665453082765282436e-03
5.379962933536422062e-03
4.788189321668988307e-03
4.629765300587234018e-03
5.046270360316466169e-03
4.275189438511945925e-03
6.198048874655346686e-03
4.794674543795971432e-03
4.373921182797155249e-03
4.351861180443401811e-03
4.560272496525850580e-03
4.150048861086618607e-03
5.267405787734937353e-03
5.912127360430995474e-03
4.395347516599947685e-03
3.949682712620388413e-03
5.006864471200015397e-03
5.253502840080385636e-03
4.184349737583087023e-03
5.314166058214203799e-03
4.181670940852254791e-03
4.422641984749563736e-03
5.882481151793400066e-03
5.354128652506127788e-03
3.303109828003287715e-03
6.704350440729861006e-03
4.633339370097387840e-03
4.629021964545763229e-03
4.436037271432438471e-03
4.128919872511471918e-03
4.758420704871309075e-03
4.116964043298735991e-03
4.192536981487780985e-03
3.915782678118676259e-03
3.930348481407291809e-03
5.263560106544221823e-03
3.368279622360043773e-03
4.569817847865875922e-03
4.940363686577195837e-03
4.608534847877303157e-03
4.528707496134405999e-03
3.589555488044305406e-03
4.476635649389932962e-03
5.523847113882087052e-03
4.786864582736779887e-03
3.674003992744762168e-03
3.163450944624859613e-03
4.385307758461338620e-03
5.315578446188596977e-03
5.438756738739901168e-03
4.584504243056273555e-03
5.805873838012674468e-03
3.711240364200550992e-03
7.085865725251148418e-03
3.991251706636186544e-03
5.916977585849306914e-03
4.522583449411131731e-03
5.282134410878811838e-03
5.020303815070050781e-03
4.243511052102951452e-03
5.414093837785522410e-03
4.793204683222706403e-03
3.755562417054048897e-03
3.422429655759977405e-03
4.327310665489437005e-03
4.142950166964792097e-03
4.331988285120484672e-03
3.610937647015789731e-03
5.514611286792238387e-03
4.872185544487424996e-03
4.151906439648821168e-03
4.417577122903834468e-03
4.399455761044582421e-03
4.128490635927373545e-03
4.382158991527023394e-03
4.947958213553598980e-03
5.082454425119870868e-03
3.912373880190245581e-03
5.754378874930796313e-03
4.814911332282366396e-03
4.030666341210234135e-03
5.002624251669043898e-03
4.461465034511932770e-03
5.383573703734663429e-03
3.719711416077802098e-03
4.469824834004793891e-03
4.461617486486201337e-03
4.031762307456495525e-03
5.060031169126899542e-03
5.858414862024008754e-03
5.689077683726173618e-03
5.633425953790993299e-03
4.089943824964468663e-03
4.667709490705011267e-03
3.675409146592826127e-03
3.460076629314549120e-03
4.823039679125764624e-03
4.778413801677024696e-03
3.850171253243858931e-03
5.329079510740931773e-03
4.747220479706557375e-03
5.709946111643484853e-03
5.264160021715222869e-03
5.523856481332846576e-03
4.600618965197083611e-03
4.190185190213475096e-03
4.075142046000118992e-03
5.057550083736358192e-03
6.108711946178204538e-03
4.255906838011975189e-03
5.181535984138666527e-03
5.258947836814983554e-03
5.737890857726698525e-03
4.104401354288312806e-03
3.639468037194274874e-03
4.363079128413559042e-03
4.542102550693203830e-03
4.524423272752845990e-03
3.894429999450383598e-03
4.490288981682754449e-03
4.421512976982368108e-03
4.456604305117441156e-03
5.085452071073441258e-03
4.550053280820589088e-03
4.605363034789190964e-03
5.071432928557326365e-03
5.252185123574985674e-03
4.768885240545851951e-03
4.075779479413274564e-03
5.461217410945433913e-03
4.851448395364915678e-03
5.431653905787325182e-03
4.637957993565276771e-03
5.053958760570650618e-03
5.695584495980116416e-03
4.261847218786364057e-03
3.704472804006918654e-03
4.113403283932147610e-03
4.334445195153031026e-03
5.087284913571997642e-03
3.753053190464771243e-03
5.387093653584710574e-03
5.794362648156020992e-03
4.537495901129339447e-03
5.208675678584397291e-03
3.952055447984738172e-03
4.969360890080730397e-03
4.435309190564658798e-03
3.712267271347810971e-03
6.026171673904704047e-03
4.675311597376810915e-03
5.449807926648794244e-03
5.560764171620165286e-03
4.792002285214453684e-03
4.515082380792839224e-03
4.373571945773263234e-03
3.396692803403086446e-03
4.137335344431887323e-03
3.936661405594768862e-03
6.708324687101001847e-03
5.174804134405307059e-03
5.036414133896655390e-03
5.166830313248911913e-03
4.036705082865368020e-03
3.367276526698095070e-03
4.706422544029916638e-03
4.914295928019153659e-03
5.458757552373906009e-03
4.274453427904873967e-03
4.706636084948009717e-03
5.055375058656821560e-03
4.495010191322120277e-03
4.759652814851502746e-03
4.266497059810516954e-03
5.090801940434973652e-03
3.618579028684381499e-03
4.422435399220043042e-03
4.734323316181499736e-03
4.619844648113259795e-03
4.173727475353624858e-03
4.763701696070461213e-03
6.429377980742558354e-03
4.009438592860632700e-03
4.449780609408548332e-03
3.609639624469843013e-03
3.948412163393571345e-03
5.540870647304117248e-03
3.864997393728963285e-03
5.834749383618398517e-03
4.411335968431892574e-03
6.960307391459513021e-03
4.342500617277273572e-03
5.072688940484376685e-03
4.364699386392166189e-03
4.499750546461490051e-03
4.518378409673549402e-03
5.674493879658522311e-03
4.849984005883929521e-03
4.401769263738339148e-03
4.782981058503187922e-03
5.446439619665941791e-03
4.443918756988514233e-03
4.238632550062604830e-03
4.659016357325142764e-03
4.550822694579647644e-03
3.310068013500525562e-03
4.844219044077744361e-03
4.099026028522483392e-03
3.516838931963083524e-03
6.234632528079279458e-03
5.631897444567849839e-03
4.214517154840598766e-03
4.861194597029008801e-03
5.296434686146369794e-03
4.732587555456215650e-03
4.315412641865415226e-03
5.034009581876615347e-03
4.099751442539233993e-03
5.012799447480066097e-03
5.228586423406303418e-03
4.345462415576537181e-03
3.647704334849124434e-03
5.002446450973857886e-03
4.594679448186182562e-03
4.211527001896819139e-03
4.170860823405168893e-03
4.971251615831206658e-03
3.831699857408251211e-03
4.575282069044880016e-03
3.610969694614251865e-03
5.718641560018649511e-03
5.198924672682641961e-03
4.879917646234657909e-03
5.253899560407349241e-03
4.836162872445225192e-03
3.618222826058930391e-03
4.467444765166229959e-03
4.170892836855793692e-03
3.587218174369160260e-03
3.996745204075610909e-03
4.809518001318156995e-03
4.391306609195434751e-03
4.719583644800026158e-03
4.263123397729487972e-03
4.437614260353058872e-03
5.213095798343143385e-03
5.013230323731019886e-03
5.630864581253459608e-03
3.862849063700864692e-03
4.379137347464161570e-03
4.921848263252134870e-03
4.453097350584071801e-03
5.544188105684960156e-03
4.436612832889502527e-03
5.550278635341058912e-03
5.714566787979893925e-03
3.865512929755799462e-03
4.660573715235437169e-03
3.968698177136504787e-03
3.810676647825832729e-03
5.233945880351190648e-03
4.962801174521875441e-03
4.414499711079100663e-03
4.583892429415733875e-03
4.946813969693051108e-03
4.164714213953038362e-03
3.811019473613801948e-03
5.053078600065031428e-03
5.120700953030130238e-03
4.852018963332887895e-03
5.696498925951638641e-03
4.729973604715885169e-03
4.644950234700687824e-03
4.773151357166342292e-03
4.039249458598502020e-03
3.630586333093009221e-03
4.991506368078262035e-03
5.384630594915685783e-03
5.134752879364594402e-03
5.067822917249180728e-03
4.852254132306598258e-03
3.888977235912838368e-03
3.823889805367115466e-03
5.149911877298453573e-03
4.530854294168926155e-03
4.829565248401081028e-03
5.192785758153574752e-03
5.023135479196557188e-03
5.484810734118598062e-03
4.068987967155514134e-03
4.857548749934090249e-03
4.410591080569281446e-03
4.165927719065534371e-03
3.024458606535809693e-03
5.114542501133154638e-03
3.977492898296170094e-03
5.563634367944295285e-03
5.015505384866354895e-03
3.819412535633513565e-03
4.561120362258050051e-03
5.476991721875097523e-03
5.750692114025295239e-03
4.378545749278689621e-03
4.960118562064271333e-03
5.375845872331518407e-03
3.993597802211277213e-03
4.921377924518285929e-03
4.544406934888351596e-03
5.889494837836371788e-03
5.124533551640783093e-03
4.937983092273957528e-03
4.263371922066525738e-03
4.533982334446681056e-03
4.202878772464752055e-03
3.429398120187781770e-03
4.212081316084457551e-03
4.437798619215054842e-03
4.577213819389320398e-03
4.200924293512986463e-03
3.674878296055829937e-03
4.053394595932784984e-03
4.508176024366984148e-03
5.502662650328868192e-03
5.341586685594854056e-03
5.327938825927039379e-03
5.751644847817121396e-03
4.385679891194906033e-03
4.571240867225603681e-03
4.612942929507589038e-03
3.960348893864571590e-03
5.124114424705440013e-03
4.168895635471883167e-03
5.261512542294556789e-03
4.363657494444546890e-03
4.864825981263715821e-03
5.969202435072117931e-03
3.800802084366750825e-03
3.927655475577260247e-03
4.851111424588789439e-03
5.439960599709939455e-03
4.940919993961711762e-03
4.467451949233361939e-03
4.971111016671820454e-03
5.024953390653372903e-03
4.806810745049275649e-03
6.015438356277598257e-03
5.339462677210620595e-03
4.726104356983679665e-03
4.183930320441594033e-03
4.744826036599153127e-03
5.037227553352029152e-03
4.490243719552356599e-03
4.549402648062856984e-03
5.485967187958076634e-03
3.871363464612517791e-03
5.339140975437624802e-03
4.688078161756303701e-03
5.518745807496727718e-03
4.207027947664970270e-03
5.050704464549820097e-03
4.445955820618522486e-03
4.085872627864741910e-03
5.176370942681203513e-03
4.290121454842654031e-03
4.206109939249256038e-03
5.252328959071128622e-03
4.500019931884135030e-03
4.853720239580909535e-03
4.362536672368448436e-03
4.115086584763763891e-03
3.840387379561426354e-03
5.789756614023008723e-03
4.592443716730479526e-03
3.630231365380895067e-03
4.251289877294696200e-03
5.856100605032798535e-03
4.471405982667136375e-03
5.036048340746007365e-03
4.914580358644362462e-03
4.776474451475707685e-03
4.743496161277030616e-03
5.209834203414695671e-03
3.896271003647637510e-03
5.279021295304403387e-03
3.424310128809266059e-03
5.644972524659942065e-03
4.067213833546073389e-03
4.164361520724608502e-03
4.429345444144475001e-03
3.836253290590945376e-03
4.582864121647772446e-03
4.123667697681413641e-03
3.579519283908836735e-03
3.421264560315893759e-03
4.060947821765751448e-03
4.623801522597203659e-03
4.312977574840116436e-03
5.476728815826561840e-03
4.107910440647237656e-03
4.285062177714011981e-03
5.186169245362809953e-03
4.547232787857450297e-03
4.945183684509061976e-03
5.645201719810981518e-03
4.890400322314337155e-03
4.452072388180232376e-03
4.326815553973693655e-03
3.954808781838403675e-03
4.694918215667462369e-03
5.854927254600041792e-03
3.701449195117503203e-03
4.759161343034112000e-03
5.777944944655065244e-03
4.472380711729151935e-03
5.788225348439040782e-03
5.469396609607741523e-03
5.404049186112364414e-03
4.740397645299979611e-03
4.494607866474722990e-03
4.874837058904056900e-03
5.010251458485698479e-03
4.912457822998245356e-03
4.475438376760731106e-03
5.273622590732921292e-03
6.361052586935406379e-03
4.286674152371027120e-03
4.998793369676701216e-03
3.712642943095362594e-03
4.978345413400301310e-03
4.304344276656448497e-03
4.112430943031849043e-03
4.934283179321240394e-03
4.165491105441522166e-03
4.232267088894484282e-03
4.828754362958312049e-03
4.328956592331323003e-03
5.760753219785075090e-03
3.942991838149194871e-03
4.248697357008478399e-03
4.679800588911839886e-03
4.948429493622336431e-03
3.788008170513869777e-03
4.935617217060946256e-03
4.227889542070172903e-03
4.151312521338072423e-03
3.789681247629075704e-03
5.786876396532662434e-03
4.572894730653052908e-03
3.845041119367037519e-03
5.020866092182550353e-03
5.110281207763915819e-03
3.331843243444479984e-03
4.965310002264104391e-03
3.729641127218834111e-03
4.830255631233884052e-03
4.355044966643899229e-03
5.729047095399555575e-03
3.911353424949162022e-03
5.341778878985066308e-03
5.620626133276506245e-03
4.666983825032753469e-03
4.819121399195742429e-03
5.143879586350243172e-03
4.148224799769839599e-03
3.851306039024438715e-03
3.618992915228959155e-03
4.943746746844877339e-03
4.678250029712636114e-03
4.763871065147578555e-03
4.027087836518721854e-03
4.522700232856155522e-03
5.099766275593275132e-03
4.059988383488255526e-03
4.611126856975645075e-03
3.503895884120238318e-03
4.882420518930253098e-03
6.262486956459656536e-03
4.779803030334419008e-03
4.247280557942216712e-03
4.912616400640008006e-03
5.389433195301823222e-03
4.246893988291233421e-03
4.746732900393024063e-03
5.571360304800636147e-03
4.640055595968950106e-03
5.992579529326166714e-03
3.486436766387461614e-03
4.395207793898979476e-03
5.161745766444156974e-03
6.080492213757210558e-03
3.313553671613513399e-03
4.496981314041698617e-03
4.833770833622106494e-03
3.762921801660837774e-03
4.461627083944208483e-03
4.843259920458231269e-03
3.169343015759494651e-03
4.298718708307454339e-03
3.340756780698803195e-03
5.365047748858777464e-03
4.785753620009078162e-03
4.350447253609100208e-03
5.267752666615337261e-03
4.915176661868644360e-03
4.542738129532012011e-03
4.819688009189759120e-03
5.897430312623292217e-03
4.457626655230653712e-03
3.187220378062629970e-03
6.290409547787317521e-03
3.373731032139614793e-03
4.368023720014524089e-03
4.407806017269922695e-03
3.638184226791046916e-03
4.440517987561717894e-03
5.973360660584408829e-03
4.086641791708370969e-03
4.375093824705259850e-03
4.967806817803960794e-03
5.218165100143170969e-03
4.899509408021817530e-03
5.063267859384383736e-03
4.465737756352218708e-03
5.978387844848659718e-03
3.426644770037544103e-03
4.736741159769288119e-03
4.963618891616155410e-03
4.879087051255387789e-03
5.355820634669229349e-03
3.994238770671683370e-03
4.577333009098778424e-03
5.935165345932949012e-03
3.785121293870416948e-03
4.709531837008412540e-03
6.047941365744891225e-03
3.527994270230141657e-03
4.861118049506342811e-03
5.564248136357904072e-03
5.343855310331158126e-03
4.759788491504972179e-03
4.341522824880465585e-03
4.972238473423865567e-03
4.272125176409918672e-03
3.980552780016952119e-03
5.723569808737637155e-03
5.202451051058321063e-03
3.840667607765471496e-03
4.645902298694705619e-03
3.859598971918569172e-03
4.582988323811700189e-03
6.897858651023825761e-03
5.023077801133674948e-03
4.312614318569058490e-03
4.329961979168076708e-03
4.459269239373379705e-03
5.357055547495538812e-03
4.885438364863557530e-03
3.398412527634977337e-03
5.018141762483033577e-03
3.930304963941069242e-03
5.634513961810999616e-03
3.732380516762863823e-03
4.971778359324489048e-03
4.919571721555678241e-03
5.109041832334397515e-03
4.348063529448990827e-03
4.416343161162384311e-03
3.788877671106668458e-03
4.644724148302893652e-03
3.563738129673109812e-03
4.974964392589063811e-03
4.622292163732726229e-03
4.702148210199460013e-03
4.715140851772137674e-03
4.178379054652138144e-03
5.004151207312725232e-03
5.897302497533740868e-03
4.332000858926370913e-03
3.891835520169293662e-03
4.791239933209198373e-03
5.748396185873284880e-03
4.646505318373199758e-03
3.350883316651411068e-03
4.797799398794574781e-03
5.139745118095663708e-03
5.209432371234215195e-03
4.858572101369815557e-03
4.858484917267930601e-03
4.264072251218400077e-03
4.526918842580090335e-03
4.321649077283139413e-03
4.572141528750599780e-03
4.938651778266390201e-03
4.577634686130735257e-03
4.199993124969918050e-03
3.840521238566669843e-03
4.947244360967981147e-03
6.362112156958877815e-03
4.588341208504886221e-03
4.436719138979985932e-03
5.133150919125858275e-03
5.188719272888868243e-03
4.068154217277928329e-03
4.642555283892080449e-03
5.902965216020363524e-03
4.203056165239874020e-03
5.033135009978966651e-03
4.565744731665759282e-03
4.536321344040744954e-03
3.173384741665152484e-03
4.433226432234460210e-03
5.109262810718730695e-03
4.237924547150473918e-03
3.790833130481081198e-03
5.312087508184260357e-03
4.403343619591643283e-03
5.212018275484696372e-03
4.605203339536641412e-03
4.301306637949810566e-03
4.488142077204607810e-03
4.116836816423794475e-03
6.077995227715259942e-03
4.222659755565828787e-03
4.269525609548374158e-03
3.439602298632747374e-03
5.188561315311255792e-03
4.256255375153009807e-03
4.876375443310987379e-03
4.795956822565082545e-03
4.158002842303044205e-03
3.965904840372525171e-03
4.397999194607384553e-03
6.232673761622571640e-03
4.080301827189517123e-03
4.717672074838689944e-03
3.506684147063103812e-03
4.070348530527760286e-03
5.472655740632864814e-03
4.198306193986281638e-03
4.388332656082889402e-03
4.712317352280840504e-03
5.888869855278163964e-03
4.514481515317620049e-03
3.811051231840613309e-03
4.235519361504494831e-03
4.669426477779236272e-03
4.518140201110803708e-03
4.115965655764768950e-03
4.398509174121811686e-03
5.881983914384327286e-03
4.617190902221327345e-03
5.174541056731064674e-03
4.673495011756450580e-03
4.496019548470038887e-03
4.028645624001543114e-03
5.223944997795024886e-03
3.882593915998529786e-03
4.305544500051705463e-03
4.302294223061409531e-03
3.341870468026825018e-03
4.625637537796255597e-03
4.935704834004851251e-03
3.722519309033901422e-03
5.223931453893872374e-03
5.392272149636783904e-03
4.887884202070215053e-03
4.370029080400413858e-03
4.422297062546489202e-03
4.284124942880348716e-03
4.101854786208641857e-03
4.861780120746770663e-03
4.245576309568155002e-03
4.657106106388923111e-03
4.771530836099077515e-03
4.097540337487668230e-03
4.620949855370756060e-03
4.550306306551206784e-03
4.798974238635810886e-03
5.047605746548192336e-03
4.029944633646317421e-03
4.246935885130431049e-03
5.019095584360325213e-03
4.293757144167314847e-03
3.824615692043886132e-03
5.920231925744706344e-03
3.094850196450188266e-03
4.742972970775851879e-03
4.891631026012231882e-03
3.483514735583640928e-03
4.070945158550528901e-03
4.788542373555847512e-03
4.940995247905767204e-03
4.634628981744905001e-03
4.651120020046341230e-03
4.807377434943874150e-03
5.170186895565725971e-03
5.366732412729902264e-03
4.923135238975761413e-03
3.475349231886291825e-03
4.197568461829250669e-03
3.592722408856080518e-03
4.603189897960887657e-03
5.023943669974718397e-03
4.412787153805826194e-03
5.059331146809130202e-03
3.768972801372784745e-03
4.427702159116077459e-03
5.082025304626805115e-03
3.705250960538030835e-03
5.205683684626895985e-03
5.323923301137353271e-03
5.202399337278181858e-03
4.891204506644683363e-03
4.546231031275865982e-03
4.246968907059149416e-03
4.293975465413621927e-03
5.230865831035293873e-03
5.149831464274858689e-03
3.746335263297133171e-03
4.373779173545416267e-03
4.020214428080109807e-03
4.811192269774778631e-03
4.971017247213843464e-03
5.412540627819471296e-03
3.665867970290809241e-03
4.846180526596776013e-03
4.851109020279076312e-03
5.734322913841155556e-03
3.933092837301904905e-03
5.449728110355667350e-03
4.857186878270764591e-03
4.217861387900175354e-03
3.773659136960715726e-03
4.596050025137921220e-03
3.191570161891019598e-03
4.905493471565914275e-03
4.194336087236479223e-03
6.016157688867080841e-03
4.552605150878215670e-03
4.613182541467185718e-03
5.202376903192155490e-03
5.806965584231021070e-03
4.418588448117789606e-03
4.114097940802606546e-03
4.561319724861725641e-03
4.281883506656488682e-03
3.918810200350715187e-03
5.261011375806656093e-03
4.784242597150338908e-03
3.836583553185010566e-03
6.625389582696973763e-03
3.368107583692568630e-03
6.063164133149940085e-03
4.288797658038476582e-03
4.200692678470224241e-03
3.843510045006267011e-03
3.595388534350146305e-03
5.045065311303609246e-03
5.342326003543102983e-03
4.140729072440349837e-03
5.342129409854357198e-03
4.944363625580658686e-03
4.167385807654374816e-03
5.513870309926763649e-03
4.305944495063497926e-03
4.777900626733134863e-03
4.691685551853836192e-03
4.694004797985434560e-03
4.432429015243710690e-03
4.937978098684871892e-03
5.442548123189754582e-03
4.349108621879178328e-03
4.832892531808712609e-03
4.578778478248348403e-03
4.308478037266906709e-03
4.935088791276642101e-03
4.083509016862897287e-03
5.538939379022324479e-03
4.719150606276863863e-03
5.462955577237668496e-03
3.944387664239250128e-03
3.432489659526847571e-03
5.574551993340307217e-03
5.206657227879298716e-03
4.821691270675657580e-03
5.130701525233844797e-03
4.371452814355725712e-03
4.814923508011335722e-03
3.753040655522286214e-03
4.205363691912166607e-03
3.762673354621494295e-03
3.927406774519992885e-03
4.627641921577925997e-03
5.536162949786818492e-03
4.544646996920704250e-03
4.221142934548412391e-03
3.303260558184248092e-03
4.275419258571550377e-03
5.147490908625328848e-03
4.253161380186870795e-03
4.514850283712100627e-03
4.608575655646715910e-03
4.690353722650154530e-03
5.338376770349377749e-03
3.884086859192978185e-03
4.090025937971565606e-03
5.536826056400471867e-03
5.368358617145791226e-03
4.884254905510804559e-03
3.450683964044335209e-03
5.263058274914750832e-03
4.959365757196718821e-03
4.008650405352616811e-03
5.322064867454004075e-03
5.035862728778097222e-03
4.849594947359365908e-03
4.793653390224119661e-03
3.936577126460967697e-03
5.216438379184351777e-03
3.790696613980565691e-03
4.563533106952717341e-03
4.592896552915468576e-03
3.350214076900250720e-03
4.148676999738257903e-03
4.467201440041208838e-03
3.614032164486370800e-03
5.161262165884140420e-03
5.392635944508680258e-03
4.895719373376898609e-03
3.622062262035641560e-03
5.017237027484130335e-03
4.596227277750156680e-03
4.179467983455871505e-03
4.866931443454287735e-03
3.788006322560437573e-03
4.508311015147558644e-03
5.420037814589695122e-03
4.521403938471529882e-03
5.604800503994950868e-03
6.075732149814347047e-03
4.541085090354854067e-03
5.168120326767625984e-03
3.977770699861589952e-03
5.292869880746955795e-03
5.432516863736311721e-03
4.359909305689562559e-03
5.655458258299330201e-03
3.559311629914344542e-03
4.876949855389921436e-03
4.657515126796795378e-03
5.377361214254364023e-03
4.829804114543557840e-03
4.058962882260953690e-03
4.179327801360968944e-03
4.441033363753219866e-03
3.750177247888452758e-03
5.475556842039078567e-03
4.718473197108026887e-03
4.905494487441737841e-03
4.421999876982833817e-03
4.840363256985472269e-03
3.909685271510634705e-03
4.341362467647472481e-03
4.882951849075877274e-03
5.019163162209885377e-03
4.177908875468851202e-03
4.108029807109793083e-03
4.369223798292194705e-03
5.403600773001131577e-03
4.191196759383086258e-03
3.843800528967494887e-03
5.078557011166258059e-03
4.861290627347895736e-03
5.153562710065106960e-03
5.356647149303379526e-03
4.912485433636138571e-03
5.133903362498105742e-03
4.861133660932161552e-03
4.606704333033456375e-03
3.478010399641861834e-03
4.484395418304025493e-03
4.044569612448511639e-03
4.494740158253005859e-03
5.335296848142865624e-03
4.797638873982465295e-03
4.885857718441299902e-03
5.311131458997311698e-03
4.436274173613504249e-03
4.092730325628394193e-03
5.916153174929414220e-03
5.849839736968304865e-03
5.642097460647048715e-03
6.181930404308936568e-03
5.007872084795170035e-03
4.273827373050169756e-03
4.065848260374614609e-03
4.043963139182657832e-03
5.758590414839287117e-03
3.664678262209013822e-03
5.836647309548802752e-03
4.112543564381289721e-03
5.625260136973937383e-03
3.273465623910208795e-03
4.933122227723937651e-03
4.602670653969027047e-03
3.919084019700916008e-03
5.689413834411441787e-03
3.858846230112616873e-03
5.215470364420251616e-03
4.395446474148549318e-03
5.438189499324594216e-03
5.102452381686036452e-03
4.183946764066101207e-03
4.955343495546871840e-03
5.276826397285587326e-03
3.403969992820138780e-03
5.342492895484811204e-03
5.744368936435748085e-03
4.846364429831290926e-03
5.159530472198743493e-03
5.919004478738017390e-03
4.867110613499900200e-03
4.647167615192321355e-03
5.394360452175773341e-03
4.641874619321569549e-03
5.668881717633955479e-03
4.058930127175743550e-03
4.257290370095777321e-03
3.600316000679647851e-03
5.531938647654453638e-03
5.166833659593582893e-03
4.305279124175120237e-03
4.570364827521131851e-03
2.845301668824301664e-03
4.186235436983740815e-03
4.141936163757744052e-03
4.518423906257156702e-03
4.610686893359522767e-03
4.363530005524720451e-03
5.283993648511581959e-03
4.993125045337494343e-03
4.421286869207666746e-03
4.612536476222422153e-03
4.525173882922001525e-03
3.562992704164213119e-03
4.756701455655204872e-03
4.692204788408341383e-03
5.836147016577372150e-03
5.205096552275548412e-03
5.009150766691635934e-03
4.236792252446527733e-03
4.216618777774764834e-03
4.302502950668962538e-03
2.641353103217359069e-03
6.175100272847746340e-03
6.212871012829102382e-03
4.612222146228465991e-03
4.751265445734979484e-03
5.064404619139636909e-03
5.610671321620415430e-03
4.571453739885694006e-03
4.902641918137486295e-03
6.318055170491105980e-03
4.251105115314074943e-03
5.197163791987783818e-03
5.049527066152132218e-03
4.191479554254608914e-03
3.236876273282561153e-03
5.577204263897305586e-03
4.071569380453830475e-03
3.506826988826958896e-03
3.893886233675665672e-03
3.910646701459658849e-03
4.816639230239698997e-03
4.858325929997076020e-03
5.412403455664290680e-03
4.290234363472063620e-03
3.810210621892599989e-03
4.543046564680297550e-03
3.741924903990422654e-03
4.569588217982696425e-03
4.040757062244266888e-03
3.232585821397888567e-03
4.370476584543796922e-03
5.111027497484035495e-03
4.348623238103099982e-03
4.626327728059555743e-03
5.408364474147418950e-03
4.655764188514439905e-03
3.880111033759461696e-03
3.587869563329498974e-03
4.257796860767061251e-03
4.597652982188144867e-03
5.924960208670275452e-03
4.798457980810741548e-03
3.868864200769743349e-03
5.173013515337276068e-03
5.350804226918659881e-03
5.417634301605396205e-03
4.169296884684017303e-03
4.890597898923864165e-03
4.720567909850938680e-03
4.541941511931960225e-03
5.851288047270663574e-03
3.838742106841819702e-03
4.825431747904186316e-03
3.383373658626528599e-03
5.375408391757511770e-03
5.630810308563622552e-03
4.423210174658542305e-03
4.350635873414335046e-03
4.669296870982568050e-03
3.939178857734324316e-03
4.530974526665138696e-03
4.186271561175712759e-03
4.306321700486274127e-03
5.327346723436015251e-03
3.685914968171728322e-03
4.660870503064301271e-03
3.934074293838625384e-03
4.762334494469801054e-03
4.039628823416439168e-03
5.605922341763892522e-03
4.492512853485786106e-03
4.779705000901564825e-03
4.944729453375551649e-03
5.186965708962333263e-03
5.076829012414073826e-03
3.744141061570204973e-03
4.008897859471735083e-03
4.222567314225602123e-03
3.704154851021629336e-03
4.075376591356214342e-03
4.374326691254109070e-03
4.636028009015493584e-03
5.258908885898088900e-03
5.769426831303517585e-03
4.598387107363446913e-03
3.681171568907644961e-03
3.775463365871362022e-03
4.754948933494148461e-03
4.879094577593089295e-03
4.464651856726860497e-03
3.555554969539803743e-03
4.257439634043519092e-03
4.358438372480848318e-03
5.519223493489423121e-03
4.711929842808390903e-03
3.947882968056569582e-03
4.894750429469085090e-03
4.235843259553567428e-03
5.571978381664662548e-03
4.782824919548219443e-03
5.068039343603599443e-03
5.370748409159008599e-03
5.233455717427477373e-03
4.465979471869613825e-03
4.645618686925740044e-03
5.134121428781199953e-03
4.884932199907383865e-03
5.014998506188056426e-03
4.247430728419718596e-03
5.649951044434711397e-03
4.179006204555716850e-03
4.684902150681321056e-03
4.471022880742252410e-03
4.480815615426786760e-03
4.902126857907050661e-03
5.104367078198127940e-03
4.390096986066947295e-03
4.811555632316905778e-03
4.017398390050402716e-03
4.558809553903922333e-03
5.167685361165944360e-03
3.451941711994683734e-03
4.580610112677725373e-03
4.238152202877360983e-03
5.508171916771267482e-03
3.855427642536980466e-03
3.742913919355390917e-03
5.269308160469799232e-03
5.337092059145342147e-03
4.515396764111987739e-03
4.642633693436317224e-03
5.049212304646325498e-03
4.819997045976565780e-03
4.238796041980158469e-03
4.574174227718371365e-03
5.262110634327588250e-03
3.432332646277049849e-03
5.001490536208562723e-03
5.291281315489263296e-03
4.988435936790876039e-03
4.429589753635945586e-03
4.373951959101031288e-03
6.667423400286955071e-03
4.440760793241169992e-03
4.259270283767752248e-03
4.264276795840543643e-03
4.787320650566364959e-03
4.338395390591315466e-03
4.237058375656481760e-03
5.087834703951478986e-03
5.517536919806820088e-03
4.527246066044977174e-03
4.619689192090352912e-03
4.714853694842742991e-03
4.656235435526898288e-03
5.046065292904309933e-03
5.016782312200331571e-03
3.788246218531252443e-03
4.070981626546909399e-03
5.495533918820010889e-03
5.648519383832291754e-03
3.704236358093403094e-03
5.155125061241895221e-03
3.748233466002273782e-03
4.435132913249880716e-03
4.939246177862914935e-03
4.304633180021080925e-03
4.754598576811872208e-03
4.804140461766356202e-03
5.288042961509492428e-03
4.554944695001077529e-03
4.863279070607994144e-03
5.497934489992663092e-03
5.542134614462099901e-03
5.276870565256629175e-03
4.411007548731123683e-03
3.927931810577813161e-03
5.536894136879815312e-03
4.721038876332194628e-03
5.019536552728437462e-03
4.970550650561817753e-03
4.518884559581403705e-03
4.411940377103865975e-03
4.096321861933586994e-03
5.012580649498571232e-03
3.856248544144472590e-03
5.256449618544706617e-03
4.839917019340925566e-03
5.331321538642984359e-03
4.468375835289560734e-03
4.400281192751064052e-03
4.079975306124436138e-03
5.586590064246581798e-03
5.620863945241296941e-03
4.487270583843311171e-03
4.545781962522931624e-03
4.893865588240755432e-03
3.525343682158413317e-03
5.059083146300167970e-03
3.874724527848976731e-03
6.002430028409060266e-03
4.830733326514332314e-03
4.638353579660370492e-03
4.790268491535735161e-03
4.517950406628129349e-03
4.563811156990436359e-03
3.513575559027745654e-03
4.670347560912283674e-03
4.492421955898370789e-03
4.509139727934153609e-03
3.604965346854132127e-03
4.322367645180185021e-03
4.961123112303130779e-03
4.553858534216101081e-03
4.853491986997830396e-03
3.836093499517816488e-03
4.800472217333090832e-03
4.078371807500751935e-03
5.193152043735463526e-03
4.075373230528384766e-03
4.645577971120530038e-03
3.748979290186359691e-03
3.808493707362433853e-03
5.760825187749149361e-03
4.879585829533316689e-03
3.631012046899476358e-03
4.337875095222550048e-03
5.019619611245241392e-03
5.553585860829864627e-03
5.039920248030588940e-03
4.848768493834590236e-03
4.760469729153239335e-03
4.628265224134612242e-03
4.612439193017961285e-03
5.528050744093062838e-03
4.218922347339596271e-03
3.928875961449776640e-03
6.562686359277680390e-03
5.115783772840088416e-03
4.766343930990515725e-03
5.419220123947279290e-03
4.942775677215609925e-03
6.054717441403052389e-03
3.974527318568755845e-03
3.600840946536729321e-03
5.259549530814266322e-03
4.992705569751901100e-03
5.073339505218287838e-03
4.462441165826833318e-03
3.974508365889996980e-03
4.819378857863043653e-03
5.251918681991855735e-03
4.481348785594304468e-03
4.883222547958421256e-03
5.065204249634928414e-03
3.917688044050335328e-03
4.071184247423064069e-03
5.348031801663944915e-03
3.968377268255297678e-03
6.071975898519960113e-03
5.947457978298092453e-03
4.639450221855205905e-03
4.826684909020491181e-03
6.844745946082468613e-03
5.048420305882910658e-03
4.262771228364713692e-03
5.185269492416834033e-03
4.681569289891501437e-03
4.019658966881780107e-03
4.646654450336122621e-03
4.107323776819422553e-03
4.964164701740506926e-03
5.813798389419432694e-03
3.978974428981158461e-03
5.014069179989153260e-03
5.024242017737628151e-03
4.291503172540554224e-03
5.043738454743225581e-03
4.847132283985268117e-03
4.100974372944373586e-03
4.109339967120201678e-03
3.446577413598508888e-03
5.697443221626464528e-03
4.612144503677027482e-03
5.314273653314746486e-03
6.134106128094831030e-03
4.287910711514637818e-03
4.522244312386856750e-03
4.558082841790894561e-03
4.612369375799573595e-03
3.895327555837268651e-03
4.959855592416906322e-03
5.428445067421922704e-03
4.632689380047099424e-03
4.782268591143168379e-03
3.535347868904747948e-03
5.407077883171214697e-03
4.559519018302028888e-03
4.126132755651932757e-03
3.749779742886895188e-03
3.683943265949840562e-03
5.349397763556072195e-03
5.519660282204807283e-03
6.413770554002002321e-03
3.830821626449787756e-03
3.407899838098269862e-03
5.478151628047316091e-03
4.226133018493537404e-03
3.754813115623622730e-03
5.347526305711875101e-03
5.396350693613920918e-03
5.706066833782410391e-03
4.609338444903072866e-03
5.288371243614465450e-03
4.461033893108067201e-03
3.714325189189830994e-03
4.714833894388934313e-03
3.381515634507738319e-03
4.119466079284836088e-03
4.099467039622124893e-03
4.834727855306741699e-03
5.078486268394575773e-03
4.041558131703823845e-03
4.245634890243904502e-03
4.868792202748102420e-03
4.143533716065924896e-03
4.975026917290881721e-03
4.337220451108048623e-03
3.773246294887034995e-03
4.701641856829193861e-03
4.507481970420214486e-03
3.669919602983788987e-03
5.787316458435692000e-03
3.979634265089078415e-03
5.299854482136172676e-03
3.964440754643880002e-03
5.384060430842175712e-03
4.691020451500963091e-03
4.333992038386860583e-03
3.475180928923711846e-03
3.370619900485509988e-03
5.202270907315413064e-03
5.127098972702643330e-03
4.711252704998758999e-03
4.957252368361660284e-03
5.083574651842176148e-03
4.693628450693446141e-03
4.810118583326658190e-03
3.788515608375057041e-03
5.158153915388346243e-03
3.940399410737096923e-03
3.898340147780864941e-03
3.944101880255045274e-03
4.365287040045800690e-03
4.052874555304908540e-03
4.600664033404850903e-03
4.522052343638811346e-03
4.091428794136789567e-03
4.133346856130113399e-03
4.756404282401771773e-03
3.974403403742732439e-03
4.270332711116256973e-03
3.302111999279093435e-03
4.514657383315490505e-03
5.823187146004025344e-03
4.779033597019281474e-03
4.360687985788580349e-03
5.871288583599832203e-03
5.228345894639487186e-03
6.007391240899944036e-03
4.835640811261620806e-03
4.263457214625540441e-03
4.576762736720737211e-03
4.044482705591009516e-03
5.247364715227849190e-03
4.936191261768615827e-03
3.919058002608758265e-03
6.146296508102926798e-03
3.844563701040381188e-03
4.852452104873698421e-03
4.075477087588877216e-03
5.639940309675921595e-03
4.125590593068737509e-03
4.840467526489657633e-03
4.726832593903329549e-03
5.412005265733421493e-03
3.351468995371208442e-03
4.966487191384444215e-03
3.810142001173632675e-03
4.990468496048495323e-03
3.498451847064506289e-03
4.582535473622191373e-03
4.399608237402980251e-03
4.879603932783038896e-03
4.633009031326627489e-03
5.568071227786493618e-03
4.227677086047698478e-03
4.297693528404122540e-03
3.935716066934144552e-03
4.034921214635221395e-03
5.679978464611383678e-03
3.689969247116138724e-03
4.482946374510501410e-03
3.655459109403081004e-03
4.819998325859389636e-03
4.557419551028651580e-03
3.454031489833315604e-03
3.782003583247624603e-03
4.730704527751724772e-03
5.727498921104808016e-03
4.886878054033612535e-03
4.847519177161386042e-03
4.809103193029793874e-03
5.062990108250616655e-03
3.566491917265247023e-03
4.280967586747134491e-03
5.072856187724759935e-03
5.828962346541293089e-03
4.052107119041648171e-03
4.620838718780149491e-03
5.738177962244818235e-03
5.621106243910775103e-03
4.650244202444498223e-03
4.318586709608005295e-03
5.849217991291547417e-03
3.690359342794070734e-03
4.996431454562157842e-03
4.365190834097344708e-03
4.707110204277214528e-03
5.123294693666813684e-03
4.672112229789287391e-03
4.729310060696048472e-03
2.975596756410041864e-03
7.034618051065633787e-03
4.074375490838446148e-03
4.288754012277662050e-03
4.454825740932295483e-03
4.957830845955273590e-03
5.014054969745608895e-03
5.301238239043701284e-03
5.273312723752450817e-03
5.234848238123291329e-03
4.244318840060952620e-03
5.322062466981644993e-03
5.190585633935896129e-03
6.259328101884262946e-03
4.538581567474866442e-03
4.528672612734864662e-03
5.289086313287772595e-03
4.377508201823278149e-03
5.401949910379559572e-03
4.630166740102495578e-03
5.764056010426359469e-03
4.872311766030120242e-03
4.135859002445192029e-03
5.723942126949058129e-03
4.662658546054137751e-03
4.694869407205365733e-03
4.358626012257427705e-03
4.682552326265502010e-03
4.761685371961074664e-03
3.260981467713245339e-03
3.450005181742284328e-03
6.318652517316679200e-03
4.925094526451519183e-03
4.298224557422852463e-03
4.508158137660506215e-03
4.363674354464789663e-03
3.846353951790752387e-03
4.324101695733650712e-03
6.100550284620848314e-03
5.519630345980845731e-03
4.528031095372129534e-03
5.738859428029975847e-03
5.029900645162041321e-03
4.850642262189221350e-03
3.893450204685012118e-03
4.313510582178592227e-03
4.245772345563241304e-03
4.841824979453587460e-03
4.855070176341305666e-03
3.234648095611681456e-03
4.581125851462951488e-03
4.708808753784015332e-03
4.924358756759805202e-03
4.401238584890854524e-03
4.307072353779131321e-03
3.856947010236770092e-03
5.040658393934248881e-03
4.850734136916549921e-03
4.338724793353842223e-03
4.492154443123323564e-03
4.681337833906785463e-03
4.666235048259549482e-03
3.384409950770908299e-03
6.596502722796067537e-03
5.259132217752911752e-03
4.310442311706666821e-03
5.193542097176105481e-03
5.227294717171987112e-03
4.686604456480520514e-03
4.239166147116983467e-03
5.688854466503578088e-03
4.116348466141455005e-03
4.841584554676152570e-03
3.659213642449374217e-03
3.834348490271866951e-03
3.200969294663291720e-03
4.418576411238849845e-03
4.936834660821294574e-03
4.870136442294802949e-03
4.346105523380866704e-03
5.526547998376919908e-03
4.462752634843421273e-03
5.908663668870195104e-03
4.616908651128321696e-03
5.093718833461216393e-03
5.267242560138655182e-03
4.503154945057716643e-03
5.732850349336239895e-03
4.717774540150292649e-03
5.736673501639159324e-03
4.721404806730336405e-03
5.267515606602895910e-03
4.921742394354717935e-03
3.894759332626789635e-03
4.816137935860156580e-03
4.198140385860228696e-03
5.354403203209425616e-03
4.739555130936895337e-03
5.053892010799250316e-03
4.828373256149072826e-03
3.805587830968759546e-03
4.594426013575549084e-03
3.641998137423772906e-03
4.957198982173390694e-03
3.974208402201997309e-03
4.480494270328407025e-03
5.000106781673476636e-03
4.503232370965891060e-03
4.913229786365879391e-03
5.611418523408983651e-03
4.138328696390693520e-03
4.491261082909772662e-03
5.806615888545054588e-03
4.676804546642247644e-03
4.924005998788095161e-03
5.961330770742280689e-03
3.584616850050900867e-03
3.203990310429171394e-03
4.539615953490340819e-03
5.275716646002692918e-03
5.352857678696588441e-03
4.354093185120179454e-03
5.551810256355718676e-03
4.752119222000544645e-03
3.772233442189676204e-03
3.509755443755992708e-03
6.140381922618697030e-03
5.411085888592822093e-03
4.156078460415820602e-03
3.293174971270016512e-03
5.469751197121720115e-03
4.602318585177115305e-03
3.264299067102401346e-03
4.533874985880662935e-03
4.163807909747047932e-03
5.491826972339101595e-03
4.112021293960663529e-03
5.155074215993232789e-03
4.050281271410566958e-03
4.376072820956506716e-03
4.042592897658946541e-03
4.368457226185798459e-03
5.184516416638676808e-03
4.663960138904781755e-03
4.044111047357526294e-03
5.765800852654146685e-03
5.174496072259873215e-03
5.252537186963809716e-03
3.845193821970988891e-03
4.320720804191085368e-03
3.716252838067036959e-03
4.482258586370918216e-03
4.074564060277679686e-03
3.959476431039108887e-03
4.423896883955774108e-03
5.231276506346302542e-03
4.686054536443249458e-03
5.320597357680659223e-03
4.716608851715041982e-03
5.476237091499036765e-03
5.424475377182149879e-03
5.238258053340166462e-03
4.208100411433115216e-03
4.687200279783690013e-03
4.014181519346821971e-03
4.981225090784353708e-03
4.736232842149016263e-03
4.299247636248211199e-03
4.059598965240850121e-03
4.466964309591088360e-03
4.331049296437102306e-03
5.324634719091789550e-03
3.763769711929330301e-03
4.166036749485798642e-03
4.035925805555916346e-03
4.570539720027622793e-03
4.549145804609072176e-03
4.264454162008932299e-03
4.854432028421076795e-03
4.567526538190492744e-03
5.129614366000955460e-03
6.124974288353322166e-03
4.484343932556905839e-03
3.861808174031178785e-03
4.088887005581617884e-03
5.443355729831648657e-03
4.556976088470371562e-03
4.660087732610578362e-03
5.112801492068340219e-03
4.284050138561777687e-03
5.930649328593980661e-03
4.796252780520226557e-03
4.641639977611767935e-03
3.965324404819726457e-03
3.725204341021799530e-03
4.105004209806834871e-03
4.432573899830719900e-03
5.372830993447969168e-03
3.518763525965217399e-03
4.957796211538948242e-03
4.293727891427923452e-03
5.216999834588074807e-03
4.587437325883693927e-03
5.704510733886802333e-03
4.943786574089266937e-03
4.616816263294225113e-03
5.126068105178213478e-03
5.058240891341359534e-03
4.303918918883107084e-03
3.507816935503794628e-03
3.703999714975513176e-03
5.244296433693755241e-03
4.420635932876919826e-03
5.127761685796122793e-03
4.466142123385996067e-03
5.314786154050792251e-03
4.479664598386399847e-03
4.782633628949969039e-03
4.498669592649218174e-03
5.425262858118402864e-03
4.176222820511938175e-03
3.808769232389329611e-03
3.533352110412551518e-03
4.875181047056364146e-03
5.563205805589047613e-03
3.861950825949810560e-03
4.505907425599094129e-03
5.682858694912138083e-03
4.469637669790732688e-03
4.494595865037918567e-03
5.194927911370788090e-03
4.309750158799550979e-03
5.639891509661474657e-03
4.396343540685388428e-03
3.980194924155230039e-03
4.421057238810185974e-03
4.326528774002452900e-03
3.758489892736520399e-03
3.974501676391662373e-03
4.495062555285218170e-03
4.601290329686692077e-03
4.315127885433969399e-03
4.716672794278430232e-03
5.309310190178741055e-03
5.451478079195557283e-03
5.141306294704123953e-03
4.769463325400921314e-03
5.649093211530276798e-03
5.573570354132552189e-03
4.584256380412089944e-03
4.798022748092030040e-03
4.924726728826520766e-03
4.209813396476963857e-03
4.721030597709853158e-03
5.549111211582872551e-03
4.546161457956228447e-03
4.264612598828924038e-03
4.293320120719669279e-03
4.877533811350103291e-03
3.441243515523728820e-03
5.665197102556395088e-03
5.546952694124560740e-03
4.419897682080535170e-03
5.341514219164057893e-03
4.551496231314548606e-03
4.395027246144534577e-03
3.829994309794003578e-03
3.845225903180686348e-03
3.554005019608282717e-03
3.904039272217359972e-03
3.414879514592358313e-03
5.238516674956223210e-03
2.893355610079737829e-03
4.201394853234691890e-03
5.401649872273091117e-03
4.548371824807491241e-03
4.995261182246656974e-03
4.875250004159256516e-03
3.873907373751512596e-03
2.970276353861485679e-03
4.515204436628146925e-03
4.332218297127845424e-03
4.302566397683070358e-03
4.703580297087233894e-03
4.270570485056424288e-03
4.832214841674567322e-03
5.050966974587287224e-03
6.118210088077410611e-03
3.838262994489780727e-03
4.345190918615534845e-03
4.913258151970460730e-03
4.498717000268373165e-03
3.716899196646158195e-03
4.620774130830557561e-03
5.600044414256156490e-03
4.826050935766630981e-03
5.781461599058450307e-03
5.789855813167371114e-03
5.970180213051067518e-03
5.145937064548499959e-03
5.494733296087329043e-03
4.053364399437063559e-03
5.652093355881179088e-03
4.825531947636014889e-03
5.307949416210411796e-03
3.371411324774181879e-03
5.608189140115455232e-03
4.550440667797538835e-03
4.584096668753647255e-03
4.746303612624470578e-03
4.391573854377909744e-03
4.316400891716938755e-03
4.921549797330736914e-03
3.645827314750616117e-03
5.094589325668325702e-03
3.426295236411740219e-03
4.936105825281579713e-03
4.728604300783894286e-03
4.354269206676164052e-03
5.464285550835833692e-03
4.213911454602329611e-03
4.433478507899192567e-03
4.168674932213686270e-03
4.005717731971238614e-03
3.750645321845533231e-03
4.312704088096874083e-03
3.771513696880013540e-03
5.308634374234099014e-03
5.085344981259410854e-03
5.100424129875706647e-03
4.828176930273196145e-03
6.108140744673586434e-03
4.912526493904097701e-03
4.673226109576483246e-03
4.204835893858851169e-03
5.096950360592258575e-03
3.650450257861783537e-03
4.550539834928753885e-03
5.355089458280809511e-03
4.871748764475560510e-03
3.338793941285431600e-03
4.391588944120603834e-03
4.809466924097180809e-03
4.762152423593076812e-03
4.567238958845502503e-03
5.039516415986745011e-03
3.756490894732855863e-03
4.744187027540918734e-03
3.739193276435182067e-03
4.380055985552644589e-03
6.381452638239170846e-03
3.921602228542335825e-03
5.074439561562731245e-03
5.677131032684940015e-03
5.363367673726104380e-03
5.043876963315068428e-03
4.906508532017930108e-03
4.349747446980991444e-03
4.970664289383450000e-03
4.382085328374370203e-03
5.157118287312765191e-03
5.088177431564750233e-03
5.371990289686975027e-03
4.797826848453938878e-03
4.889677255989858910e-03
4.362640122334020612e-03
5.092301296077322847e-03
5.295817807146230467e-03
5.327409960973175998e-03
4.143949503535922230e-03
5.050428826848959996e-03
5.513043285088253809e-03
4.880083851599673062e-03
4.821001438164577643e-03
5.219118554412201065e-03
3.845637683901279632e-03
4.301967219635048287e-03
5.479187526145202006e-03
5.260193620385231715e-03
3.430724900729196971e-03
3.760215974750392293e-03
5.147228629503949188e-03
5.035693112027206028e-03
4.246275661530810909e-03
4.713713958268678401e-03
4.600353033257646371e-03
4.218377544534425080e-03
4.138789533928004596e-03
4.914476774192984981e-03
4.128383669185086910e-03
4.978496375815073295e-03
5.628119700700145479e-03
3.907463842756322969e-03
4.989819119411972002e-03
5.228748569879705134e-03
5.526920263652118637e-03
5.288905769302185318e-03
3.648686371737065986e-03
3.916870056135470651e-03
3.925449547547687004e-03
3.474058063672386728e-03
4.233163650358496080e-03
4.043152392833735537e-03
4.184397304293280967e-03
4.676154108159067714e-03
4.320942204993659559e-03
5.189508808725939309e-03
4.341415781872649468e-03
5.443058519700977316e-03
4.980035424594347372e-03
4.534637279171894152e-03
4.092642625010016466e-03
5.352595357666075498e-03
4.886867948810104736e-03
4.031037048295625647e-03
4.146759838223525174e-03
5.360905448433784040e-03
4.770800385151683504e-03
5.275180610208411551e-03
3.830439533713491957e-03
3.960576928270361993e-03
4.599044191642748594e-03
4.280367406301060704e-03
4.959240188387492414e-03
6.112106419651377846e-03
4.442603351981849746e-03
4.669770354833739819e-03
6.463541360210120143e-03
5.505623427400814680e-03
5.126142996080242792e-03
4.521653182680955042e-03
3.814874915951696217e-03
4.371299298876080500e-03
4.833405967995634857e-03
5.192947688408755189e-03
4.741354738450967617e-03
4.772927793477351258e-03
3.832336192047921392e-03
4.009474041364736140e-03
4.116135895944279637e-03
4.854518008581577664e-03
6.254728612193219059e-03
5.088004205932293925e-03
4.232067335462236062e-03
4.407217588516036851e-03
5.118665208148500713e-03
5.407544766419531378e-03
4.256328529300522877e-03
4.922093435940961062e-03
4.920317939964159899e-03
3.722256527470120275e-03
3.508952548484584218e-03
4.005774524713796858e-03
4.466022811074474991e-03
6.215503428942708436e-03
5.130904299023512048e-03
4.589785300041978981e-03
4.171721676623336116e-03
4.536680750649058069e-03
4.553886362190833793e-03
5.215770282614749960e-03
4.216564792730546907e-03
4.454676748776127335e-03
4.299815592975811916e-03
3.894598635660573641e-03
5.411640089384813466e-03
5.500426217493398391e-03
4.528187001754680092e-03
5.606066363858656573e-03
4.044597072409623038e-03
4.298931942839348888e-03
3.464979422605452344e-03
5.035964978502309106e-03
3.840133250596721240e-03
6.153489346842497265e-03
5.344669273000353035e-03
5.872212379710139117e-03
4.163690358818043259e-03
5.080101988295195742e-03
4.781934530376954866e-03
3.906652844224371875e-03
5.082215091629744760e-03
4.895845779193614376e-03
4.631837697994406824e-03
2.661118117442565299e-03
4.232600277563238443e-03
4.804339308167045186e-03
3.670136258947336288e-03
4.795190553616344130e-03
4.693889299777852415e-03
4.933787828490919340e-03
4.919545058914463580e-03
6.895896437197287371e-03
4.410705527743882456e-03
5.201037906737173561e-03
4.683293000273221381e-03
5.210009103611475123e-03
5.202062609337471458e-03
4.405706653366393659e-03
4.005587287320423219e-03
3.682492787634895123e-03
3.747894547975725004e-03
5.186910256480136046e-03
3.138784431027559496e-03
4.238305517525726637e-03
3.651605546842669713e-03
3.440809603878854008e-03
4.259096066916136236e-03
5.142994681627417394e-03
5.027718310438467932e-03
5.099835957221518674e-03
5.386050643607443247e-03
5.190399804266193629e-03
5.462841142981204531e-03
4.380815753045797303e-03
4.583668145785607488e-03
4.711308136365953241e-03
5.301056264281365192e-03
3.880706666714772192e-03
4.102698644332360145e-03
3.407838500564319001e-03
4.882174758858035847e-03
4.550723152665280165e-03
4.886771271290594847e-03
4.659092922225807100e-03
4.046685971749886673e-03
5.423548382612990160e-03
4.127422324083607555e-03
4.798641558735382805e-03
5.218520352393962031e-03
4.511313620109328772e-03
4.624954523516808594e-03
3.868709194673124966e-03
4.859079456926513642e-03
4.758100860541300027e-03
4.024049454233748734e-03
3.868416086897757174e-03
3.281265980804264418e-03
4.477441577727569316e-03
4.097148641088938122e-03
4.502617057740599185e-03
4.451537119317639304e-03
4.350253373529371602e-03
4.133874586695559378e-03
4.259365789139159600e-03
4.617427985952524822e-03
4.089724940329474319e-03
4.571383272393189645e-03
5.028480311523377509e-03
5.785429427401781420e-03
3.938058844604974858e-03
4.478959163310415777e-03
3.351667615886188417e-03
4.369669147257463672e-03
5.170995566849998643e-03
5.153343121654967683e-03
3.779506442876563298e-03
3.704806184241441706e-03
5.917857327481344451e-03
4.103661446213125244e-03
5.799311660372685924e-03
5.409379722748216927e-03
4.920064419169607045e-03
5.911476076174700806e-03
6.223231839271975777e-03
3.853071259301356442e-03
4.655192552520799783e-03
5.473743808077588882e-03
3.388133775353204587e-03
3.367100296855984713e-03
5.286109513750651169e-03
6.277583144603739347e-03
4.238376246227245486e-03
4.141783264258016954e-03
4.133947581163072323e-03
6.070218567593153522e-03
5.005405390598226603e-03
4.935239192598763446e-03
4.408130475361416584e-03
3.898636606965532984e-03
3.731852265268480705e-03
4.196068673111110967e-03
4.137593303199321726e-03
4.462803420318556431e-03
4.691095281980707174e-03
4.363056057426152948e-03
3.913477978347426785e-03
4.907913096169427315e-03
4.687497742754850351e-03
5.254443479065539109e-03
4.743833527463865371e-03
5.163335821031330396e-03
4.527170240560152159e-03
5.053279673098412875e-03
4.938354178461978536e-03
4.493738558983865865e-03
3.835837232836395057e-03
4.385752540655422915e-03
5.247064799967972142e-03
4.435325100616729736e-03
4.231995747248603820e-03
4.189522032384343682e-03
4.895629892563009046e-03
4.944174295792254370e-03
4.123023719337822780e-03
5.237720722755993472e-03
5.393343822564145365e-03
5.739367893976535587e-03
3.825817166094496249e-03
4.240035092227506519e-03
4.313557008301449787e-03
3.732614078490220384e-03
4.268314992622181982e-03
5.038850148083611445e-03
4.606274796674937437e-03
4.117195783436404868e-03
4.942812793910634703e-03
4.023268704876615393e-03
4.050995359473840395e-03
5.116056199633066057e-03
4.791320354964307034e-03
3.782400900045463071e-03
5.335116990451411849e-03
5.287698220912767644e-03
4.133976557134198294e-03
3.978287159547730552e-03
4.651382953352438572e-03
4.623764502638062941e-03
4.606313307911441904e-03
4.826866314899239466e-03
3.900882576675649988e-03
4.355640924348719994e-03
5.133012182583642814e-03
4.948340896748316085e-03
4.326813948382329800e-03
4.722916447263641668e-03
5.800392315659610998e-03
4.934923469221993639e-03
5.176963621869757649e-03
5.312654948286757266e-03
3.855178779649673718e-03
4.614719083654868388e-03
4.981924831886834146e-03
4.269419574159345927e-03
4.472964118654858788e-03
4.532601813144819525e-03
4.947633839147769393e-03
6.355631763237101599e-03
4.662272797606305946e-03
4.539689608316042901e-03
5.302593309525044894e-03
5.044880899743802750e-03
3.770839007241986313e-03
3.496150492229089472e-03
3.794211808549529004e-03
4.689119671548675448e-03
4.372364540202835700e-03
3.827235520921761901e-03
3.825264696606746773e-03
4.110370663043704485e-03
4.660833126293910736e-03
4.493081586339555365e-03
5.175739043863871250e-03
3.907122204138083026e-03
5.119336917065619996e-03
3.325806331155370648e-03
4.904755890287362287e-03
4.863116659657610447e-03
5.035061120954040584e-03
4.540010284782233091e-03
4.804735500300368056e-03
5.022096952165082222e-03
5.653891888193240609e-03
4.477878124756954140e-03
6.411016149751582946e-03
3.986176394537747220e-03
4.957560529800973670e-03
5.033324063350095613e-03
6.235200938970015226e-03
4.526604924650656434e-03
5.479983798627995235e-03
4.620147673691591024e-03
3.851471766546160722e-03
4.875372061750726273e-03
4.666037433951636393e-03
4.261961765899130450e-03
4.986802036167279489e-03
4.345107159493978750e-03
3.632607138697973616e-03
4.889530815630610365e-03
4.276742584479316552e-03
4.968288313554483117e-03
5.241566110732666546e-03
4.780047000507909628e-03
3.797573191022880941e-03
4.861761297541884394e-03
5.191930061845192144e-03
3.709808850339274024e-03
4.874275664791600203e-03
4.984296289107089002e-03
4.594636187295659917e-03
4.204253018753109986e-03
4.595695584627259266e-03
6.139772597802749081e-03
5.059009157149998472e-03
5.009609002882337535e-03
5.179297033893489818e-03
4.281021873078428436e-03
4.785394626956510251e-03
4.070094846177190612e-03
4.235543424698333392e-03
4.687235951093532589e-03
4.180771068939011410e-03
4.372009215206406132e-03
4.761372606607180979e-03
3.180310946829767796e-03
5.709522170071153202e-03
4.339146686267279437e-03
3.992161160782148159e-03
4.154434421096912800e-03
4.834960724800909521e-03
4.839486734254458064e-03
5.572770403396293259e-03
4.544882793423589071e-03
4.719696117625420476e-03
4.079438472568505496e-03
4.610359575517100628e-03
5.309268821856836726e-03
3.750240721843891688e-03
3.900301760461674649e-03
4.296565100657514895e-03
5.435410725250248640e-03
4.123671213746060542e-03
4.149729115884202846e-03
5.034235258546019415e-03
3.992296794200794752e-03
4.818465670690014885e-03
3.243467795709581870e-03
4.809454939649638813e-03
4.321134576208795000e-03
3.565026806555480609e-03
4.451786187631849405e-03
4.163099752398271257e-03
4.226184788657073692e-03
5.171546293539059334e-03
4.802804493694771623e-03
4.649652733675773558e-03
4.622894005108157608e-03
5.414504568665949071e-03
3.978674306123986155e-03
4.230947669766902189e-03
4.244269565350542589e-03
4.726748930139515990e-03
5.302363505880085259e-03
4.652506844445285228e-03
6.643878102979076418e-03
4.480907684725415376e-03
4.830866245997257787e-03
5.141302187003288227e-03
4.816625949645599730e-03
4.419813361442613553e-03
4.069631531817956629e-03
3.856650581098135851e-03
3.435881930358862003e-03
3.973280238270293294e-03
3.949170912047154924e-03
4.439711769557206852e-03
4.475301042866317372e-03
4.768653027796701874e-03
3.115401146345659397e-03
5.704464702188203652e-03
3.783245164397783331e-03
4.404075831691053183e-03
5.488254727337385334e-03
5.628919280465661569e-03
3.465918889728789032e-03
4.280996992058569428e-03
4.861836090572200370e-03
4.669118278954369899e-03
4.472959276826963572e-03
4.012468031551423737e-03
4.777413669337443429e-03
4.450135594064838149e-03
4.259742149776460721e-03
4.820266067309200014e-03
5.516737597618107634e-03
4.172410507718138893e-03
5.139179497737993846e-03
5.522123252792460885e-03
4.894069918544398552e-03
5.146698381821584664e-03
4.780676694322669000e-03
5.402621714209241907e-03
4.380808390742613537e-03
4.609841013710242082e-03
5.038330922335974675e-03
4.769245975170754992e-03
4.145305471952682834e-03
4.966935875086453400e-03
5.089679305917685880e-03
3.905643859119579606e-03
4.869456978798964060e-03
4.829240772598162798e-03
3.791216981462286473e-03
5.435483077269944417e-03
4.450318537211022177e-03
4.304398597973179731e-03
4.603864768060933477e-03
4.331829072903434739e-03
6.598218225052453548e-03
5.044974542778923182e-03
4.446594106419757449e-03
5.488190585563056806e-03
5.180358079359672838e-03
4.168133584386436892e-03
4.776340645424075743e-03
4.511191118136134888e-03
4.770750374645866231e-03
4.783035941223293466e-03
4.636727715728600728e-03
4.108543371344120475e-03
6.020853907604143372e-03
5.332684918134074706e-03
3.723872250182226964e-03
4.758056138218125404e-03
4.479103042297428484e-03
6.420066631659265138e-03
4.386965055416918065e-03
4.859039975439509440e-03
4.980734462003390088e-03
4.372788462276214552e-03
3.796073157789546688e-03
4.099940231897016181e-03
4.912901132649256930e-03
4.411382936417378685e-03
4.749458255753192734e-03
5.136066961190942706e-03
4.775586796587408082e-03
5.185466465374260515e-03
4.511289794319815576e-03
5.677103469478022614e-03
5.015518481395312561e-03
4.791419835103878297e-03
4.127777977264744831e-03
4.437206066467335071e-03
4.729631204512397234e-03
4.555520786756542262e-03
3.629024881750459765e-03
3.511114907148460591e-03
4.899854501727502788e-03
4.710425287872883372e-03
3.515567749451378819e-03
3.897738871902626905e-03
5.216372324640499748e-03
4.467482050386227359e-03
6.240811906690472456e-03
4.760024011322565134e-03
4.529290965701645438e-03
4.275247887099224188e-03
4.913154190310683317e-03
3.999690815538044404e-03
3.861986533716273845e-03
4.274744678153593637e-03
3.662646248134878400e-03
5.022069350528427997e-03
3.977420378405868880e-03
5.624915235251286630e-03
6.091703585912358956e-03
4.922453958505504379e-03
3.434073266178431887e-03
5.232683744366685603e-03
4.927025189598582301e-03
4.190880729126043522e-03
5.857058076221369550e-03
4.962910902973457355e-03
5.076007985985487268e-03
5.564066024846067368e-03
4.821875608640148470e-03
4.770183388921191148e-03
4.231117262605597375e-03
3.604589861565014267e-03
5.323600860959081318e-03
5.354883770000541145e-03
4.328772614580436717e-03
4.144040229424084641e-03
4.759161563078627595e-03
3.901425231275673557e-03
3.221270673690574717e-03
5.551840784381736373e-03
5.054604658783642956e-03
4.183704338444492812e-03
4.293910834145902265e-03
4.962804752240848952e-03
3.912184615870222849e-03
5.605942863427942902e-03
3.690204321328115471e-03
5.402008636392915605e-03
4.030087074162249164e-03
5.025130022200924307e-03
4.492631249431105513e-03
4.479282560749493075e-03
4.173037463485095890e-03
3.796882553050992710e-03
4.376548683029071740e-03
5.943566493186645990e-03
3.385102454727061637e-03
5.710393375206262133e-03
4.518595419261804344e-03
4.340969201923780725e-03
4.016585870904523445e-03
4.445448396297043206e-03
4.904435268307687223e-03
4.844260270596831806e-03
5.480692344407104080e-03
4.853911409460879081e-03
5.120068074142614112e-03
5.269013476701302039e-03
4.096430114725289895e-03
4.934678131753238162e-03
4.138147605977753225e-03
4.327109019414114403e-03
3.367437107560458838e-03
4.601361056718252483e-03
4.096415251654591215e-03
5.753969986586134240e-03
3.654880035520480762e-03
5.485390061791970556e-03
4.807216439428882611e-03
4.779100847731142764e-03
5.518228489277751149e-03
5.349544564038726663e-03
5.285615502140221349e-03
3.595500820065308800e-03
5.419472927542207802e-03
4.826321143308125519e-03
5.188299337164978611e-03
3.595565365910663967e-03
4.372085201548168293e-03
4.240968379573479760e-03
4.489628721906482357e-03
5.324567926600111412e-03
3.804569507223284474e-03
4.628773177318683263e-03
4.404274447348256218e-03
5.405563391838138707e-03
4.658205739811120683e-03
4.490638905044867096e-03
4.961489867510459652e-03
4.816684950778262440e-03
4.636920554465658387e-03
4.805409953239112714e-03
5.838807276086996692e-03
4.042450951417998588e-03
4.186616152907214443e-03
4.666257788077939755e-03
4.727997064844255241e-03
4.663218753243346393e-03
4.037203247352126254e-03
5.731041320591654872e-03
3.919436088682603028e-03
4.910706201989894354e-03
5.654188622885807265e-03
4.815202044721939890e-03
4.109220018180267421e-03
3.980841429878099851e-03
3.241288527510273031e-03
4.851883112878738885e-03
3.953180473081597049e-03
6.443796084111590855e-03
4.691411773712212720e-03
5.174653134995059814e-03
4.953977302652323375e-03
3.834623029361286517e-03
4.227881110809599517e-03
6.005160040846890812e-03
4.163139567141872256e-03
4.792866408170037493e-03
4.635274918509163684e-03
4.448466180553525134e-03
3.393293324689792331e-03
4.733591691152084016e-03
5.116163830855895329e-03
5.589802243138514148e-03
4.041616913916786479e-03
5.168352480765057294e-03
3.862119067206266822e-03
4.110322921856176918e-03
5.282960803903944021e-03
4.305454428892250066e-03
4.689655046179202862e-03
5.794333772824357062e-03
3.775230783967281362e-03
4.358015790389421253e-03
4.533532605957700523e-03
6.028351523690742182e-03
4.287518796639769487e-03
5.376222885595386899e-03
4.152310614295155744e-03
4.718643762874862035e-03
4.791657050321510361e-03
4.624884766278647419e-03
5.236123946249360631e-03
4.470364662882787832e-03
4.498349370174578934e-03
4.889390002146438811e-03
4.007800925036844597e-03
5.144251941983903065e-03
5.632137669102360057e-03
5.444983739294936495e-03
4.537648026761084696e-03
3.528617134819541767e-03
3.811228594860230790e-03
5.531127938340414316e-03
5.037080204146012798e-03
5.090990774550537522e-03
4.981744800012321769e-03
5.325646638050979959e-03
5.107962350920499002e-03
4.436820087598518890e-03
4.368979333109740577e-03
4.857783201902174733e-03
4.324795056318468320e-03
4.120205851800924982e-03
4.095408545237774235e-03
3.891519508294771258e-03
4.974803705288508016e-03
4.193660891449726633e-03
4.449044367448272419e-03
4.314004614976651823e-03
3.789801184442540861e-03
5.224373096851688165e-03
4.475217358089015988e-03
4.452953457258481025e-03
5.311589260004891989e-03
5.231999325801391272e-03
4.495403332831269735e-03
4.200541470849283518e-03
4.193494699005263261e-03
4.322894195763700258e-03
3.619262321724255570e-03
5.058764448943261355e-03
3.550879586353818205e-03
4.639143480065516072e-03
5.099878840654970512e-03
5.643830026547555674e-03
4.921075310301493283e-03
3.881645963508550696e-03
4.654569012774199994e-03
4.077160097074322351e-03
3.506980727679278199e-03
4.890785506684103452e-03
3.091093483379136683e-03
4.465379758602823143e-03
3.871758823939169813e-03
4.071083257423639343e-03
6.317577918673955052e-03
4.295439881250521195e-03
4.169390971933757684e-03
2.990585996113842050e-03
4.784404746832783030e-03
3.424338653378600217e-03
4.209263164949720096e-03
5.046303178028382214e-03
4.639884578189161848e-03
3.917737024662429346e-03
4.193398372600847836e-03
4.837866383466839573e-03
4.869219773822006624e-03
4.569702491996376938e-03
5.186814234193461159e-03
5.053501332041718946e-03
4.947854050082962744e-03
4.416052011329137453e-03
4.005576006552155795e-03
5.857368860687483907e-03
4.974164958231034987e-03
4.569179076423043710e-03
5.630211375382393121e-03
4.693745433285951424e-03
5.085067271827432497e-03
4.203953994203537062e-03
4.117932694412739479e-03
5.733774056587685568e-03
5.573850655850644611e-03
5.419405239589652340e-03
3.107242594371058524e-03
4.336586357974907442e-03
3.917716518436030991e-03
5.492461750450394233e-03
4.849572624124157648e-03
5.192786305121391277e-03
4.118563216872031182e-03
4.364150826794906644e-03
6.048125974992246343e-03
3.741797061688958027e-03
4.592826373742087132e-03
5.201587296760365985e-03
4.530406299087470778e-03
5.213072030422388585e-03
5.893459094154941853e-03
3.736490598847961534e-03
4.743310145497393361e-03
4.356656032310765592e-03
5.223316040229902292e-03
5.239033035283380962e-03
4.071915881247604140e-03
4.852643968917140331e-03
4.461950489826414790e-03
5.746407578512895825e-03
4.828264221195150384e-03
4.532306913828228201e-03
3.593019060635509014e-03
2.997281165837110614e-03
6.164923332763356904e-03
4.892928636445826977e-03
3.569808258666079710e-03
4.753349743485509732e-03
4.523531896344096075e-03
4.470159592436719932e-03
5.195890675294662087e-03
4.497021635029047927e-03
4.872562183716060147e-03
4.354461173498033223e-03
4.445148443062971189e-03
5.442049028646252055e-03
5.365766339563142473e-03
4.214959749643481732e-03
4.656897982145635773e-03
5.234538284284194661e-03
5.168051797088486256e-03
5.303228006493631262e-03
4.474523268564660310e-03
5.621170687682587076e-03
4.103833873189239971e-03
4.477983732625691500e-03
4.709955892777729393e-03
4.123511224248403544e-03
4.797055408286184097e-03
3.245793898021836436e-03
4.570695362970701725e-03
5.032486353300161773e-03
6.830240976998941393e-03
3.379902804576660671e-03
4.226845111559843736e-03
4.897921085079528017e-03
5.608187706126947433e-03
4.610976725466872476e-03
4.246549090653249300e-03
4.834905949702685869e-03
4.803338620199466315e-03
4.552338720858697778e-03
6.336412346475253470e-03
4.314502770621208780e-03
4.186271908900866118e-03
5.042165490122289470e-03
3.205116018275271095e-03
4.869343216319139619e-03
4.667847268512158830e-03
4.158943067718498358e-03
4.658937294649181937e-03
4.778128798595742896e-03
4.571490464518683169e-03
5.317792058767755424e-03
4.853487886026412908e-03
4.738122185657734839e-03
5.226178088366078070e-03
5.157040770090061919e-03
3.754617986284520658e-03
4.341520756825067648e-03
4.531181221080968213e-03
4.155382958894303369e-03
3.136429942811172922e-03
4.836151420514946120e-03
5.551023638552783981e-03
5.609672638621852891e-03
4.912976121635562188e-03
4.481990501167267341e-03
4.096238807110341544e-03
4.670740628155946143e-03
4.509792504062358140e-03
3.986028245470021880e-03
2.692267852545221409e-03
5.359178617758624669e-03
4.510408871282333212e-03
4.550595094232074561e-03
3.711834396542427594e-03
3.589930374390480280e-03
4.518090920793016267e-03
4.867632997767614399e-03
4.240538578005510935e-03
3.768362759058895527e-03
6.070020638445207048e-03
4.560006931846835067e-03
4.972358521421075227e-03
4.300148165394370239e-03
5.387346020800919469e-03
5.348579937175141318e-03
3.539648772103684646e-03
4.221344402175964544e-03
5.836806915174100503e-03
5.068778506924004855e-03
3.865955332461842257e-03
3.270069376643811639e-03
4.372865677684543984e-03
4.568130863543433048e-03
4.252025133801036645e-03
0.000000000000000000e+00
