1.061039625919078973e-02
5.792713124902620046e-03
4.761280993449967802e-03
7.013922568461820710e-03
5.815133595656054970e-03
4.506962982788346138e-03
4.823017931024293874e-03
5.102175273813566898e-03
6.473764256075467162e-03
5.340395889870845798e-03
4.794651417462839939e-03
6.663897834433309131e-03
4.757585446913362159e-03
5.432224040790648890e-03
3.656200969338792902e-03
4.246986079311278368e-03
6.475321866582620794e-03
5.187912641448475318e-03
5.441755819035064105e-03
4.971240745439490551e-03
4.781244320254124033e-03
5.012440321879254972e-03
4.176706827760267964e-03
4.296930107688896015e-03
5.258534760467529698e-03
5.842824868162453320e-03
5.205373993058486255e-03
5.512617768182583554e-03
5.984388790732924658e-03
5.489075617374003860e-03
5.189732768187891622e-03
5.253233852724675974e-03
6.137669910839274774e-03
4.601947147070230455e-03
3.978051833896351086e-03
4.981877986685531029e-03
6.784775500803141846e-03
5.064288563080291718e-03
5.673137621443113954e-03
4.340606867804935876e-03
4.862378821229526756e-03
5.365741703305423708e-03
5.130250561895624908e-03
3.442331267378558393e-03
4.323473588194615830e-03
4.330327146769951362e-03
4.272152375106978879e-03
6.674629589531164836e-03
4.868605926740206084e-03
5.924693307186576496e-03
5.379909998445490775e-03
4.995931802261511026e-03
5.435989113922623517e-03
4.421097810125629475e-03
4.534995219076140040e-03
4.313088768145817431e-03
4.266760249917973119e-03
5.020862392112205620e-03
6.313995992359163791e-03
5.717452980272891977e-03
5.678251068946475744e-03
4.268373434665780584e-03
5.407939182829665098e-03
5.454048826887638625e-03
4.474416360719056344e-03
4.856756622789024612e-03
5.578700611855756837e-03
5.474743158430221864e-03
4.971754603594509547e-03
5.820364545073621401e-03
4.387180262887327431e-03
5.305351279340241727e-03
6.107604716348807514e-03
4.259028598991595679e-03
5.186845289819449513e-03
4.823353413453551619e-03
6.034507335708647231e-03
6.274476775644266882e-03
5.189609316125940938e-03
4.760045034297733998e-03
3.489106993002106822e-03
5.561977412458500580e-03
5.185841211396972905e-03
4.602647963927114852e-03
4.680397941876813725e-03
5.612381432675086351e-03
4.686899528401016098e-03
5.456500671119330660e-03
5.708254548824026435e-03
6.897260080911763944e-03
4.510896073892475822e-03
5.494735507290499262e-03
4.762286785707515666e-03
3.397868630187205873e-03
4.756013045156234562e-03
4.676799035803144017e-03
5.487067594912937475e-03
4.779413741407248679e-03
4.117504650392341675e-03
4.548659250762190562e-03
5.089577528950469873e-03
4.641234117205498069e-03
3.880654349043859228e-03
4.353606287304689904e-03
6.258576930769801580e-03
6.291835446051954016e-03
4.975998268981990033e-03
4.550312046730948037e-03
5.234678532083232062e-03
5.373354169344757292e-03
6.544024994792255363e-03
5.390039570573633594e-03
4.673305976290609114e-03
5.552803874672220322e-03
5.022685653657253148e-03
3.886133733644608554e-03
5.300361274506049797e-03
4.407658888977986772e-03
4.985838377787096994e-03
5.048090540535195465e-03
7.409730451044455046e-03
4.516216116707403271e-03
3.950497180334779090e-03
5.488649988729746472e-03
5.198342813311125805e-03
5.186933803541079503e-03
5.190746792384655708e-03
4.975662853942785895e-03
4.943311161238559542e-03
6.085002132105176570e-03
4.850029683827724973e-03
5.259213898827775659e-03
5.948786875892803777e-03
5.302314505604068841e-03
4.875093008452273217e-03
4.977618809955360220e-03
4.558294008555148838e-03
6.413267743564357061e-03
5.478842407747108040e-03
4.811805692387230611e-03
4.637992920688347245e-03
5.858282123967914305e-03
4.296918131079399336e-03
5.304342942907305271e-03
5.008729249717334443e-03
5.401183694600258760e-03
5.082864981325017212e-03
5.980658350456999166e-03
4.431930878975435563e-03
4.431871064232613573e-03
6.146202549018075709e-03
4.590594202992572329e-03
4.027584086295030869e-03
5.295878666793301520e-03
4.580458522848008737e-03
4.768876668803336515e-03
4.960984701602785298e-03
4.061855702160840388e-03
4.560958542690795453e-03
5.942972772286224045e-03
3.536856244630839571e-03
5.371141860002546023e-03
4.358621220427270210e-03
5.511390916741544348e-03
6.165344047568021256e-03
5.261789970625646053e-03
5.167040398206475954e-03
3.837793921485076112e-03
5.351211990576859069e-03
5.305202071576761193e-03
5.375507209959323220e-03
5.040380842644629107e-03
4.694933433177451466e-03
5.823439296195657110e-03
5.695618139520285464e-03
5.041610689526168990e-03
4.537979254258432162e-03
6.107501016753902508e-03
6.212969102278748448e-03
4.378112213080610424e-03
6.855084991360936922e-03
4.631734198915106807e-03
4.215895022578193541e-03
5.261373290644154321e-03
3.799464130249606466e-03
3.662021850284261082e-03
5.047433487342723075e-03
5.738152948715042993e-03
4.789237362781742155e-03
4.631461627164029822e-03
6.495172003403713520e-03
5.795878396506463914e-03
5.321171830999841396e-03
5.365735035767881661e-03
5.522805054929585608e-03
4.722341912709106769e-03
4.477523283937947553e-03
4.011630272412203442e-03
6.524887448946688033e-03
5.526001446784696916e-03
3.713165109158526444e-03
5.548774015953165245e-03
5.355649233645009243e-03
5.297312058027154463e-03
4.809848310561107461e-03
3.966296760256686829e-03
3.617110016274481966e-03
5.014297926001150783e-03
6.304114086747002361e-03
4.989260931550933316e-03
5.000382140477357441e-03
5.963415857397543277e-03
6.081232960885292992e-03
5.362155782151064795e-03
4.726856007244320361e-03
5.282224565632266146e-03
4.470952236094690932e-03
4.719665329489433625e-03
5.950665287006332710e-03
5.607274148620888798e-03
5.558085602334309969e-03
6.018711911817495146e-03
5.338383856546075751e-03
6.058480107627849109e-03
4.182811733784399383e-03
5.431560217066009472e-03
4.162767466837451018e-03
4.444140485813708775e-03
5.997001827566377473e-03
4.999928017812231562e-03
6.941625204569814959e-03
5.496637678825194370e-03
5.309941750087809019e-03
4.745683701822401949e-03
6.989211888276565532e-03
5.360701649337397921e-03
5.408163372409309673e-03
4.961453716734154015e-03
5.249317266787227598e-03
4.514066717759471388e-03
3.775399749605238154e-03
4.599773760701907424e-03
4.747228503331927391e-03
5.306917450316051346e-03
4.656803715825577790e-03
4.826200160543387720e-03
4.015761810478124354e-03
5.112031495949033964e-03
4.984488372307176868e-03
5.606857536583846613e-03
5.968751367181129690e-03
6.699652322181022697e-03
4.767239160826533886e-03
5.979449090985551087e-03
5.253519021032175031e-03
4.020799590552206343e-03
5.484308059150819897e-03
4.895081309471382459e-03
5.315931945322375368e-03
5.685299309592776323e-03
4.962351307585104350e-03
5.719788550822215920e-03
6.065441390633344657e-03
6.461494665480129254e-03
5.087605161624088497e-03
4.083922416548322991e-03
4.425246534012418353e-03
5.471280116437425046e-03
5.881674149748357741e-03
6.016234294836527233e-03
6.068222655976181212e-03
6.079174280095436984e-03
3.765891664357207212e-03
5.939049246694975276e-03
5.315276064389044298e-03
5.785719497641674328e-03
4.779019145019839689e-03
6.423626318634152038e-03
5.106098023639431445e-03
6.401298892406076697e-03
5.501853564614895761e-03
4.750670689998745880e-03
5.305647443868983376e-03
5.100371812469498174e-03
4.480603415088241226e-03
3.590134376730062544e-03
5.652072391269407671e-03
5.990195010102391387e-03
4.851231183869184754e-03
6.347817141995531175e-03
4.126561337804666996e-03
6.194277487559411884e-03
4.572345057945011865e-03
4.807126785525045291e-03
5.578425786753272476e-03
5.095610843032298033e-03
4.034807240619336585e-03
4.828703472088816118e-03
5.653823082508945518e-03
6.415851810784109314e-03
4.316710312644534038e-03
4.454141584267727084e-03
4.924267929018536979e-03
4.204823796885645039e-03
5.462300839151775639e-03
5.575759308923539104e-03
5.936768591782212029e-03
5.810301573265013939e-03
4.532103639149884060e-03
4.675397016133719767e-03
5.717832922219381539e-03
5.497482526184804645e-03
3.785251757129882988e-03
6.278441293533541280e-03
4.507295833032761399e-03
5.560821736538834777e-03
4.956686040951280639e-03
4.643344913050056338e-03
4.613399624073972853e-03
4.626272170910949305e-03
3.902345738639876032e-03
4.145300446429857691e-03
5.215333922856891548e-03
3.737673604829639881e-03
4.048817669019580748e-03
4.040798074874169324e-03
5.633066178142295995e-03
4.344074986676230155e-03
4.906781874148623095e-03
5.560243509796873422e-03
4.728352128337601733e-03
4.532179483539198160e-03
4.750199535103088663e-03
5.126905708784877322e-03
4.410390169164348471e-03
3.778986415889082524e-03
3.782039614430525182e-03
5.571427050575989033e-03
7.221273885700314581e-03
6.154235997176729298e-03
4.637206705540754779e-03
5.116176592269355144e-03
3.900829761262699768e-03
5.662265910530802325e-03
5.429816791616123850e-03
5.628458789840347885e-03
4.323652955644837446e-03
3.447523478391483626e-03
5.019926934269485636e-03
6.228534712137706424e-03
4.638121668629207814e-03
6.194994949497452559e-03
4.822897536373973483e-03
4.912531785527488905e-03
5.964054646496978231e-03
5.270714970077894010e-03
4.682582662017685700e-03
4.051457434533186838e-03
3.978463825455695775e-03
5.079509799306739133e-03
6.231130657023635673e-03
4.332661549229268640e-03
5.759778339783876502e-03
4.633506568459878905e-03
4.976883235205685312e-03
4.279740227649274191e-03
4.830409388079527633e-03
4.714636238852558739e-03
4.617350163599013776e-03
4.289526632904031370e-03
5.051915658064033525e-03
4.487400490711637886e-03
4.382373779061319100e-03
5.391292788529069950e-03
3.801864652930149035e-03
5.117930737424059885e-03
4.627673538852776318e-03
4.560279110002205677e-03
3.259159751314339923e-03
6.174531496525779289e-03
4.920669985807871877e-03
5.178810717926883578e-03
5.186538885931775943e-03
4.991909223941246726e-03
5.037769637119499620e-03
6.174538513285538453e-03
5.089480407344899524e-03
4.898938595167058249e-03
3.874624871017468778e-03
6.175356107831972419e-03
5.814874752530592786e-03
4.732349364466134634e-03
5.232965647477220289e-03
5.566231916392968063e-03
4.916720921850542374e-03
4.118527650661988129e-03
5.440919835949308697e-03
5.126495755000379934e-03
5.132779362441775017e-03
5.326220684446499043e-03
4.461985256238825207e-03
6.427963318829295510e-03
5.306914423797046317e-03
5.189617263855808398e-03
4.598242812080405306e-03
5.229232170530101649e-03
5.211074873419594029e-03
4.407154852886563390e-03
5.666834088582430387e-03
5.679844418232126747e-03
3.126773835323481184e-03
5.755150314980017438e-03
5.081596884065946174e-03
5.928295459180272890e-03
4.023599874884486137e-03
3.912300786500879680e-03
4.935501292562905450e-03
6.032565044681420172e-03
5.981237881775757805e-03
4.960448729050138082e-03
5.089942438551819069e-03
4.198260255957215158e-03
5.012209665268659714e-03
5.590205159501584684e-03
5.452697523766683943e-03
4.723131555074189074e-03
5.555230104901194912e-03
4.453697638607157991e-03
5.246439436118020480e-03
4.311212864358474582e-03
3.803189110949232229e-03
4.832999555861919143e-03
5.614396858105213418e-03
4.350015880759085934e-03
6.503865206346238007e-03
5.114529230978597830e-03
5.191085035833964932e-03
4.486224259917013721e-03
5.254142939507056194e-03
4.343243084292443788e-03
5.097902518802769484e-03
5.898395122010464085e-03
4.429936275860603227e-03
5.152412462256506821e-03
4.769561562378821749e-03
5.197113757132238582e-03
4.668176652973289598e-03
2.570857733264895594e-03
5.992707672557969281e-03
4.382920745509166771e-03
4.679919087925872578e-03
4.558477158565069944e-03
4.097984291606932006e-03
4.424720285497835484e-03
4.646173561448208207e-03
4.858217696781613922e-03
5.801572770510901242e-03
5.161535638626567508e-03
6.602418208865784566e-03
5.063343213294372279e-03
4.885320894187290472e-03
4.773527679553964814e-03
6.476536313119868327e-03
4.146743415233846916e-03
5.273360234782645088e-03
5.046012601284077109e-03
5.716157095327739114e-03
5.186724868140786884e-03
5.164333454882613465e-03
4.350519338380987033e-03
5.003656037427690710e-03
5.050123421576558497e-03
5.508940401198423806e-03
4.926093708396157150e-03
5.640595105568051680e-03
5.530720752495145442e-03
4.947241838757267425e-03
6.351778341517698434e-03
3.667826763890589137e-03
4.414890535488212239e-03
6.444107117031257215e-03
5.865530210837785474e-03
5.635870701046615146e-03
5.085075572051243713e-03
5.089734386993981403e-03
3.173508840723723943e-03
4.295816531849831581e-03
5.741540538654207014e-03
5.722224366658257289e-03
4.625405158234339661e-03
4.790385934621464725e-03
4.959993951413855032e-03
4.848903110973004117e-03
5.520647007446827931e-03
4.392431034653671885e-03
6.082616303979495112e-03
4.454019851219449995e-03
3.565800881673382352e-03
4.639198012876396757e-03
5.783799339305519503e-03
5.515325252523141028e-03
4.317563473363849810e-03
4.533631401293290036e-03
4.869226349890137633e-03
4.588909786014208105e-03
4.418560774099818296e-03
5.839505906726960051e-03
5.005471926396108315e-03
3.955492194263199833e-03
4.080882356622838984e-03
4.613046104268292771e-03
5.721269663610648384e-03
6.559162662492295723e-03
4.678071083566407926e-03
4.526459216871957063e-03
5.370558477127434019e-03
4.373870728979112506e-03
5.272255524388847446e-03
6.047760677337340844e-03
5.379281870189471342e-03
6.067420060810637360e-03
4.648024583040168828e-03
5.032564022481087959e-03
4.049392302533733924e-03
3.835359633580347032e-03
4.972774111081239810e-03
4.522225871127980891e-03
2.904116312057541689e-03
4.958648924954772025e-03
5.730917523843891311e-03
4.066188506343835878e-03
5.548786193072214462e-03
5.357323901673629631e-03
5.537730186662933630e-03
5.268728214269610167e-03
5.335956545117636132e-03
4.567591048911431514e-03
4.915665272805622328e-03
5.691524287440977159e-03
4.968129067771422970e-03
6.771938243800327065e-03
5.117747013790033966e-03
5.678081537658794843e-03
4.482722998888580106e-03
4.998555727715621282e-03
5.343712738270417484e-03
3.965160212732664509e-03
5.210707721373310231e-03
2.971955590506134091e-03
5.234612380266763856e-03
3.325872430453259958e-03
5.175765337408774237e-03
3.953980078711695316e-03
5.406697795385600504e-03
4.396662509392948795e-03
4.575115186657682624e-03
4.916596772464475705e-03
5.462299803800470949e-03
5.149225785423507812e-03
5.363107376457780517e-03
4.985007942800355647e-03
4.853217401453300238e-03
4.594407551209680335e-03
5.528839887121599073e-03
4.298359121231925400e-03
5.229658558234762111e-03
4.145107198850406932e-03
5.855682361502052326e-03
4.415814811048630710e-03
5.487225410892736591e-03
5.465790694613796054e-03
4.652616509555178477e-03
4.969466019867704344e-03
4.926052823495031055e-03
3.703578492694467161e-03
4.800895430875756417e-03
5.586181683918355068e-03
5.353219193854313017e-03
4.717196557182004417e-03
5.221562866854458779e-03
5.573401111834977439e-03
5.824041883720445199e-03
4.920794299384757473e-03
5.817834521330056408e-03
4.396791343389974162e-03
5.129164909579133659e-03
5.417448100667443187e-03
4.431668140058720416e-03
4.813014135368551445e-03
5.236651844774543874e-03
4.054415658536991880e-03
5.411639689011231089e-03
5.084224580692156721e-03
4.606287470713502606e-03
4.826348458762224659e-03
4.615620967867068575e-03
5.218758923319829005e-03
5.581617600719711476e-03
6.045186353604279673e-03
5.731471631650515014e-03
5.426734294361544586e-03
4.858062810696308492e-03
4.374285253734857236e-03
4.670363249855234884e-03
6.417646591462946269e-03
4.618072466303474108e-03
5.844290949595222148e-03
4.998702490205696181e-03
4.149917060965473484e-03
4.309506575925428282e-03
6.936737223502113629e-03
4.317790819980991263e-03
5.982995114989625093e-03
5.080896605462437675e-03
5.345191119304858532e-03
5.962489568075437889e-03
4.390133169136820925e-03
6.054998463129787796e-03
5.606631144151794609e-03
5.200808842120110964e-03
4.555674442526763505e-03
3.409547940245575160e-03
4.637490530252441102e-03
5.195115270728251598e-03
3.737256526509496156e-03
5.436163342278088617e-03
4.963014794471519789e-03
6.434891653224538571e-03
5.028505539908049646e-03
4.526954670194734479e-03
4.210409604687053928e-03
5.014007139259914377e-03
4.849750126091997848e-03
4.488424035380028307e-03
6.824353303206005458e-03
4.588941265528182802e-03
5.168353909726116149e-03
5.345788757376121643e-03
4.649734481855774884e-03
4.009202028691618430e-03
5.584972517643184073e-03
4.255524151614070369e-03
5.242554018166837790e-03
4.221086257259279613e-03
4.549682204091421919e-03
5.496868689879126288e-03
5.103543992807605539e-03
7.325243586640953208e-03
4.723809020402160684e-03
5.460192660824017899e-03
5.591232423598424366e-03
3.619022795574597905e-03
4.516726212856564393e-03
6.304031189612702146e-03
3.946612281614551507e-03
2.697026928248829301e-03
5.061936301339096424e-03
4.402868440460392004e-03
6.850806580763896259e-03
3.896580923446139183e-03
5.718953483274808770e-03
5.264212002654519718e-03
4.804292386387389903e-03
4.222197562457495092e-03
4.831112140741083971e-03
5.006533437687173474e-03
4.043955197775173961e-03
3.629019330378502588e-03
5.581047749896077097e-03
4.364838306950339503e-03
6.272044061119921680e-03
4.368746218633094876e-03
6.271764687554109985e-03
4.414176026256906929e-03
4.312538212146705893e-03
6.132460176507132862e-03
4.802058457160956334e-03
3.889472651343341830e-03
5.280169527871561921e-03
5.344007921675399640e-03
4.072776792866425466e-03
5.653597009677846855e-03
6.323796098697383183e-03
4.371711398371391777e-03
4.594552477522132958e-03
4.536445029803083673e-03
6.506533235196731990e-03
3.842438276158810766e-03
5.370791348867986342e-03
4.405745937972531216e-03
4.996988430390786329e-03
6.478479970693941555e-03
6.257368446212897492e-03
3.656855882766278567e-03
4.199795875202001240e-03
5.112198872968919464e-03
4.330749076489831886e-03
4.970758904396131370e-03
4.917721851689399459e-03
5.376782929472937074e-03
7.212670374769561757e-03
5.207591820990635847e-03
4.111112023283532320e-03
4.162724982188346738e-03
5.018737267972358390e-03
5.857171238081222697e-03
4.653700296036439484e-03
5.098487871845435761e-03
4.836000640582141172e-03
6.067456333660182534e-03
5.638272200167312141e-03
3.204227717497360167e-03
4.636602841652158642e-03
4.638652838760924484e-03
5.461964026030497778e-03
5.108519924864580487e-03
5.173333002372127246e-03
4.282754457556542729e-03
4.916544898916146503e-03
5.154145389039576329e-03
4.366901464000363595e-03
5.852844828835457140e-03
5.994120360431311016e-03
4.967679909980162421e-03
4.728449829619509395e-03
4.672013339115007810e-03
4.368049188874241484e-03
5.178357208948226528e-03
5.919273676449429526e-03
5.610221647366804565e-03
4.374999875790101106e-03
4.744825946512878749e-03
4.353689474179312131e-03
3.838511376854668745e-03
5.060021191888033724e-03
4.976520674996705133e-03
4.368162679048253477e-03
3.787015358281575761e-03
4.284535162153670605e-03
4.876295813692975954e-03
5.001552338902911198e-03
5.498936766734137394e-03
4.219064030755393692e-03
4.547906829019696638e-03
5.263405517130197685e-03
5.232762106242472462e-03
4.691989860942866186e-03
4.704278866131256231e-03
5.622556263748847323e-03
5.226488260910662487e-03
5.017256330346749407e-03
4.833991113911459414e-03
4.405421456043686831e-03
5.444782997101941385e-03
4.260768006472301708e-03
5.311886273824092779e-03
5.783818635276648593e-03
4.583833702463306105e-03
4.923779866489886442e-03
5.315219671954407414e-03
4.741958178091957091e-03
7.151763662573924762e-03
5.699790777872252440e-03
5.146296690630813679e-03
5.506451195591365901e-03
6.836797536757732371e-03
4.250213759654193797e-03
5.430109312146407484e-03
4.243083053560395626e-03
4.480288371579073739e-03
6.069987970074873507e-03
5.302494585251533478e-03
4.841045150592676767e-03
4.929908617455172268e-03
4.375691714701261843e-03
5.356964874018490044e-03
5.706524189471964305e-03
4.394152418988619968e-03
3.445940762381723491e-03
5.976237452640816884e-03
6.043439069859499538e-03
4.335988835854416752e-03
4.366071633072628189e-03
4.003111896424982157e-03
4.498499105903359420e-03
5.093206223445214884e-03
4.121398287167412321e-03
4.244240039448083507e-03
5.418797327997148909e-03
5.041712866788879664e-03
6.371847904633041147e-03
4.746506723045309552e-03
6.350503520208216311e-03
5.473730454115107065e-03
5.017358710180178094e-03
5.170463580817586009e-03
4.737210761568553391e-03
5.168129059085114878e-03
3.740658800375928298e-03
4.694611385569980901e-03
6.714432340104417064e-03
3.838890252832910608e-03
3.545374013986739292e-03
5.081495957481920248e-03
5.380550591973289401e-03
4.306720015118690147e-03
5.395818818901992366e-03
5.533697719700704162e-03
3.673753012687420647e-03
6.203519225251090570e-03
5.494526441010559245e-03
4.772233165768648665e-03
4.193678021174928293e-03
4.675415680677252016e-03
7.182055948644608737e-03
5.701588682085237739e-03
4.292212812469661971e-03
5.218440023071355995e-03
5.047587199429666438e-03
6.122002698083735435e-03
4.314553547011765362e-03
6.145024787379021157e-03
4.550860092664718234e-03
5.796629900818054890e-03
4.888006495018582843e-03
5.739980188592783313e-03
5.195655027748357843e-03
4.764445375322506546e-03
5.471453640647815433e-03
5.693947733959857718e-03
4.653622800813477650e-03
4.383958804166171452e-03
5.530097980884208370e-03
4.197785354121616463e-03
3.633708892159599919e-03
4.887883953879842286e-03
4.408535619375069346e-03
4.012116588995480460e-03
4.550173280306483124e-03
5.526850693056190381e-03
4.767736666273910025e-03
4.007333498619507738e-03
5.315536285310481883e-03
5.961894088561400101e-03
4.844517786067133701e-03
4.062225404704726366e-03
5.047905526361426767e-03
4.739159408383732813e-03
2.992893908391034644e-03
4.108645745348455877e-03
4.322873694535427948e-03
4.350159838649912680e-03
3.490358634697818437e-03
4.232241576552384262e-03
4.222659024628154685e-03
4.717960636764430456e-03
5.485892097949427240e-03
4.808654655708161259e-03
4.380258969702729294e-03
3.787314232803914993e-03
4.858446436022461831e-03
5.047227786111287660e-03
4.766538447055599856e-03
5.078105517973996452e-03
4.075927554266337710e-03
4.621374867909836155e-03
5.463771393470596462e-03
3.885761583249075501e-03
3.863968821371305349e-03
4.717963255709737604e-03
3.272110452654936486e-03
5.007198126965006248e-03
5.923398082447666607e-03
6.278565415870798576e-03
5.750973922319305501e-03
6.148287477042424336e-03
4.863622807494370585e-03
5.479763465070649868e-03
5.665017018595957729e-03
5.072324947365727116e-03
5.391246053273782667e-03
4.021498715042071646e-03
4.376081605786894153e-03
6.283018277491070509e-03
6.109616291794684774e-03
5.687140847270698296e-03
4.267788469613413051e-03
5.187240386955539739e-03
5.698723733851448515e-03
4.690527960498859159e-03
4.441222744145924446e-03
4.591817358612596857e-03
3.785489100754148035e-03
6.638721152435983312e-03
4.922119894303672756e-03
5.241132609175726265e-03
4.736187116657525863e-03
5.666709767347045089e-03
5.002003191834938217e-03
5.634201936177323303e-03
4.057936004821928282e-03
4.777391560056871295e-03
5.452532275470527851e-03
5.048677120733218240e-03
4.001301197921802721e-03
5.259869333726734097e-03
5.421287693646162538e-03
4.365834236713495020e-03
6.420986416076884806e-03
4.275053836090477247e-03
5.881983949715682315e-03
5.303108374343118089e-03
5.586562790410895367e-03
4.869240463875330882e-03
5.127062596430110968e-03
5.099644870764329097e-03
4.671830618472927465e-03
4.336121526858330473e-03
4.886949813456387126e-03
6.076942835046151258e-03
5.546250698304017873e-03
5.201715098722076505e-03
4.821129723847306266e-03
4.379613376568931501e-03
4.237807648669015756e-03
5.665722045850262595e-03
5.339135644249118524e-03
4.421172419953533876e-03
4.087452057953384378e-03
4.270247911255012872e-03
5.101458913525206557e-03
6.138228151978581543e-03
5.533476076547749756e-03
4.801443596458948061e-03
4.264906418741999140e-03
4.040172879792556376e-03
5.323735034603106417e-03
4.314612868753914081e-03
4.566912724809191193e-03
5.939629821132298530e-03
3.229238280513935157e-03
4.976227991474340730e-03
4.606237271602769794e-03
5.007731264540145506e-03
4.071151735058225508e-03
6.569045312384528754e-03
5.328107045330108052e-03
6.097155139475019144e-03
5.840436091445268957e-03
6.344010943246633331e-03
4.642956778482972696e-03
4.840794450856373762e-03
5.827122643271925861e-03
4.733294817100068032e-03
3.794542791056899813e-03
5.804288526908752202e-03
5.730569246998723151e-03
4.776336051112163930e-03
6.869885504589696469e-03
4.395779271023482135e-03
5.253572360484987970e-03
3.906427864441620358e-03
6.607822106310938526e-03
5.248018554022288243e-03
5.721158502308137418e-03
3.928840428763461651e-03
4.483014425423877125e-03
4.914041805852972095e-03
4.180582935033714913e-03
5.450454152632401052e-03
5.456415998601560000e-03
5.414910419077678151e-03
5.440562426064657862e-03
5.259340893973748696e-03
5.229357278159629460e-03
7.018974932175214496e-03
4.880666490434865112e-03
4.829462294339842941e-03
5.300146514691488585e-03
4.031669071310847730e-03
5.301730700852306036e-03
4.995238047368636726e-03
3.726133674517206375e-03
5.974629694650656839e-03
4.586488818266394422e-03
4.002887261483085296e-03
4.382060246068177241e-03
5.754767616330183112e-03
5.591721847995304202e-03
5.761398386931089639e-03
5.498149634159801846e-03
4.464103666769234091e-03
4.876121221496882222e-03
6.004547631654539273e-03
4.871587172585873683e-03
3.671713506307462595e-03
4.701002769935846114e-03
4.417871654763896178e-03
6.217934523656615080e-03
4.893957525084631152e-03
4.700898730084251964e-03
5.355469075846978726e-03
5.636145719226569317e-03
4.806932162935819222e-03
5.321140811993647045e-03
4.208307492422460987e-03
6.189841555927556339e-03
4.255324588585135057e-03
5.265281295387180122e-03
5.719764102116099876e-03
5.173464192466640729e-03
4.435495651151121974e-03
4.065008553292533480e-03
5.229896948373566681e-03
5.196430966735379395e-03
5.718240280246917988e-03
5.096453161551990456e-03
3.963110530070432583e-03
4.826048434043770860e-03
3.964285346436322889e-03
5.749255893310652871e-03
4.272436924518488791e-03
4.367602995196338475e-03
4.906678174428905602e-03
5.127728969993675459e-03
3.737304104195512348e-03
4.632499491425079441e-03
6.104723596994974556e-03
5.055747179911111375e-03
5.632395093018473242e-03
4.494116662522189276e-03
5.053943539365533984e-03
5.088137878687803463e-03
5.259430483718193806e-03
4.904399240059913179e-03
4.114489625048301999e-03
5.595384166272535792e-03
5.585605852568282896e-03
5.789097663401691213e-03
6.065222691025881803e-03
4.600064164636636851e-03
3.715556060183117671e-03
5.224940796628927721e-03
4.876633352144618162e-03
5.819668699489011048e-03
4.379126932936024987e-03
4.164530988747277250e-03
5.989466588215148178e-03
5.967566408589560292e-03
5.705206861812510237e-03
5.824202336316966142e-03
5.140827005060910615e-03
5.475209333688033780e-03
4.127758295961264645e-03
4.502240450140851911e-03
4.519660982324757992e-03
4.270411888712508965e-03
5.560047610964569120e-03
5.082905780051940985e-03
5.014434894510591371e-03
4.640599229942622694e-03
5.114210549419921127e-03
6.954887913879131967e-03
5.139666666911285077e-03
4.437479414951096303e-03
4.793501430098320165e-03
5.521250424639471271e-03
4.630702681937502556e-03
5.086776945204286686e-03
4.370286627531006461e-03
3.946789721321440972e-03
4.882938728375849947e-03
4.248137627218324074e-03
4.701496071591764955e-03
5.444539518935819639e-03
5.128159341371171104e-03
4.703462177629010726e-03
5.554466007920802126e-03
4.974043964499220982e-03
5.611291795788815942e-03
4.355096957113007913e-03
6.103321563195308191e-03
4.951353591304902095e-03
5.586312121694454388e-03
4.653585077451179164e-03
5.608480711862907052e-03
6.437876508851623526e-03
5.542808317999467667e-03
3.835835833543482180e-03
4.329118070628809080e-03
4.923280914773301743e-03
5.375921007489921528e-03
5.718382062351748917e-03
4.194518482586043553e-03
4.596513659720062421e-03
4.393343143811606795e-03
4.322796709205780318e-03
4.858799433464806167e-03
4.671413082317213937e-03
4.620588295367191768e-03
4.658795010785028549e-03
5.267052279640975672e-03
4.550795864990533901e-03
4.938983863670770406e-03
5.068339307313839137e-03
5.959283103611399089e-03
6.023466566441036327e-03
5.175975221952510384e-03
3.459344947019502795e-03
4.378265897180363096e-03
5.904850092761527308e-03
6.007355551546768140e-03
5.484998640247722504e-03
5.033113244756462143e-03
5.408361242471859849e-03
4.150977469681122259e-03
3.643992895364009041e-03
6.348272967033157833e-03
4.126520542855278799e-03
5.030976267403727137e-03
4.867516976589917992e-03
4.950152822308954634e-03
5.558259292699240135e-03
5.242181964712390105e-03
5.507075114755585407e-03
5.366031598715786423e-03
5.205048476310148754e-03
3.924924400166885513e-03
3.820199660927931559e-03
3.770113214373781597e-03
4.222897147009337625e-03
5.451636334655666181e-03
5.118089260827697259e-03
3.604593675473992398e-03
6.222737926598847016e-03
5.761405473912220923e-03
4.670827087437206572e-03
4.116906823708871115e-03
5.755437482486431416e-03
5.946409528250400610e-03
6.134774360885676334e-03
4.536522269733023541e-03
4.644425637448382042e-03
5.479818653011140836e-03
4.035218587616371498e-03
5.941970879756021916e-03
4.125219149795842678e-03
6.065263390367044670e-03
4.661092660510078416e-03
4.384302573513066542e-03
5.316534420342329016e-03
6.341689648819034270e-03
4.814355402368035788e-03
4.790407517112583655e-03
4.770088537756962677e-03
5.779418033104280310e-03
4.740719904753389405e-03
5.594009124159139180e-03
4.146969791529487269e-03
4.494693137552118259e-03
5.470065303088227776e-03
3.779289269560127604e-03
3.812834873692636656e-03
4.926645999733588778e-03
4.870692010621768472e-03
5.157466805875702415e-03
4.914509951323696967e-03
5.502356859476880205e-03
5.485687185124088310e-03
5.673602609084815382e-03
5.218662443432054744e-03
5.235422700330971159e-03
4.071321026842300225e-03
6.155345253773719487e-03
4.560108457726452444e-03
6.149626407483537414e-03
4.887058570494149864e-03
4.543512196604470969e-03
4.181489372703752448e-03
5.594050086803512012e-03
3.998929486313194601e-03
4.848344139296296811e-03
5.904777905169550367e-03
4.855741811251595638e-03
3.375201069563424448e-03
5.721593207851522096e-03
4.593573749545900274e-03
5.603509934599142442e-03
5.441128670864948599e-03
6.029384614198127733e-03
6.005718194243688142e-03
5.892894534498232216e-03
5.047636048972541610e-03
3.895926860234202524e-03
6.073470632602090587e-03
5.377699472389271471e-03
5.758902140121066431e-03
5.906080800676789810e-03
3.502795829166537034e-03
4.233479744542270780e-03
4.454210074526237725e-03
6.522213248868296426e-03
4.504744946444775612e-03
5.605794951638654045e-03
4.494703335339435973e-03
6.028240978299880155e-03
5.359144572443087437e-03
4.732884181848777926e-03
5.814419015746057594e-03
4.550977937704455203e-03
4.767561287145285001e-03
5.034869272383307726e-03
4.859648262725137918e-03
5.318690373621924247e-03
4.539789722687715898e-03
4.385574765644048752e-03
6.385151034873797794e-03
3.937911290275559334e-03
4.653687075573230067e-03
5.442792592779682227e-03
5.171928036104792882e-03
4.714488981808511413e-03
5.826762079136608811e-03
4.874671356408246357e-03
6.624437538708251999e-03
4.804092473209065940e-03
5.163547188269990845e-03
5.171209424921037121e-03
3.568745926609016416e-03
4.244832946522562184e-03
4.374703334082039562e-03
3.576836954286185134e-03
4.615095211021661564e-03
4.296257847509703416e-03
6.624642594319139939e-03
6.019630960747021642e-03
4.551086302668010640e-03
4.203626844142696085e-03
4.721821464010122170e-03
4.692646465332660395e-03
6.141761700489230778e-03
3.660943752813838881e-03
5.041138129824780829e-03
5.565808189763729250e-03
5.330642222552106103e-03
5.590236355274015231e-03
5.276389162712441863e-03
3.621058166396670230e-03
4.502044851442914622e-03
5.018282587998531587e-03
4.326839608685589637e-03
4.234156613097934604e-03
4.504673816584875076e-03
5.982292337232573629e-03
4.775809567840579029e-03
4.892383947074916903e-03
5.969024937233642115e-03
4.448429255278434948e-03
5.310309653090404709e-03
5.687247830922661715e-03
4.088237396763589639e-03
6.878580755655346046e-03
5.491342182492591970e-03
5.701082574058002200e-03
6.412368438607454063e-03
4.131362468359356041e-03
4.792482891245644812e-03
4.078266310374772420e-03
4.459167201938988093e-03
5.156475171990738265e-03
5.347378890443427180e-03
5.026333091648294005e-03
5.501075608318916309e-03
4.525448398692700006e-03
5.198734566914084247e-03
5.494460446473776842e-03
5.791212739645034031e-03
5.885639654028956662e-03
5.572600067468816594e-03
4.651641420271200415e-03
5.388849005659738546e-03
4.301086521409447708e-03
3.558973860052245131e-03
5.807480130528135456e-03
5.444481086400986339e-03
4.813707354005359283e-03
5.625772298162548708e-03
5.484851645477217472e-03
4.902418094835597241e-03
4.868254607733231605e-03
3.957386475587507113e-03
5.664630469983961830e-03
4.361303544909136444e-03
5.299140716212040990e-03
4.796421807582647821e-03
4.753064794359320062e-03
4.912154592167943326e-03
5.023213417387827756e-03
5.358167454272999043e-03
4.529924524976953679e-03
5.837790787456744596e-03
5.494321462499758037e-03
5.476689793379197271e-03
5.492774488963223824e-03
5.739788626666567604e-03
5.099830416134236086e-03
4.268541360621744968e-03
4.003000956132111467e-03
4.181598302231892203e-03
4.618507615220013816e-03
5.661158283509834868e-03
4.867503646619989778e-03
4.558598512782331864e-03
5.327081842930981963e-03
3.987286032882590356e-03
5.697366497950708160e-03
5.805967002772125830e-03
6.399476152215457549e-03
3.592937855738959334e-03
4.582139843210494314e-03
4.872542385884985963e-03
5.257499788746074210e-03
5.114158893762194187e-03
5.889975095699227607e-03
5.003248813729967159e-03
5.468858099302638213e-03
5.205531176277026183e-03
4.243163676844071558e-03
4.224201783419351437e-03
5.070532638948417603e-03
5.632618821706636587e-03
4.711605170998248333e-03
5.096003677546334133e-03
4.762240069574897976e-03
5.572930143589437460e-03
5.074611277220400854e-03
5.409348567980238817e-03
5.504426770693572959e-03
5.202271433730513810e-03
3.623466133836566495e-03
4.059078086000795713e-03
4.699564458742353824e-03
4.592422231586314012e-03
4.782574603559129264e-03
4.370221055440233655e-03
4.574439486646287960e-03
4.177835387524689824e-03
4.988326260417726837e-03
4.062009349371513596e-03
4.724002826766992257e-03
5.465481559835362428e-03
4.492033266557916675e-03
4.448019113558195937e-03
4.331717543649738628e-03
5.358952833739877644e-03
4.207223380457931171e-03
5.061689193384181357e-03
5.200540390016818344e-03
6.013992522877149687e-03
5.175184858717147944e-03
4.895635248655097992e-03
5.495501043417467396e-03
4.831720064772901738e-03
5.286230048334970844e-03
4.752308431687168877e-03
3.937523651015515866e-03
4.976789323269696294e-03
5.404194166683143168e-03
5.484738720085613820e-03
4.227124956547953331e-03
5.566868663787619478e-03
4.894403641324404468e-03
4.548525969491253214e-03
5.343066747450769295e-03
4.866418410202960967e-03
3.961133483254016159e-03
4.749066100465072597e-03
5.022893201296877233e-03
5.186483102881716580e-03
5.528578396609893503e-03
4.701896119779359721e-03
5.381860877805267306e-03
6.032790783433739437e-03
4.611181867025893576e-03
2.923582632435502496e-03
4.478034257231880422e-03
3.740138619268466424e-03
4.763455302929086969e-03
4.193571967342070266e-03
3.872516906153885760e-03
4.909720615959299421e-03
5.580741092419612935e-03
4.655350413491040826e-03
5.400629929124491427e-03
3.516698211868523553e-03
4.676465901265549480e-03
4.366623082382585161e-03
5.734333582609305729e-03
4.158853018458550342e-03
4.182731408081604395e-03
3.965773406947532657e-03
7.256345080734048769e-03
4.174975872855024410e-03
5.702053776789417841e-03
4.015442430638957796e-03
5.567355394538214992e-03
5.137817683564921932e-03
5.245311494789276288e-03
5.914336410553187873e-03
4.125893367451955417e-03
6.599389537371656497e-03
4.625731303396690697e-03
5.677428797023984126e-03
4.925210758730163077e-03
4.404688477629459774e-03
5.986835731491083230e-03
4.580176059935956411e-03
4.587619013433153273e-03
5.120210057703808784e-03
5.294708240481662762e-03
4.724504926975084396e-03
4.717643112651573496e-03
4.995344220421236471e-03
5.802667007383797634e-03
4.833941393473648214e-03
4.754560251336651701e-03
4.993734372763056206e-03
4.750785684548249239e-03
5.559149614750586582e-03
4.811614407212965253e-03
5.211942974454240179e-03
5.289030270049193197e-03
5.195500973673467839e-03
4.973673819277539543e-03
3.307073138288155016e-03
4.676892337707405645e-03
5.971587373471388786e-03
5.325978435950411496e-03
5.628802855869602211e-03
5.441905700906623893e-03
5.897819464860510653e-03
3.968601016391861379e-03
4.455183884071120710e-03
4.886743821862604698e-03
5.797527731003284182e-03
4.754165822661319575e-03
5.714858271227730990e-03
3.894667505363570963e-03
6.591711748001345857e-03
5.521422073595752544e-03
4.891510637796865624e-03
6.521680107966040807e-03
4.889517598547455865e-03
5.014485583468055070e-03
5.831568137130836715e-03
5.832340255171342483e-03
4.336333046274015376e-03
5.847245179348875208e-03
7.440296437933305827e-03
5.376962592531937465e-03
4.975098214157624640e-03
4.145768929546191084e-03
4.174833950310578683e-03
4.467181810863505437e-03
4.345776957877620951e-03
3.075555715880033854e-03
5.251932063224940862e-03
4.093387671255589721e-03
5.377076187409045478e-03
4.854242904337323708e-03
4.554557912085531110e-03
5.423860640741684502e-03
4.641709981100067446e-03
3.467697179125692631e-03
5.815528752590549272e-03
5.139581000029333144e-03
4.406292112285912360e-03
4.896473544658955235e-03
6.382359252509137507e-03
4.430683846038901627e-03
6.403696944145173889e-03
5.648399595182309815e-03
6.259262240336626280e-03
4.126125487300003752e-03
6.022530012032013304e-03
4.615079914153471900e-03
5.206384288799313989e-03
4.731564833237104917e-03
4.390623344199730098e-03
5.421895816082837952e-03
4.117945985709040024e-03
4.760698166275735208e-03
5.784296675286567518e-03
5.270746466547297955e-03
5.271082091824612868e-03
5.135241989722715700e-03
6.441893889246567625e-03
4.116086446319150612e-03
5.462137072182184430e-03
4.659697332214486794e-03
6.689151870391848824e-03
6.080318465850959725e-03
4.361566057102347037e-03
4.626772956110665816e-03
4.168632998873377481e-03
4.217435714705873757e-03
4.947389703695736184e-03
5.357134637905731217e-03
4.796440018270832668e-03
3.979217734707276959e-03
5.506189514082898522e-03
3.599466303278911483e-03
3.700523201659142343e-03
5.622657785523066387e-03
4.718604557276291460e-03
4.990273637948856866e-03
4.824813446963062760e-03
5.132797343211681872e-03
6.579372796447943185e-03
6.110877396782027175e-03
3.698325800941368053e-03
6.135038569368519122e-03
5.806016448022506896e-03
6.242474420402332330e-03
4.871513441477893364e-03
5.352654000357970690e-03
5.148563465025757582e-03
5.112123292241526652e-03
4.826147718290029268e-03
5.158918294260429575e-03
5.657688720822531998e-03
5.828078649525434730e-03
5.639360470530509033e-03
4.086429707931673282e-03
4.941012640735043850e-03
6.578954029655970960e-03
3.716783020124315388e-03
5.075053683515285546e-03
4.471009770035583655e-03
4.706765377151415908e-03
4.093707293195065697e-03
5.247826741399939411e-03
5.442542342759965242e-03
5.057235780986268914e-03
4.990616481560109299e-03
4.429253213940467955e-03
5.074181823514658032e-03
4.766968611795012987e-03
6.080353166954982104e-03
3.786144299601347605e-03
5.703591987676109344e-03
5.641480922317049923e-03
3.690771834972929148e-03
6.900375591644299783e-03
4.627574893363185261e-03
4.762837834434095405e-03
5.970889573810821832e-03
4.116159820954800111e-03
5.534746664104678478e-03
4.779553487498407714e-03
5.789875690243939145e-03
4.351488792400172098e-03
4.818800057598269723e-03
3.863371069246481805e-03
5.858723872149260506e-03
5.542205756626815590e-03
6.290827456328433945e-03
5.106635840254167454e-03
3.322595723347567843e-03
4.535748021458607497e-03
4.198776529508230215e-03
4.632097353193981824e-03
4.250203722546920006e-03
5.714548161756937555e-03
5.348768810050524326e-03
5.557549522079644443e-03
5.472052949109795783e-03
5.322378702618129481e-03
5.960345004956389171e-03
5.819111758379834701e-03
6.284116214402527163e-03
4.743091142395790098e-03
6.906453176091943008e-03
5.628872389427263048e-03
5.845376510461197835e-03
4.697849060384448779e-03
4.124903473142226863e-03
4.604867939511745646e-03
5.520461081664874460e-03
5.038573716670553815e-03
4.688894917106179935e-03
4.097297829903712336e-03
5.293640950293683652e-03
4.220149760512190845e-03
4.085965082366510744e-03
4.719805514186074455e-03
5.698311416330447722e-03
6.108023452017111860e-03
4.912333742040592664e-03
4.732269312557315852e-03
4.659043589732147529e-03
4.066285761073243701e-03
6.743629951814549169e-03
5.045831182991946870e-03
2.803226254857337733e-03
5.567414207148055350e-03
6.700251758303490263e-03
4.238472171999690605e-03
7.028335714586554130e-03
5.197275838393251857e-03
5.304414095936781440e-03
5.283587357827039012e-03
4.514793257729974099e-03
5.191159419842127087e-03
4.936273932297217427e-03
3.927887594335245647e-03
5.396648723890237233e-03
5.368327579750796844e-03
5.215546875482608875e-03
4.682137246346722813e-03
4.466087141967404507e-03
4.915053595645483414e-03
4.482749233376036660e-03
4.796019391020089895e-03
5.633545631468923377e-03
3.800631943071740119e-03
3.862341280929534014e-03
5.816429490829782764e-03
5.249783842763503135e-03
4.334421708564669372e-03
5.929706400082937132e-03
4.850218115094041826e-03
4.945799590132154804e-03
5.906177719603670356e-03
4.810081645587373396e-03
4.303592063135709515e-03
6.890508022194922165e-03
3.510253102213556700e-03
6.493566278488100731e-03
5.040933111805606485e-03
6.247829244266062121e-03
6.438237607678555345e-03
7.011185584534066623e-03
4.747412103214213551e-03
4.261315076702745612e-03
5.078144286654357950e-03
4.519648783037152721e-03
5.696826190583957790e-03
4.550085408029411194e-03
5.022097843582494330e-03
4.793135544339848821e-03
5.786416265324393488e-03
3.790766801491116632e-03
4.813371936268587281e-03
3.911141201793278191e-03
5.281319852486693681e-03
4.693592699667556434e-03
5.784535442269083706e-03
5.571280886006451001e-03
5.117019985117887866e-03
4.727528474893259204e-03
5.690610440970034385e-03
3.933469325210256495e-03
3.691696374029707767e-03
5.078067278924159288e-03
4.051906677538917416e-03
4.708410842680427720e-03
5.286996861673018064e-03
4.365123252126071156e-03
4.882945173352738928e-03
4.909405796186169443e-03
4.950501674344871990e-03
6.304814830070013323e-03
5.534174953565469852e-03
4.393554629391747957e-03
5.529847758182451778e-03
4.113638366363152679e-03
4.117646297506043218e-03
4.644092485068885071e-03
6.983089482618290433e-03
4.195944735899453416e-03
5.969139104288455518e-03
4.742864101663046318e-03
5.163881451337864158e-03
6.188815195876311986e-03
4.648334872347906210e-03
4.787236056898660531e-03
4.475938821887947942e-03
4.788015158276196469e-03
4.516991190097030713e-03
6.678720061105182515e-03
4.730851849323997743e-03
5.326967227156039798e-03
5.708109111332242309e-03
5.198808692382270516e-03
5.376653098217627942e-03
6.473087760601957050e-03
4.752323299196772530e-03
4.644635077234154225e-03
3.944345275925237662e-03
4.935843690460726442e-03
4.864868374351819999e-03
5.205664428955490523e-03
4.653231235683474333e-03
4.534245006918028766e-03
5.622998604063639098e-03
4.184787577100573634e-03
4.953050585667656373e-03
6.279251381028856487e-03
5.873055897616850062e-03
4.797126770345634152e-03
4.238722791130078438e-03
5.557498344659614342e-03
5.337641260447156637e-03
4.563117006048357342e-03
3.929885271215518075e-03
7.123398363383662973e-03
5.540558041033276718e-03
5.708328792852159286e-03
3.950268875339238428e-03
4.715061476761359983e-03
5.344882417064189192e-03
4.954746444176227373e-03
4.819888712247811548e-03
5.729913574855095490e-03
5.526736678773549495e-03
5.046469950080539890e-03
5.748122847118154743e-03
6.813320885011147146e-03
6.017114178658234530e-03
6.209173077895715175e-03
3.638129401192699217e-03
4.187824685729205770e-03
4.183364357454131578e-03
4.285122555765519259e-03
5.705167340417129952e-03
5.285433672849402902e-03
4.487706878038956806e-03
4.852840801482061033e-03
3.763436858792875133e-03
6.282312031482624633e-03
4.165622954939381811e-03
4.978984251868582948e-03
6.636082496900013068e-03
4.055633835266162120e-03
3.882422927069827546e-03
5.830218236164193962e-03
4.472395510918315137e-03
3.954248046959384782e-03
4.499117199055902364e-03
5.963559224213241076e-03
4.466327139307339072e-03
5.487717487479668206e-03
4.121437470489479338e-03
5.548448382525422024e-03
4.480588912082175169e-03
5.321364909402066974e-03
4.686519660146351747e-03
4.420089900890749463e-03
5.526654189601155724e-03
4.671262419752029819e-03
6.213214584010830037e-03
4.914130990991570115e-03
3.361591909723330232e-03
5.264765789429296482e-03
4.412840697417348169e-03
5.644459929261849002e-03
4.931309311915003414e-03
4.249695463157316701e-03
4.956140584689429189e-03
5.940350809533924761e-03
5.382773863307337495e-03
4.058911962950869333e-03
4.672587501560844687e-03
5.856775465365572295e-03
5.224232595325960064e-03
5.164735784994201745e-03
5.217655406902422209e-03
4.779560594224779163e-03
4.599773122640768777e-03
5.591507553684905985e-03
4.680748723555712941e-03
5.788264221818711398e-03
5.412615987241104799e-03
4.584786544344552489e-03
3.238617773403131093e-03
5.435260966959665034e-03
5.127011504274588995e-03
5.269601929067235097e-03
5.487840755297754801e-03
5.592620447314788912e-03
4.771547345788293946e-03
4.068826812491022592e-03
6.306778595638022275e-03
3.893160712714008580e-03
4.019823428355138312e-03
3.908196316152039509e-03
4.349028358184393178e-03
5.690704910743157527e-03
4.703209294987424106e-03
5.689291355431082969e-03
5.640422738509908579e-03
4.797944216853668870e-03
5.177465816764890982e-03
3.679855966036629268e-03
5.100279672541211187e-03
5.180630799713321910e-03
4.544577505122621847e-03
5.317884632691063755e-03
3.618437186768768375e-03
4.448302102839588740e-03
3.772544320625834113e-03
4.944262540156282165e-03
5.246197703051317003e-03
4.110147730787815437e-03
3.808310392685866543e-03
5.969431126778215399e-03
4.488248332286857122e-03
5.232213423510673027e-03
4.824728547434797496e-03
4.955229376001463702e-03
5.169505835604861800e-03
4.531028228322904298e-03
6.891258276478223928e-03
4.995388772250312220e-03
5.322591795418681222e-03
4.285015933024012742e-03
3.614572937482784902e-03
5.500717508106775858e-03
5.800053986569675239e-03
4.719379680825050091e-03
4.940200265675151643e-03
5.743347745028315292e-03
5.371741632742665744e-03
4.146094244828869325e-03
5.477721542580039557e-03
4.455174812235896710e-03
4.192137226006713638e-03
4.972005020364486834e-03
3.765853897595778516e-03
5.288386180679124395e-03
6.944598203733561882e-03
4.845632116471554514e-03
4.161235991844734923e-03
5.393252432137900405e-03
4.877355351282962673e-03
5.064213316908797516e-03
5.570234051960412831e-03
4.440760621934367915e-03
5.537199034176779056e-03
5.439053518573872328e-03
5.250674111211318246e-03
6.276104759519261084e-03
5.388163468657930673e-03
4.373716180477695871e-03
5.057152771617814437e-03
4.886947033917361100e-03
5.429886825288200713e-03
3.734921103174891795e-03
4.410709355834310438e-03
4.700425081920566947e-03
5.976616818673835020e-03
4.681242200108435420e-03
5.500446390083856690e-03
4.433101388690767128e-03
4.292192950744527606e-03
5.018020805050603210e-03
6.109868126967295254e-03
5.166104547789577943e-03
5.154112124869998646e-03
5.295100538642162624e-03
5.681099011939196378e-03
5.120001977094052262e-03
4.831279666557446346e-03
5.729691429381624304e-03
4.911980637482334967e-03
4.554262204412544077e-03
5.542044467013820287e-03
4.437194378313376493e-03
2.837112284186817015e-03
5.840181046808537793e-03
5.255018823627075585e-03
4.946256602752064843e-03
4.812056653803151694e-03
5.423261531990859752e-03
5.382919974643973933e-03
4.594354829606109650e-03
3.528084280875492043e-03
7.421354755344899273e-03
4.368371150809171807e-03
4.841491006355413441e-03
5.458943711662304563e-03
4.799890414261031094e-03
5.856499878543159482e-03
4.324100131249866870e-03
4.928055290919633631e-03
4.252388203531644838e-03
4.160626956764654216e-03
4.626813846913243114e-03
5.430484866855650808e-03
4.283782720989485863e-03
6.249959302967142069e-03
4.789643956127617730e-03
5.367638076068306265e-03
4.068019376749191715e-03
6.079333750074606725e-03
4.108335385153069445e-03
6.493146347795218827e-03
6.574772885852193244e-03
3.998639863715013586e-03
5.334843481698442989e-03
5.180823534149787968e-03
6.732593699496195599e-03
3.652257521235858194e-03
4.786222358029693265e-03
3.805591872152058134e-03
4.600303211150437444e-03
4.406072667890876746e-03
6.042373967972917287e-03
5.158560095792746533e-03
4.301594566549037449e-03
5.211897499578150607e-03
5.397186064565955878e-03
6.044399682161747007e-03
4.460469241811243664e-03
6.283724768094161271e-03
2.862333856867110143e-03
5.351982561520853172e-03
4.483470570285081995e-03
4.511818705982498061e-03
5.666490473553552863e-03
3.907950060277235772e-03
4.056857311034416623e-03
4.098618543274085493e-03
5.584369634136400994e-03
4.101098363494515807e-03
4.770414730871075197e-03
5.035733559338859654e-03
4.857554804661496327e-03
6.202076493765975099e-03
5.517363711176821381e-03
5.404654427866196521e-03
4.025543492827130150e-03
4.951462076573066688e-03
4.632794070198916099e-03
5.418218023615391579e-03
3.557173141288675917e-03
3.482397464121390548e-03
5.403726585670099412e-03
5.533460380825275422e-03
5.290208199916166323e-03
5.089179851110128654e-03
5.661593223426159872e-03
4.218329785303708175e-03
4.807814157926923807e-03
4.617496451744966535e-03
4.703359242717783210e-03
5.084445887273125568e-03
4.874977613489743337e-03
3.783155157836907458e-03
5.193719060937211293e-03
5.156610940669383372e-03
6.858717353909228598e-03
5.492796015557365602e-03
5.315972282601182444e-03
4.357868184657967721e-03
5.262062794040441548e-03
5.277638313491973127e-03
5.946139575771414512e-03
5.396266526640102444e-03
4.091531579834186555e-03
4.459476041613239308e-03
5.518928031345402170e-03
5.478374087119535808e-03
6.791733253281335460e-03
4.915782279554283853e-03
4.991993463824749566e-03
4.613035600248832115e-03
5.000096696767403204e-03
3.869654903051097591e-03
3.913427726737825872e-03
5.356451280962276802e-03
4.958345022903275917e-03
6.044267155339761756e-03
4.908335195157728301e-03
6.165966813090819655e-03
5.101694362817293070e-03
6.163884056910566220e-03
5.263193416815542362e-03
4.640518177891732321e-03
4.712324878841336884e-03
5.413797299458724885e-03
5.710627386542500503e-03
5.173413453022945516e-03
4.921432237308368159e-03
6.790070670127595388e-03
6.480310692529407494e-03
3.823856358867365555e-03
4.460911536707001454e-03
4.628122264500958601e-03
5.811843462238900498e-03
4.624419507580517820e-03
4.482352713572481696e-03
5.403463905205854560e-03
5.144215143464403277e-03
6.688006059186500998e-03
5.521967980204366480e-03
5.019345392181948085e-03
5.170021874783845527e-03
6.462195793038231009e-03
4.156640746950625125e-03
5.177127308390961323e-03
4.893513241051486440e-03
4.908278831031632691e-03
4.989894415718161211e-03
4.970384155712703582e-03
3.210779643252076147e-03
5.511462423798699217e-03
3.604836246427925526e-03
6.137270578422960796e-03
5.015022972315198030e-03
4.977364806767303751e-03
4.000429803997482964e-03
4.742092549991870458e-03
6.045262607564872576e-03
4.332581374917172240e-03
4.670447774867741465e-03
4.755940221664858511e-03
5.245697407319498996e-03
5.620949314541876136e-03
6.308692573419218651e-03
5.163737938819770897e-03
5.910005194512664949e-03
4.607564473888486369e-03
4.613009253274231829e-03
4.175905350696125506e-03
4.773872095652792295e-03
5.156652661736141861e-03
4.480615948503846070e-03
4.245713027795821118e-03
4.400241480226680518e-03
4.764121287901056795e-03
4.619870644191169037e-03
4.518385788408353122e-03
4.027740907083996597e-03
3.667616780951786590e-03
5.018307497942642477e-03
5.952569915851320566e-03
4.560961971895294807e-03
5.869983535849089551e-03
4.626981580390396830e-03
5.082054796172776057e-03
4.396441906613340021e-03
5.524218825990345576e-03
3.918483944464750714e-03
4.784666723402998013e-03
4.248707440277338029e-03
5.256702777757275499e-03
4.391872911559157808e-03
5.078923070881639912e-03
6.890694007523370974e-03
4.254596672236509759e-03
4.786019621407646557e-03
4.410246728861535841e-03
5.490999642418055264e-03
5.905010169879309004e-03
4.464615527840145627e-03
5.154273390000050498e-03
4.567522699885862014e-03
6.324488432431127002e-03
4.871208968487845611e-03
6.863169766001472015e-03
5.755297247974411334e-03
5.428405447218720252e-03
5.746773565243184882e-03
5.266498363268741142e-03
4.039003363772858402e-03
4.932334048541351518e-03
5.591927301194479956e-03
5.785500125137068954e-03
4.850004198995279230e-03
3.814942658896962584e-03
5.116479212297527814e-03
5.483352257087992752e-03
4.232207771846463462e-03
3.955272613621118455e-03
6.038043061755103517e-03
4.499091542087209523e-03
6.387249138600108178e-03
5.155703685364439876e-03
4.414319844672757835e-03
4.588467047452725496e-03
5.462345399588533663e-03
3.984420484990770436e-03
4.585589362064025620e-03
5.236743617939827213e-03
5.320356473966825900e-03
4.870674441610793257e-03
4.569004870744544818e-03
5.131103500668035382e-03
5.004311067856810451e-03
4.311224863134841163e-03
4.674505104453201103e-03
5.038370535285516781e-03
4.626307007340327640e-03
5.106148041213560800e-03
4.591002530920794585e-03
3.422823013481368117e-03
4.935784583095648506e-03
6.040503987317797849e-03
5.099567892718092320e-03
4.995333591193825036e-03
4.555442504990162358e-03
3.987236075187631200e-03
5.431285326247739000e-03
4.927703440915242976e-03
3.956514240141096629e-03
5.292903711647881961e-03
3.981134779902108060e-03
5.280640049336398321e-03
6.001456918684495295e-03
5.542844303172419357e-03
4.858553551359806599e-03
4.987585264097950215e-03
6.107419880922537389e-03
5.075684811632777925e-03
4.354607932993480139e-03
4.937881234511909759e-03
6.452474221768449668e-03
5.257292189262163448e-03
4.839224026503987849e-03
5.406383813758828399e-03
5.502420239150454702e-03
2.947416344069604850e-03
4.981662868822891652e-03
5.753210347155247179e-03
4.689960303797387382e-03
4.647452137993246871e-03
5.441999005152816857e-03
6.199912642219475647e-03
4.106020325651661175e-03
4.851338318426094698e-03
4.886352721274839390e-03
4.438805664863041019e-03
4.297455382785429594e-03
5.590334806991721465e-03
4.459570906154352449e-03
5.405428355373017787e-03
6.256681469105295455e-03
4.760050180560488481e-03
4.995696238386010575e-03
4.803071878186832185e-03
5.230684452683498527e-03
3.937395886622664827e-03
4.115041120700916981e-03
4.601794275024553675e-03
5.008431908996732740e-03
4.558125233816873526e-03
4.407169625116250274e-03
5.595029260460218992e-03
5.743482803221963175e-03
5.207431718314593783e-03
4.279617299543662760e-03
5.515155289248601517e-03
4.472253031602946641e-03
4.739675157069902708e-03
5.692900664639215062e-03
5.280342162930520139e-03
4.826085815563624370e-03
6.152897249977212595e-03
4.822330737915042111e-03
4.713774804983698191e-03
5.640717356273116864e-03
4.991870017886548827e-03
5.033536381410760527e-03
5.541642679758380062e-03
5.279755987122981137e-03
5.280742673325706550e-03
4.255771790140821902e-03
5.255234009456323865e-03
4.718713317597359250e-03
4.990449404940477951e-03
5.034417018737091104e-03
5.916982833872908541e-03
4.220330858128264195e-03
4.786352920273251495e-03
6.017078628438842988e-03
5.049350620005652913e-03
6.025707677015186038e-03
5.439603176435276431e-03
4.789321356706975619e-03
6.394887610431541393e-03
4.202479689802057772e-03
5.614223444335817922e-03
5.651496964111982733e-03
5.119595927807952217e-03
6.075474072276350682e-03
5.053754316958291790e-03
4.381557510385946513e-03
6.118520152301056871e-03
5.034253858096224103e-03
6.745100509649542588e-03
4.200856854811520387e-03
5.038193282914909220e-03
4.176337037384295764e-03
4.611737087060656728e-03
2.673252274604077851e-03
4.983824628659002873e-03
5.153613734674429396e-03
5.347907907132805339e-03
5.327720452609572416e-03
5.023654293942224520e-03
4.541627572891417802e-03
5.945586940760899837e-03
4.210718214150304707e-03
4.158131434345030235e-03
3.884342506578123896e-03
4.616128048742825472e-03
4.633744581204951758e-03
4.733600211289870283e-03
5.898739572996494068e-03
4.446785060318698794e-03
6.198976918954830773e-03
4.148091270868055867e-03
5.458338453483427104e-03
4.753141675628745448e-03
4.809310280960869821e-03
4.977900995792897305e-03
4.488521063697628426e-03
5.217303096446051190e-03
4.362685182537436382e-03
6.812612956999846564e-03
4.908867255021744959e-03
5.311384584281640155e-03
4.973837099065633351e-03
4.984833168618058030e-03
6.229396207314262003e-03
3.450760638393272038e-03
5.836289242758013057e-03
5.894773007106479321e-03
4.346587076956189531e-03
5.048865064512145229e-03
4.298921322733214971e-03
6.154804055749822124e-03
4.612396661410019146e-03
5.025186860182157336e-03
5.120929740031355398e-03
6.291428145887944905e-03
4.784786687297802946e-03
4.466522824759498224e-03
4.392584628022441068e-03
6.826960819192513276e-03
4.506270709574366866e-03
4.985548531679718717e-03
5.795542855056882818e-03
5.777732547687102101e-03
4.183132999186984016e-03
6.030156708189278979e-03
5.114269543744423031e-03
4.746339744015790410e-03
4.922873729382361285e-03
5.407012602479684300e-03
5.047263661524335060e-03
4.003375275130545072e-03
4.817439515225205998e-03
4.382865052740735935e-03
3.918952096673161516e-03
4.506576428212707465e-03
4.966172881467621585e-03
4.728219926476227852e-03
4.754611213259565990e-03
5.626837784092869610e-03
5.649573131193676330e-03
4.192051003792138068e-03
5.589254574939738276e-03
5.612364745528827803e-03
4.486394057474096114e-03
5.268981228272547404e-03
4.516930219066368074e-03
4.188431497974480500e-03
4.961871369324997311e-03
6.276361841202247015e-03
6.387369517826209375e-03
3.785748647478702402e-03
4.459554857451825810e-03
5.140061236541901973e-03
4.972545364612235459e-03
4.670816443552242188e-03
6.333356506691000844e-03
5.392465211825751316e-03
4.622250704477835932e-03
6.046648816512261403e-03
3.760432210683310392e-03
5.767453423712452787e-03
5.313906981503285949e-03
6.324757068979398010e-03
4.337693109717542447e-03
4.432547998316192957e-03
5.178270346742686221e-03
5.196237762221224757e-03
3.943397626653636495e-03
5.269566255706454108e-03
3.878161456383194886e-03
5.365899169595923605e-03
5.027116805277421011e-03
5.198369227577640320e-03
4.570350777836218112e-03
5.498271448313737583e-03
5.266636311267416243e-03
4.078586725227447904e-03
4.999436055379181607e-03
5.593494298448969601e-03
5.500258611983485646e-03
3.736427989844280390e-03
4.482983704667532071e-03
5.793892943849767579e-03
4.880419270491307727e-03
4.855827602149957560e-03
5.394209215491051722e-03
4.858883624902735933e-03
4.816508804020953709e-03
5.017860929496347801e-03
4.552461088557327104e-03
5.964864720675362546e-03
3.354724185845169016e-03
6.207356840044716759e-03
5.382544583226571595e-03
4.712402965505567073e-03
4.758951827132639270e-03
5.278082634092674114e-03
5.170657646052423742e-03
5.437475306699162368e-03
4.284558408931661046e-03
5.076362212448156351e-03
5.096149578001718874e-03
5.183120230290627975e-03
3.997838054950513843e-03
5.434800565297820754e-03
6.102567280911363329e-03
4.382325769513611101e-03
5.639458405807017301e-03
6.082295322025729582e-03
3.974651080412664426e-03
4.239666345560629164e-03
5.333780369186888297e-03
5.132785703981443404e-03
5.528178139027995625e-03
4.165358011883644324e-03
4.547749725264558715e-03
5.568526451732524508e-03
5.846779997838671798e-03
5.433259708593336096e-03
6.937509550896771467e-03
4.367957812212443572e-03
6.277350734783189272e-03
4.080519201887507046e-03
3.421347527947191970e-03
5.252894738692394719e-03
4.388085175518333277e-03
4.622292282614434526e-03
5.482337960698453402e-03
4.339100568738605071e-03
4.494376382670876337e-03
4.471811514980064683e-03
5.177176466116784406e-03
6.579038297358743258e-03
6.061875165918059229e-03
4.787069445784350105e-03
5.318265926353227604e-03
6.277972469516673523e-03
4.760163872303928290e-03
5.956449611330214694e-03
5.036314915631501243e-03
4.537946115411682114e-03
5.674051154696980320e-03
5.018907253603428591e-03
5.238639652493896383e-03
5.254807595954824780e-03
4.245782038012137737e-03
5.447403335364844369e-03
4.410828806855472510e-03
5.578644229648308840e-03
5.192224771560514755e-03
4.320559910656308032e-03
6.051920290115525049e-03
5.234170572194450470e-03
4.789947423904954669e-03
4.808865466662458517e-03
5.863155244763377204e-03
5.444327497030725278e-03
5.155073070338949542e-03
5.317724914500620431e-03
5.052384610137160455e-03
4.579176707159221711e-03
5.836858972908925622e-03
4.993599833515008357e-03
6.646757395323761239e-03
5.558804836826773330e-03
5.905843009383618045e-03
4.881411388711943272e-03
4.288706262806316408e-03
5.206841749556411110e-03
4.650369566165169118e-03
5.381795329462786028e-03
5.241723748187461854e-03
5.708297262089946297e-03
4.251430702105463665e-03
4.385294660334152460e-03
5.170875283368437346e-03
6.005690920951609404e-03
5.736339358214046120e-03
4.586822076034542325e-03
5.227123911422719600e-03
5.074866443986752670e-03
6.668551790123069395e-03
4.648536870359050444e-03
5.009823858736402354e-03
5.067520505254476115e-03
5.132801212894346453e-03
4.476007891068208532e-03
4.342237012891004763e-03
5.424728760916756876e-03
3.500542832004435549e-03
3.853554832639312887e-03
5.604429020416619965e-03
5.041182748845493382e-03
5.341020986450684301e-03
4.678588106622561492e-03
4.128352424030388990e-03
6.626666609594837956e-03
5.894371463089353134e-03
4.428028681275467116e-03
4.676567495891303244e-03
5.048334013245960560e-03
4.901773929021288612e-03
5.939621834097838504e-03
4.385024653770100943e-03
4.970851187769831890e-03
5.427286859632878685e-03
5.148107562986391737e-03
5.225406936461293207e-03
5.498494636911323633e-03
5.555982801438153797e-03
4.896965996479301503e-03
4.663373482733479229e-03
4.352720823911490275e-03
5.573960229202564245e-03
5.281560580849969065e-03
5.264172105249050049e-03
4.305497907301968942e-03
4.201729768512724346e-03
3.719911984524381949e-03
5.522293860376142893e-03
5.828118199095487680e-03
5.536478216943903005e-03
5.887383548530609328e-03
5.354239655468283170e-03
4.401310988155732011e-03
4.857183931102970059e-03
4.961392435373621068e-03
4.841144178638195732e-03
4.272383866796589623e-03
4.597427472258754089e-03
5.025417470876464461e-03
6.421404332575315725e-03
4.857314851494644488e-03
4.056837681543861047e-03
4.553060388395123621e-03
5.003670213755567926e-03
5.373702360502369442e-03
5.306677103980757260e-03
5.706194443872799130e-03
4.896650438885880550e-03
4.815399670954103629e-03
4.840596792598998548e-03
4.301384823351125236e-03
4.882296490496094640e-03
5.003905686286692737e-03
4.862739732688077347e-03
4.548100869709908491e-03
5.246255133640412988e-03
5.418771662655572953e-03
5.367203970727234784e-03
4.853010979185791961e-03
4.234933300973710985e-03
4.648563733776656277e-03
4.462839431819879028e-03
5.274259762925206409e-03
4.302928928099842773e-03
5.705519798718378804e-03
4.983257429259492152e-03
5.439617253597836197e-03
3.882317634685533009e-03
3.970865393751530151e-03
4.251890135383373272e-03
7.883239097096417930e-03
5.215945458059213433e-03
5.222557143724006722e-03
7.896747017803091434e-03
3.592254238814905805e-03
4.415777064296782378e-03
5.588970769618085803e-03
5.006100825375757631e-03
5.447879067406910004e-03
4.454038594911516324e-03
6.157410961904793111e-03
4.582259535976403002e-03
4.908522321454091876e-03
4.401657037888686771e-03
5.408192498403232781e-03
4.082505013004235003e-03
5.413826100586965895e-03
5.163794662034624366e-03
3.861710456115963110e-03
4.793602515298247754e-03
6.448889510798824429e-03
4.446439534025752385e-03
4.301291657072987655e-03
6.083468357556388005e-03
6.030074428952188724e-03
4.111116509051929678e-03
4.522717460176044722e-03
3.978805041155448162e-03
5.583350644932770328e-03
5.072097336929605113e-03
4.674805903267640131e-03
5.281151913450980208e-03
5.161881673549127171e-03
5.067482332143670096e-03
4.659423682514172126e-03
5.229894616278781168e-03
5.697992190054467637e-03
5.258837771033570904e-03
4.984833357289632921e-03
4.794779176356984453e-03
5.248462846052252308e-03
4.832608411404692821e-03
4.846921186982575819e-03
4.754793598146774512e-03
3.779630028773806223e-03
4.444769290179649730e-03
5.752611042073099701e-03
4.460878903307291532e-03
5.977451485883193000e-03
4.067611727352885009e-03
4.528980807708454966e-03
5.826675605224843242e-03
4.395719968389266534e-03
5.637071516313357962e-03
5.079453737702330912e-03
4.880760339591060613e-03
6.917882182999150753e-03
6.224521633936043637e-03
5.653923830669188751e-03
5.701014435787275098e-03
3.851581762774312218e-03
5.159973813885607337e-03
4.118958465658414426e-03
5.652001600020956779e-03
6.180260085866970572e-03
4.946740290516862121e-03
5.239541762237515631e-03
5.403597595247189647e-03
5.792836159329095916e-03
5.755476295925981457e-03
3.978596305737965369e-03
4.000090256279264719e-03
6.051711510799206301e-03
3.502755059901569139e-03
5.359048380609439735e-03
5.615760979135553041e-03
4.895987216474374966e-03
5.271750835568686684e-03
4.022221190157352841e-03
4.824846578120242473e-03
4.449222902816526472e-03
4.216737026925123505e-03
5.227864382637953042e-03
7.247921296886798183e-03
3.704078955623685190e-03
5.047716292647635994e-03
6.310358235972170042e-03
4.521981248388437860e-03
6.935245293912012388e-03
5.338391970124970430e-03
5.147097489519972952e-03
4.373383678594582220e-03
5.479102159285969414e-03
5.329707730384500644e-03
5.959838424269855647e-03
4.933825516481351800e-03
5.557529281243403854e-03
4.204885383364126254e-03
4.755285534049519605e-03
5.389120232319368452e-03
5.132502254487523660e-03
4.790768219168907785e-03
5.693467264617932400e-03
5.096279452486377794e-03
4.948192047124749110e-03
4.377956809090387258e-03
5.496222228867805176e-03
5.251560321737437642e-03
5.079115911204625140e-03
5.262731789515432725e-03
4.833640813951913841e-03
4.579642044754252475e-03
5.092932268595086812e-03
5.079585360899507504e-03
5.750129895910767105e-03
5.098906479258145594e-03
5.181939373829643446e-03
4.714902079289600909e-03
5.105550492139488382e-03
5.655622150692428927e-03
4.887075318989821809e-03
4.432519844759833481e-03
5.122961288198553224e-03
5.251215946523499385e-03
4.046437817920753646e-03
5.166411057489237423e-03
5.402611102088321175e-03
5.995116395427007097e-03
5.260255904692984728e-03
4.764277584366990483e-03
6.709978048302994540e-03
6.880030595411527894e-03
5.218915629702573257e-03
6.865139318120174437e-03
3.653985367862929139e-03
4.422254903128132637e-03
5.978393812106500352e-03
6.070418348745773747e-03
5.873411913016800441e-03
5.815345646035234399e-03
5.075391492553279690e-03
5.570320237075063706e-03
5.757142107893070161e-03
3.392836166098030497e-03
5.898028699939140106e-03
4.289083012766911618e-03
4.449949471873103878e-03
3.961019479939316239e-03
4.755929479664536275e-03
5.088081972871016760e-03
4.413145042493397951e-03
5.479385722998234877e-03
5.379573302244518816e-03
4.642870519663794097e-03
4.127237328175199435e-03
7.073150719102942394e-03
4.503226806969690653e-03
5.112249949256766207e-03
6.032250925078514077e-03
4.874219356150706096e-03
6.115852315939101884e-03
5.550357986372355008e-03
5.007899935674828967e-03
5.158335731946559789e-03
6.218427602589721506e-03
4.666225594501279342e-03
4.749365617194754689e-03
5.777119352419315783e-03
7.097867297200712716e-03
4.299852879461245857e-03
4.731750400186150556e-03
5.913978215296222980e-03
4.595557972101142752e-03
5.921063281055663832e-03
4.442620237882014857e-03
5.007595760482606677e-03
4.691388918195269278e-03
5.142063681425317750e-03
4.797740029665383855e-03
4.705101658755274883e-03
4.334354310535324349e-03
4.968985743380419269e-03
4.533825147218112708e-03
5.682967485627553501e-03
6.120763266083917471e-03
6.306728252034141113e-03
5.892944027091730555e-03
4.620832093735988653e-03
4.852269963911079627e-03
3.602106811166491500e-03
6.398983369746031984e-03
6.249210026421258245e-03
4.839653851558742108e-03
4.261805744665260465e-03
4.711410344554612349e-03
4.158633460183660396e-03
4.127681605858810401e-03
5.012114491557289470e-03
5.578027030017586665e-03
5.422309025285012955e-03
4.978208026042978997e-03
6.141886297192978607e-03
5.007797800652876927e-03
4.496042022711840662e-03
3.634575442931832403e-03
5.673666815878867890e-03
4.864556984271156681e-03
6.150175678893662554e-03
4.222694109659880062e-03
4.666821804404227073e-03
4.213584344577981852e-03
5.654194617936852268e-03
5.125169838956614848e-03
4.986273180615529745e-03
4.053793032148636163e-03
4.987582144772504701e-03
5.606277459910635405e-03
5.594936185790302420e-03
5.103828005071329998e-03
5.314111023229200516e-03
4.693185527445550669e-03
5.361796489590067542e-03
4.844775679838800655e-03
5.466530306855845248e-03
5.601579244176910222e-03
3.802823558484231398e-03
5.369936512339618280e-03
4.456630823143478345e-03
4.914388481478445224e-03
4.442632775314870643e-03
5.328672938329838751e-03
6.877031346029229171e-03
5.012560289896732593e-03
5.670859408144128186e-03
4.101290583874719897e-03
5.153347421900292442e-03
5.488139629413481789e-03
4.370292427915077951e-03
5.114906910701939001e-03
4.642844976184962863e-03
4.800088278824089782e-03
6.130842257752432307e-03
4.963145415214106557e-03
5.998276605739831860e-03
5.624730568080348915e-03
5.619168794622364342e-03
4.633513503425943855e-03
4.219644572469779739e-03
5.289738358710062947e-03
4.717540087677458277e-03
5.584614879471662928e-03
5.978355010804637867e-03
5.749549609723112777e-03
4.672982567699891440e-03
5.442496879338165443e-03
4.129889982018659401e-03
6.382642710800780217e-03
3.547500221927914719e-03
5.892265883866164983e-03
3.815321037793326184e-03
5.631573592721103062e-03
4.861137282965488464e-03
5.330291727625911802e-03
4.942152100448913947e-03
5.985243039053704181e-03
5.213269663568097581e-03
7.401225341861287534e-03
4.509390095451620839e-03
5.245674204743623614e-03
4.895216336420749742e-03
4.427917205666417888e-03
4.176862042209402576e-03
6.153641650339636802e-03
4.884154321914230441e-03
4.859477922000736243e-03
4.575475602919310686e-03
4.712487950479449066e-03
5.405460704495866978e-03
5.344245248437163275e-03
6.547799515374532094e-03
6.045397871049071510e-03
3.647864185601135383e-03
5.220015320998411604e-03
4.716405643463674607e-03
4.750383156693308885e-03
6.031558185589131101e-03
4.691471711657473412e-03
5.696531694493241899e-03
3.476912063131162595e-03
4.047287205445170531e-03
5.525734844718116663e-03
5.537068881734820598e-03
5.257369111129109839e-03
4.901970807442861122e-03
5.952443052654448480e-03
5.609392455990688288e-03
5.683973484120793083e-03
4.726757661645081439e-03
5.255597916154981612e-03
6.146664732667912051e-03
6.230555114079190139e-03
5.460107719959725152e-03
5.959226673829274255e-03
4.312663478314378122e-03
5.183519923474562592e-03
4.681290200170921782e-03
3.727940577838951934e-03
5.469831502699563051e-03
5.350699811337043116e-03
4.633802878395367961e-03
4.871141807857303462e-03
5.346881922363921728e-03
6.627590362757381469e-03
7.317829963881864602e-03
4.028484838997003527e-03
5.609774724667548722e-03
4.689371108233954255e-03
5.100230213957911152e-03
3.655176097098616038e-03
4.985937870439163637e-03
5.397314640584959487e-03
5.372743503439235749e-03
5.199215803182468537e-03
5.464867459452263550e-03
5.015977601059645220e-03
5.955681363843360818e-03
4.720935495259004702e-03
5.092627926355832932e-03
6.165107234701975268e-03
5.045841869315253157e-03
3.740624146977139346e-03
5.336654548523262973e-03
5.536323834875241101e-03
5.408391742450106843e-03
4.438689054151871358e-03
4.800994594574182692e-03
4.865257166033550192e-03
4.732901142918686729e-03
5.408350370656749354e-03
4.995778765519902007e-03
3.720096742161554861e-03
4.662022789009292838e-03
5.753501569754904121e-03
4.524489029242543744e-03
4.466668670358000040e-03
4.652890971380067332e-03
5.473009218130468582e-03
5.277678156227306322e-03
4.634520398046228402e-03
6.089094847686745207e-03
5.446909254810638513e-03
6.017849361792132305e-03
4.498216850333199880e-03
4.812321016021221289e-03
4.596472330043178435e-03
4.356108972726781096e-03
6.384027652113813921e-03
4.536634144092086679e-03
4.129238540718073967e-03
4.884978149936022689e-03
5.752599418750069943e-03
4.613857383862288164e-03
6.091681130180754029e-03
5.584925048141070256e-03
5.020116313000214103e-03
5.371932859704119795e-03
4.329916191896432398e-03
5.853236816642434608e-03
4.641002306346401346e-03
6.733107750554796593e-03
5.531542793370943997e-03
5.228489615977328399e-03
4.820759606160296418e-03
5.122174164705782171e-03
6.474668917313379166e-03
4.871768968489672419e-03
5.063436305382792123e-03
4.833201179031345815e-03
4.463311727807632925e-03
5.509811043610963674e-03
5.796895265574415583e-03
4.670228486398147680e-03
5.804022809240565878e-03
4.985709122725612286e-03
5.284612285527256516e-03
4.368323140719255170e-03
6.682787814572436341e-03
5.244346148226981461e-03
4.056618240089654437e-03
5.180365565120396802e-03
4.504640389772259466e-03
4.656513552806151694e-03
4.890210168032850524e-03
4.402673359286908561e-03
6.882808901171722123e-03
5.262952253431610328e-03
6.039549052163999641e-03
6.342216042999690093e-03
3.127530406820985646e-03
4.492132454800063304e-03
5.757270842222906096e-03
4.662341270403841213e-03
4.076530724662381401e-03
4.903454980846688391e-03
4.201740946861225526e-03
7.196731458415903809e-03
6.147537800559516041e-03
4.977033222630572462e-03
5.929181235446288716e-03
4.935930763375269946e-03
4.337543569101647879e-03
3.779293727711474822e-03
4.010084649944817281e-03
5.563543370010859412e-03
4.421467808486716049e-03
3.963591568781122711e-03
4.655592189073058489e-03
6.166895705963302068e-03
5.290693655229028111e-03
5.328416925714969839e-03
5.040973874248013201e-03
3.757095236030225972e-03
4.310383518259405106e-03
4.768737176537528842e-03
5.521049409853827188e-03
6.371363404571648431e-03
5.206576252246397467e-03
5.945602512486529261e-03
5.175477097883990352e-03
5.444874046152019427e-03
4.675482228722297080e-03
3.607451931983960292e-03
4.792794921700051745e-03
3.877285559768615854e-03
4.468315182704694737e-03
3.780650050610851864e-03
3.623949307985071047e-03
5.965824854885881483e-03
5.336103447012514704e-03
4.529060367360304186e-03
4.988457088674812245e-03
5.979625246652898324e-03
4.971567432235400770e-03
5.320521335366175733e-03
4.800658990702910515e-03
5.232755946086862023e-03
4.145030168848677296e-03
5.168813166954965010e-03
5.392245280350667531e-03
3.412245380476538244e-03
5.699221025211624429e-03
4.410099536046666047e-03
5.191518826586347113e-03
6.097137893922669263e-03
4.818073170080248470e-03
4.623778050570806486e-03
4.798664506051324337e-03
4.958769602726478126e-03
4.953609194035417385e-03
4.181340358900551175e-03
6.423654821230946957e-03
3.530256781752482472e-03
5.663156187027632883e-03
5.138838574573304473e-03
5.315687258419233424e-03
5.017130644022737770e-03
5.636428803316041042e-03
5.002940785239726532e-03
4.978209925591566866e-03
4.953651036684101824e-03
4.401083030420810047e-03
4.366514406241689752e-03
5.227044969109436931e-03
5.210397019091992168e-03
4.191937388225230356e-03
5.488557985409339007e-03
7.193630560634026519e-03
4.652943982236249464e-03
5.054323392414026943e-03
5.045560919266995140e-03
5.027557716776548044e-03
6.443687644592802771e-03
5.024254081900976152e-03
5.302870552232588110e-03
4.886942645359142884e-03
5.348127752529982168e-03
4.833051471595133271e-03
5.260097179862762741e-03
4.568577369690963487e-03
4.900967810744568699e-03
4.604262009690190949e-03
5.034846367361400787e-03
3.502496411875507566e-03
6.320826331601731192e-03
5.525307749283443585e-03
4.321133709747852075e-03
5.274336155006713323e-03
4.440476430665510690e-03
5.821617672183919054e-03
4.531887236962712541e-03
4.627021525263450182e-03
4.780371852838344489e-03
5.032765859063854583e-03
4.431286158263179897e-03
0.000000000000000000e+00
