1.336095025163009514e-02
9.919955320897526699e-03
1.037214905567653001e-02
9.829552545788914145e-03
9.327887165315027276e-03
1.333324554908023145e-02
9.006021719077465446e-03
8.203299364548159722e-03
1.157523329860081149e-02
7.895758978933728467e-03
1.169335265482968067e-02
1.077113086800617937e-02
7.509457381365620271e-03
1.011861698613557466e-02
6.021531568501175928e-03
5.827352715138912551e-03
7.345446819007945931e-03
7.762299765104862560e-03
8.423318213174863997e-03
8.424932846282331966e-03
6.472894454285991507e-03
7.777465405596042762e-03
8.087742906264570528e-03
6.537030822671710366e-03
4.961993318660652165e-03
8.266951174310924882e-03
6.934209056178508232e-03
8.163456159056585101e-03
8.722981148794812720e-03
7.114979185162672096e-03
7.579942262869373074e-03
9.037660207662572345e-03
5.163214365972606558e-03
8.619316316492266553e-03
8.069737400362042568e-03
5.971519295477206724e-03
5.728657145788998775e-03
6.906797684526887540e-03
7.066195486784832870e-03
7.281029005715042648e-03
5.484658037824234958e-03
7.511561071084710099e-03
6.527107444839879216e-03
6.997295744598612532e-03
6.564127796267036144e-03
6.915244384063640344e-03
5.616198753521341874e-03
6.219886868334847593e-03
5.042519581819048316e-03
6.487153700424781386e-03
6.051538134198221515e-03
4.669499405027669088e-03
5.599244385009864017e-03
5.516035582912588719e-03
4.471295450750182102e-03
5.921458535476637960e-03
6.254090555465612218e-03
4.176323653859143059e-03
5.323034746081913189e-03
4.763731399681377619e-03
4.838230514329935200e-03
6.367222776965702352e-03
4.551963564159232367e-03
3.739366031171864179e-03
5.506305824830443063e-03
6.142353043898396772e-03
4.828357931700204102e-03
4.140686418383198071e-03
4.632159418500744752e-03
6.684849887990254765e-03
3.961723352242117746e-03
5.051274955166097820e-03
5.321585557822037897e-03
5.288634570468545189e-03
4.561558167270497212e-03
4.974608899267435845e-03
5.343899176906387154e-03
4.826610185093118191e-03
3.859351437442439057e-03
5.354377908194894731e-03
5.083668434647829401e-03
3.893368681460650845e-03
6.036746636717484245e-03
5.681622731248757614e-03
5.912669248596043661e-03
4.548744108658646715e-03
4.232577001684223461e-03
4.461846055592828299e-03
4.408330940240362365e-03
4.542011391735800360e-03
4.424398839597152612e-03
4.772034550023420557e-03
4.168311312942912100e-03
4.239102805709702750e-03
4.301898347166330586e-03
3.798781178181513587e-03
5.223357284296604140e-03
5.226750391741180786e-03
3.588708470666395964e-03
5.413058677346865334e-03
4.562753730114625129e-03
5.124913690094858032e-03
4.126853273206942084e-03
3.989333917643826666e-03
4.058564580273285767e-03
5.425467838570833222e-03
4.837498474307687715e-03
5.207365835205747702e-03
5.326966285839638236e-03
4.233711645327720326e-03
4.502504489030647629e-03
4.913831431354829041e-03
5.001946125790112004e-03
4.738909573278965448e-03
4.112782075280231424e-03
4.557826406579566954e-03
5.158635162487016854e-03
3.497426768519282594e-03
5.122913371345245992e-03
3.653828983934230556e-03
5.751612351868212215e-03
3.581129362258425250e-03
3.445140736047415473e-03
4.072875967227560304e-03
3.732274369885641048e-03
4.355262126800408216e-03
4.047306033008666627e-03
4.276809780038222722e-03
3.728299256297690992e-03
4.404099744785631466e-03
4.722124029879559183e-03
4.604390776280435638e-03
3.564826588025995190e-03
3.818784114542176072e-03
3.692428516917752729e-03
4.520961102304899351e-03
4.359962917891056777e-03
3.601909320179119689e-03
4.236688560952953965e-03
4.181800056849454238e-03
4.324119862170477772e-03
3.744318299480464251e-03
4.339686669587590820e-03
3.748605177320745233e-03
4.210846182908528461e-03
4.098665108602327252e-03
3.800364539199651160e-03
4.207591597006825161e-03
4.472490363160129545e-03
4.998640347560091325e-03
4.242860636759340776e-03
4.253283576923921894e-03
5.527816976122617264e-03
4.416983808536375199e-03
4.363138693211018881e-03
3.390641280127983537e-03
4.449804808875613103e-03
5.059116281029664604e-03
4.443361468107991444e-03
4.454089758535232507e-03
4.304330594388943755e-03
3.965546449986995063e-03
3.519401577950882591e-03
3.330473491322953703e-03
3.547091149330403124e-03
3.943611455276360526e-03
4.396608679055767112e-03
4.122384808667615280e-03
5.262567718922417370e-03
4.423494325901574861e-03
4.003955872951031787e-03
5.092101301492446379e-03
4.291945085865314993e-03
4.354358290538822181e-03
3.635593774897115556e-03
3.587857843407734563e-03
4.785049750654331649e-03
3.610315952204255340e-03
3.479863835843966663e-03
3.523776452222035591e-03
4.355873743717102349e-03
4.504503377319142923e-03
3.647535235204067954e-03
3.966187471256912324e-03
3.431935185604141104e-03
4.804906419106266466e-03
3.981220920992407063e-03
4.806210024738067493e-03
3.489997366299536601e-03
4.394281526254946620e-03
3.861017134349806028e-03
3.469604355775791470e-03
3.403001459831548822e-03
4.341303399211150597e-03
4.046412586989765921e-03
4.621794858416595868e-03
4.506256722991585154e-03
4.057386583770489046e-03
2.934990408625184639e-03
4.011636120038550996e-03
3.628782001809199159e-03
4.539083826502530658e-03
4.350305105766201844e-03
4.472824310762157571e-03
3.268725470460605471e-03
4.633779607813767396e-03
4.287953832925912867e-03
4.241568362495539909e-03
4.605805603494800282e-03
3.140452867819951057e-03
4.385226520961518597e-03
3.168023773282908906e-03
5.782848438151825740e-03
4.537617278994212147e-03
3.817782402635400748e-03
4.217745578327735702e-03
4.468358237627604625e-03
4.919485170454408751e-03
4.408374453490187736e-03
4.308459273569217353e-03
4.214695818331351540e-03
5.309160410743276465e-03
5.378752901735113327e-03
4.766090159016798597e-03
3.271600340231398119e-03
4.700363770338035485e-03
4.047400199919635143e-03
3.214622292623696420e-03
3.884486169071316337e-03
3.882390843323211497e-03
5.009704199655931785e-03
4.472794009492855709e-03
4.435618392974422647e-03
4.577168751229920667e-03
4.314091620846310059e-03
5.662036906733808328e-03
3.784982704246815047e-03
3.778513926230422492e-03
4.355722055744451829e-03
4.200650490034869670e-03
3.912452722394484800e-03
4.979028365759976052e-03
4.057215075202692464e-03
3.088352315500091268e-03
4.157328421738435906e-03
4.091808853534855371e-03
4.931171418724041369e-03
4.215099073228666983e-03
5.150107198483085992e-03
4.650189914863436629e-03
4.496779002542915758e-03
4.175113771900029400e-03
3.925839183769500029e-03
4.801888492478461473e-03
3.815239835310950400e-03
4.205773251132841409e-03
4.569248051206608111e-03
5.110238219163494230e-03
3.598422887492260230e-03
3.926159763317618560e-03
4.591819909835771416e-03
4.794422498082769046e-03
4.279470578459859502e-03
4.331183262592486552e-03
3.475774980306026510e-03
4.333773808915520470e-03
3.938836088616460770e-03
4.603590399691854552e-03
3.787616458757216403e-03
4.605205854340300130e-03
4.766450400954963876e-03
4.368574153353627608e-03
4.868318909841657695e-03
3.844666869182562785e-03
5.096904943651600628e-03
3.091392635845578545e-03
4.113788612407616105e-03
3.465014811650754620e-03
4.691096427614687217e-03
4.838533652038295649e-03
3.640545717522528611e-03
3.975452381123767073e-03
4.098521753721389924e-03
4.241506643628558358e-03
3.994307833993289251e-03
4.591340622726183297e-03
4.243078882599061498e-03
3.304454623825169978e-03
4.400174530686785934e-03
4.496703324011646838e-03
5.651808999523796548e-03
3.031819984001097017e-03
4.558601532303196112e-03
3.627775634898688928e-03
4.928637092318464107e-03
3.906815731487919829e-03
2.783500303041632970e-03
4.824696263735174170e-03
5.473438440325351442e-03
4.061581098602220878e-03
3.856023915230093191e-03
4.326948263561962785e-03
5.006667655959637538e-03
4.473221571229286410e-03
3.837052813716977130e-03
4.608342767054924433e-03
3.754211085658946869e-03
2.853796586371293992e-03
4.669887994432830522e-03
3.789122000377243178e-03
4.190364064145687267e-03
3.558727790839189952e-03
4.939784473139993345e-03
4.757827448912511394e-03
5.290667019124500360e-03
3.932775968377611071e-03
4.002633525785046810e-03
4.077241373621064320e-03
4.711813836183493566e-03
5.035317173867621780e-03
4.647231070978622217e-03
4.362153011674102347e-03
3.700331399917675644e-03
4.810411294369742671e-03
4.050617166536788112e-03
5.008348445312344431e-03
4.530163710477637037e-03
3.956043750617433026e-03
4.371652289979400044e-03
3.633123947604980416e-03
4.068397822105947192e-03
3.308812027412612929e-03
3.829309185535717357e-03
3.989810175944804617e-03
3.553042026971041899e-03
3.730016684100757873e-03
3.925526887801803790e-03
3.648260531270732659e-03
4.235599142720636139e-03
3.698273088839959880e-03
3.539607677990187599e-03
3.841525938178214517e-03
4.502492047447938239e-03
4.098190702264795614e-03
3.236208355346058968e-03
4.179028904269275341e-03
3.652706754267287005e-03
4.036134380155944300e-03
3.285978649477275075e-03
3.414437034516076396e-03
3.756777364188611766e-03
4.706401392708584215e-03
4.835028523637017323e-03
4.756965485073239540e-03
3.659467412957814227e-03
4.145782269957396481e-03
3.584102864323171662e-03
4.088532017509846628e-03
3.907490220954469573e-03
5.432249717400357975e-03
3.730906630534188643e-03
4.173072042914786201e-03
3.353521240430185676e-03
4.623254882094929470e-03
3.582341716508267385e-03
3.706219271836911234e-03
4.465647769167803774e-03
3.638593394132429246e-03
5.232224405418796354e-03
4.847660575691679387e-03
4.776749767331279518e-03
4.576449172658727388e-03
4.027239962901730738e-03
4.318487967800142303e-03
4.224396114944600766e-03
4.405575994562076041e-03
3.326824889685543046e-03
3.145144678978475765e-03
3.849356347730468943e-03
3.315097063050363464e-03
4.050553217909654870e-03
4.228813874483524325e-03
4.208348307643683742e-03
4.528135077446752109e-03
4.224928982862013321e-03
4.193415887457078127e-03
4.994062060149457964e-03
4.442405290191513145e-03
3.867920662004058294e-03
4.952320487781040025e-03
5.481506257115154393e-03
3.988514274168375798e-03
4.574311186755912993e-03
5.259136297362057913e-03
4.307610662440515548e-03
4.005806579313573451e-03
4.750486787358009465e-03
5.396539229343815317e-03
3.348643018605394674e-03
4.075837451935465303e-03
3.475759885049145223e-03
4.370411966640869172e-03
3.930242037521474233e-03
3.915042033676594153e-03
4.162622860243013478e-03
3.955378398351435017e-03
4.274424952666978916e-03
4.687287176198941772e-03
4.187952726706875226e-03
4.969438433592707378e-03
4.945036593001148062e-03
3.718472866316921855e-03
3.481474465452904111e-03
5.031109292288211618e-03
4.706168865227919849e-03
4.521563745449176490e-03
4.074147133499224881e-03
4.447858855929111288e-03
2.969684656873332416e-03
4.530856066264592544e-03
4.554650392725869551e-03
4.343935002106956260e-03
3.991550191519887582e-03
4.043789452645931912e-03
3.684422637499528558e-03
2.706895888323053532e-03
3.665996156868269167e-03
3.716244451802328680e-03
3.639964820122007939e-03
4.037975130776037640e-03
4.230062827423279777e-03
4.535367837339434986e-03
3.773368483939686536e-03
3.982704794772501389e-03
5.108387221231074950e-03
3.745580208377446464e-03
4.001529290164004132e-03
4.784993192833403297e-03
4.721002724831122391e-03
4.627667855393135035e-03
4.098427083904155298e-03
4.553749352119801364e-03
4.917706229069398853e-03
3.973115550413177863e-03
3.435058611803278126e-03
3.636611915035476306e-03
4.988539021862812076e-03
3.900972380535926501e-03
4.816935896665200910e-03
4.044616157262919710e-03
4.833855868539945443e-03
3.787498535874106193e-03
3.106681905345957517e-03
3.900317924793641339e-03
4.784631250175946926e-03
4.839114386230216475e-03
4.073218733105165960e-03
4.494179600989487398e-03
4.257800651082907159e-03
4.563036114404932057e-03
4.259466015633612407e-03
4.930450987508182281e-03
4.440114499086045274e-03
4.514821726672745873e-03
4.736325508497391326e-03
4.995179465828024357e-03
4.616261639030276587e-03
4.644872226484964006e-03
4.646161271085212652e-03
3.860658964520864104e-03
4.340817855832254310e-03
4.591263357679744271e-03
4.263211161111260007e-03
3.868991720274918278e-03
4.422718433961179453e-03
3.983225865448015296e-03
4.587626583780755538e-03
4.339608563358146598e-03
4.603296915443400548e-03
4.464849900285313214e-03
4.807351596216588759e-03
4.448500509448494872e-03
4.158966060472811706e-03
4.006151943484253727e-03
4.271732649949832976e-03
4.103891459704617391e-03
3.787348688304051619e-03
4.578866531803343562e-03
3.610981477076222797e-03
4.179889009884940956e-03
5.879083317285994578e-03
3.872768069006648443e-03
3.353097209389809506e-03
3.709974402104620431e-03
4.601404715510998451e-03
4.355789949012233049e-03
3.634544874765690842e-03
4.529115424675838122e-03
4.032237576298993917e-03
3.106731689905213416e-03
3.788592037268005870e-03
4.097228733233400713e-03
3.754725773787363167e-03
4.065757932682352062e-03
4.019939766301022788e-03
4.993440938385924552e-03
4.565069827429346985e-03
3.292875516713320364e-03
3.825789959895097882e-03
3.894406662038458772e-03
3.672923670503346668e-03
4.113330880415980682e-03
4.382216687116221969e-03
2.906147191599786368e-03
3.897540668703635552e-03
4.261639494984948220e-03
4.294560962924143417e-03
3.066846693845656519e-03
3.594074242097183500e-03
3.370331276905692234e-03
3.473508181018892735e-03
5.118465514107194310e-03
4.629906031958496218e-03
3.541964773202472844e-03
4.074864540370979824e-03
3.959250729274105610e-03
3.376307635662100480e-03
5.352552389967167937e-03
4.513480670896069871e-03
3.844592694883682254e-03
4.068361192857255712e-03
3.865599273154085233e-03
5.969921952814210772e-03
4.050664294569210865e-03
3.540532952722102045e-03
3.723171236422779737e-03
3.796270395026860207e-03
5.055655198788530820e-03
4.247279474603741362e-03
4.180802393873129380e-03
4.805451266121323409e-03
2.938062993362036256e-03
4.669670694517198857e-03
3.485328649062439423e-03
3.774817537048318766e-03
3.977512521617987407e-03
4.036786596349129473e-03
3.273175977478948607e-03
5.047233680661112470e-03
3.258329808693325325e-03
4.067249095456706119e-03
3.703843190842716262e-03
4.331402527461516994e-03
3.975866721509574951e-03
4.408111834366170920e-03
4.873951853261194837e-03
4.020191211583233788e-03
4.233013459018978089e-03
3.855716349468946320e-03
4.104441179683695345e-03
3.561682362767432022e-03
4.243319418818387694e-03
4.446195751558005074e-03
3.680134591946556712e-03
4.137843060910860980e-03
4.020019822865626875e-03
5.209698077506354219e-03
4.393438656169018804e-03
4.352550657785315101e-03
4.370306391255453400e-03
3.769867858989410948e-03
3.888484648446477281e-03
4.163039194305945788e-03
3.904670897576156038e-03
4.027787186485315592e-03
3.790947838767486262e-03
5.267140347405177558e-03
3.405412228105340194e-03
4.277317132555020010e-03
4.115194354409982234e-03
3.651790943342366272e-03
3.062918784227207456e-03
3.802517835473843803e-03
3.407536048804016022e-03
3.447226641423180478e-03
3.660303020805973431e-03
3.638314588832237441e-03
3.463907329959241797e-03
3.959620551442219645e-03
4.053046174711313378e-03
3.957047721268041815e-03
3.734706902991870910e-03
4.449937748714619112e-03
4.790828886484483490e-03
3.516825821978786151e-03
4.735879670594498464e-03
4.568041942330998938e-03
4.374301816010345810e-03
4.000204362588049255e-03
4.139291689623139647e-03
4.143409602563824165e-03
4.045517828237254164e-03
4.136866139767655243e-03
5.086039311792099615e-03
4.038659046245782376e-03
4.483723736217670383e-03
4.124943919006225992e-03
4.402454845770759073e-03
3.690406502296475488e-03
4.216279777778883693e-03
3.772612650374521440e-03
5.825398687114620271e-03
2.678847338680986727e-03
5.047466653791560405e-03
4.145233049238509875e-03
4.646231342736784065e-03
3.397115198610095848e-03
4.038565990463347660e-03
4.002479337149488642e-03
4.612141742116419689e-03
3.931271162775131986e-03
3.493285839869608809e-03
4.592637774588296390e-03
3.457641053522068735e-03
4.035643353044979752e-03
3.596342137020450743e-03
3.793691324998724624e-03
3.749829645215946305e-03
3.532362095097402004e-03
3.253608780773005124e-03
4.210414826024887376e-03
4.417875064652829024e-03
4.109762091453498731e-03
4.000554642558161976e-03
3.968377251167592296e-03
4.197772821607027860e-03
4.585768461953953004e-03
4.725433824166860863e-03
3.925374477833224081e-03
4.052325149705313101e-03
3.879150921908076834e-03
4.930903316462969047e-03
4.013908191217553136e-03
5.283230259993553467e-03
4.553758508579238383e-03
3.601256936303760814e-03
3.444489471079518073e-03
4.469034464484342682e-03
3.518071460085519381e-03
3.832162828220108015e-03
4.644781862108314160e-03
4.051462932955007985e-03
4.998541362883021817e-03
3.718186898533054011e-03
4.391178303388276229e-03
4.599098944669696883e-03
3.697911831285268826e-03
3.932559507320904438e-03
3.523707460690530049e-03
3.632485925167294738e-03
4.176530184640299057e-03
4.450054053097608070e-03
3.659816537669589170e-03
4.602709512149619556e-03
3.698377031448753412e-03
4.019838714108357053e-03
4.069843036910020251e-03
4.802392616312775066e-03
4.018980821476770410e-03
4.455894412612150350e-03
4.480208215691136239e-03
4.010570742940621977e-03
5.337442381878538741e-03
3.683963813905313106e-03
3.450641043465562264e-03
3.869763733482062869e-03
3.874200616589342037e-03
4.073435563401534877e-03
4.467756510419560595e-03
4.414099896074745975e-03
3.408097448294010543e-03
3.822615765646319476e-03
5.332957515215315004e-03
4.560202852733120406e-03
4.580003226179902957e-03
4.104653243936498379e-03
3.113773151581057403e-03
5.247608497671096134e-03
4.715847840200072284e-03
3.658685974362593275e-03
4.172073126894358837e-03
4.891694390903810440e-03
5.309595314372210842e-03
4.957181454786281291e-03
4.388684433440576300e-03
4.055317032523106727e-03
3.967605146316469274e-03
3.580310435597487510e-03
4.921977841389570986e-03
3.833293700382474443e-03
4.202918567116997392e-03
3.371646135766193271e-03
3.704102041655927754e-03
4.024234317978869595e-03
5.021265312514730690e-03
4.349704247469723777e-03
3.175437547201897647e-03
4.702719009333257427e-03
5.184148489705646227e-03
3.461734020698480421e-03
4.838063477416630620e-03
4.087814400110457297e-03
3.978661598666051284e-03
4.861299526531890486e-03
4.305754382217434097e-03
3.646638924641997740e-03
5.058706443125913187e-03
5.145450165050967015e-03
4.403262159608151149e-03
3.412498661716236847e-03
3.797641830504072669e-03
3.707649246654312787e-03
4.326236708740929457e-03
3.857681927993026130e-03
4.144939626190363713e-03
3.324135325421681553e-03
3.548741007606708887e-03
3.375215316605980134e-03
4.331688746609870487e-03
4.334947406474568866e-03
3.634378920009405205e-03
3.671494407810395235e-03
3.824512538050771435e-03
3.397265212571460441e-03
4.398623122732097865e-03
5.303835721934481613e-03
4.183426747824518094e-03
4.684573257862155275e-03
4.505583091034671625e-03
3.679920707443330198e-03
4.266294730950626751e-03
4.169455862080807644e-03
3.094472419881775203e-03
3.750984061302858365e-03
4.819540084276032962e-03
4.590512561710448705e-03
3.833158968713930824e-03
4.423040639658154180e-03
3.239434835334992820e-03
4.385744342432011146e-03
4.372505189128345418e-03
3.503699777597212191e-03
4.700657010983583413e-03
3.242987449043204223e-03
3.822040042868027343e-03
4.566645069791999689e-03
4.045533614913806100e-03
4.805764213832782773e-03
3.660778216364308363e-03
4.513708004493193100e-03
3.774164022339248064e-03
3.167443489942022537e-03
4.728436658649393630e-03
3.264032831478239170e-03
4.497366646867282866e-03
5.448586615738135012e-03
4.051664610048955756e-03
3.975427630310611124e-03
3.213970377335479290e-03
4.362103891003565187e-03
4.234588414456784064e-03
3.479906617207736801e-03
4.190668633261740612e-03
3.715112368262881576e-03
4.807173724152141552e-03
4.086076105844841690e-03
4.602026044257800062e-03
4.945458754311691900e-03
4.702016652324044442e-03
5.786979489635332534e-03
4.359379551797841826e-03
3.822697305790681305e-03
4.704501441660536090e-03
4.856395189722461161e-03
3.747424634001422176e-03
4.138427983949479264e-03
4.309814504978578403e-03
2.881651541538945462e-03
3.583321332222769683e-03
4.624221469838697869e-03
4.640822338569214507e-03
4.397780258700036658e-03
4.841021140022978494e-03
3.743900348445268391e-03
3.931366193293369532e-03
5.337586460583720535e-03
4.197731586644376858e-03
4.593512832300202832e-03
4.375705959909542177e-03
3.966989690522036878e-03
4.794544064980096366e-03
4.197126865095432598e-03
3.363264601287047420e-03
3.193511958717209359e-03
4.550809278847884297e-03
3.595022675601920129e-03
3.009622432335657283e-03
3.223377315094984319e-03
5.946609503754793358e-03
3.288811788032596634e-03
3.881327182700443704e-03
5.413066470347405353e-03
4.441065860331644584e-03
3.900203883918271133e-03
4.519314301022210600e-03
3.792399748066813472e-03
4.411764717960038086e-03
4.543737072346112557e-03
4.161703928285918723e-03
4.382077126135754466e-03
3.632222313266702564e-03
4.315492335082519657e-03
4.599527852574460639e-03
4.181242119958955041e-03
4.618131863540606355e-03
5.133255729100311138e-03
2.773846259728071466e-03
3.689311449121763023e-03
4.356535821075086315e-03
5.213305656187577040e-03
4.497586226289807670e-03
4.163218070274777097e-03
4.564385094293170290e-03
3.523158551095878326e-03
4.348168597894219722e-03
3.405557493146549666e-03
4.017274616038264169e-03
4.902390839397825079e-03
3.807298289910147297e-03
3.978030836268011891e-03
4.681586888213120842e-03
4.647087295222741485e-03
4.052244561041207400e-03
4.364286942630493833e-03
4.096258802363110171e-03
3.600929824174414588e-03
4.582364234654023871e-03
4.441096436940500554e-03
4.459409142088118297e-03
3.602953461643699281e-03
4.623155507334289482e-03
4.535647877064188926e-03
3.801643781762265549e-03
3.521504046325609968e-03
4.188750562009653858e-03
4.220480982411092125e-03
4.462905746413050809e-03
3.368907866535383790e-03
4.473145834297114452e-03
3.402114660754373878e-03
4.443969142507364287e-03
3.024899819699702376e-03
3.715328291116955575e-03
5.353006563040526959e-03
3.691692327018133817e-03
3.523449018145995669e-03
3.965854814379104511e-03
4.020629964996477214e-03
4.708701215132829118e-03
4.236434083113827312e-03
3.899840357637942168e-03
4.202006783649616870e-03
3.800572325974165087e-03
4.720745180169370024e-03
3.972736501460722054e-03
3.844924464735961084e-03
3.725518272606036848e-03
3.914499141547165585e-03
4.111386456199791345e-03
4.911503879954928591e-03
4.212125058475203569e-03
4.432534570425847309e-03
4.867036731961464462e-03
4.531220685094558207e-03
3.578979247725496294e-03
5.137013578952320282e-03
3.665351312392992403e-03
3.170138793705518706e-03
3.646358770328447449e-03
4.018684914330073257e-03
4.441152423755115493e-03
4.326824253125525696e-03
3.613295804650755189e-03
5.043090216807048082e-03
4.143704013945656052e-03
5.343908401155949249e-03
4.083990236270224755e-03
4.042370816843280507e-03
4.289078994612408914e-03
3.400516777772050886e-03
3.737193694041981637e-03
4.580784530794461407e-03
3.564675735247538422e-03
3.960085862830103713e-03
4.043113000597215942e-03
3.313087364812101251e-03
4.955552325890521387e-03
4.510807035278664896e-03
3.659174023213848659e-03
3.844699917964153942e-03
5.186251583088443209e-03
3.882692250335236135e-03
4.917250179301254145e-03
4.933714928433760062e-03
5.027833289129667906e-03
4.053445269133633920e-03
4.439599119088547853e-03
4.365372071941219650e-03
3.986898356683901169e-03
3.858180823551753819e-03
3.764925187232721644e-03
4.158318727782739713e-03
4.528211295870569232e-03
3.880792458267522550e-03
4.297902235172491869e-03
4.657326018031440751e-03
4.359377597621256518e-03
4.529944958926280553e-03
4.236462668767320902e-03
4.069759926240221724e-03
3.305109651113101888e-03
4.266600462820612297e-03
4.487870441131145208e-03
4.489774445350229112e-03
4.091980160067878493e-03
3.229760461297408614e-03
4.097786591006723558e-03
3.231824073642256250e-03
3.823780754800233748e-03
4.135812014712631282e-03
3.741928958615637658e-03
4.897238480775101960e-03
4.321936003849608313e-03
4.532558940507853788e-03
5.022121713979590778e-03
5.004732135969114024e-03
4.045540474702357531e-03
3.786664580607635670e-03
4.134437333043348463e-03
3.898631119115905132e-03
3.805970059451873212e-03
3.887374844159128314e-03
4.200410986473023835e-03
4.907518428256205274e-03
4.689415390258591665e-03
4.213107592815713842e-03
3.605106742490572780e-03
4.630168924840085201e-03
3.658101004700583213e-03
3.650591411735876202e-03
5.033161233690009589e-03
4.458783368031067444e-03
3.861584014233185314e-03
4.451641230579681321e-03
5.083042321950705968e-03
4.420043237847635920e-03
3.236515796778187404e-03
4.514766775938205967e-03
3.516825966697950320e-03
4.787186637905580487e-03
5.005983699964431342e-03
4.285554602827639815e-03
4.687031838302459057e-03
4.492717858577880037e-03
3.647236970263135775e-03
4.938963627281830852e-03
3.954142214015242927e-03
3.009432828756568833e-03
3.692057512481079599e-03
3.714910721789001918e-03
3.700645503302610762e-03
4.869760971613225527e-03
3.423746647293848810e-03
4.011046012140125593e-03
3.890371349464836516e-03
3.146237748707196580e-03
4.109274401992748550e-03
4.455203907124814094e-03
3.842316050473927689e-03
4.159189331736620580e-03
4.308246795228914787e-03
4.993899959797711355e-03
3.172767338294229383e-03
4.314714952922505536e-03
4.942735236653196355e-03
5.091304281451301122e-03
3.651444719246768264e-03
4.273573325609574154e-03
4.504551217930187652e-03
3.233626907952270087e-03
4.333107682926494106e-03
3.746837286304477346e-03
3.828729028884144975e-03
4.492941974543694303e-03
5.182191521881803452e-03
3.884336940700165719e-03
4.198033835230683547e-03
4.703877999198803964e-03
4.679097677430470344e-03
4.038425483497609138e-03
4.441310895470200991e-03
4.485297806016588611e-03
4.464880152128867727e-03
4.327796346518467639e-03
4.404472077428358417e-03
4.849436110545521025e-03
3.896564449248436125e-03
4.225807482843301627e-03
5.192466597344676076e-03
4.053643424731031598e-03
4.907159685019979456e-03
4.831495081840339947e-03
4.291341860072470440e-03
4.578569116327193753e-03
3.922284097050089159e-03
4.796817628981164122e-03
3.724930281953154395e-03
4.789946080094275617e-03
3.128013520552807257e-03
4.600528975992963961e-03
4.931686316487980150e-03
4.530954583372304688e-03
4.692955507499103028e-03
3.679285664412892346e-03
4.247477240811086720e-03
5.059334011644729852e-03
3.780883117403365749e-03
3.277907791524749433e-03
3.620682166637613931e-03
4.147568787550114447e-03
4.573911359346456186e-03
3.920044101757507067e-03
3.955806660064133638e-03
3.582347841513485679e-03
4.925512011487536562e-03
5.190355230154698914e-03
4.483903518350189181e-03
4.313409916799752254e-03
3.704260640480790383e-03
4.086053011395523495e-03
4.153194454707921299e-03
4.922630785252841805e-03
3.497112513004757301e-03
4.597732699125476469e-03
3.761822088395712794e-03
4.678968126300200696e-03
3.875494352715377032e-03
4.209964660260783614e-03
3.571338054108838794e-03
4.034777775792589699e-03
4.532927743202842114e-03
3.770938374657153112e-03
4.216763379918366840e-03
4.035161334376913961e-03
4.108625778487259329e-03
4.622361155590348943e-03
3.937449840450310892e-03
3.599518628777568976e-03
3.713906766906594110e-03
4.395376078677706161e-03
3.765603204379088919e-03
4.100501230924754464e-03
5.603050878312454061e-03
4.359391588258821650e-03
4.178861430012307740e-03
4.435124555813443371e-03
3.599271270132839949e-03
3.653026636583892126e-03
4.627413643930352108e-03
4.212241139518977349e-03
4.364219778455371256e-03
4.612966995578143825e-03
3.663800407253775451e-03
4.048306541998149266e-03
3.973078927810183396e-03
4.376591832709991227e-03
4.108627087418274988e-03
4.572387553985628010e-03
4.361459390134142695e-03
4.754436627027060387e-03
4.187068698886345884e-03
3.181461959883354670e-03
3.658435701972558886e-03
3.341726408540842807e-03
3.757469924348694635e-03
4.898987904894045592e-03
3.607440710078452586e-03
4.770752970105872869e-03
4.266746272032349852e-03
4.491135212624682883e-03
4.136309145230158101e-03
3.384388894210890990e-03
4.084504934064216684e-03
4.371044636368765987e-03
4.409216977275500632e-03
4.348035176633008661e-03
3.645867745073884652e-03
3.957433407212322674e-03
4.019407805677705989e-03
5.026372695732393009e-03
3.983862120472645221e-03
3.472077606954097288e-03
3.512527665355038090e-03
5.079636086809873746e-03
4.238460206172825658e-03
4.066266125302794854e-03
3.536316471644620346e-03
3.762087927796111970e-03
4.307846890943719566e-03
4.513536645386093810e-03
3.302161064687119448e-03
3.206733500233930906e-03
4.493009976174930017e-03
3.678684484255513067e-03
4.765052450226688052e-03
4.954839689659399846e-03
4.275532009401703665e-03
3.523665231936270580e-03
3.989769901337672682e-03
4.303330149403212200e-03
3.988922224296101438e-03
5.228518039984409588e-03
3.758486227365469886e-03
4.667896851729588271e-03
4.782683351635477059e-03
3.546907466703105600e-03
4.352154348535034606e-03
4.020940837481981091e-03
4.999653468344327466e-03
4.172260185969827763e-03
4.920626075606107305e-03
3.988573375842301323e-03
3.658163014867620889e-03
3.288305344971734386e-03
4.226562191586697576e-03
3.751663816366269423e-03
3.952344122369426220e-03
4.295807015691490219e-03
3.869393395853156729e-03
4.651893105448260193e-03
5.012772787749238644e-03
3.086723446516051982e-03
3.613377241109833569e-03
4.345958406263453894e-03
4.395204840413545824e-03
3.587708651283269285e-03
4.385257002316672939e-03
4.351482616329533683e-03
4.347094266661302546e-03
3.288828595203694208e-03
4.497973580747339703e-03
4.772771446592724912e-03
3.146371622444215331e-03
4.277619878350249170e-03
4.496931261957088852e-03
4.835707177969359588e-03
4.420165583709082142e-03
3.870134493289230111e-03
3.348306320284708155e-03
4.199341392185098297e-03
4.456596435427511924e-03
5.064587876785760917e-03
4.416106963925486677e-03
3.182475544906525431e-03
4.055882482714938571e-03
4.554972224908210993e-03
4.081849586162381895e-03
4.341231245846979142e-03
3.338715771422487866e-03
3.255519111886236508e-03
4.568298854395687163e-03
5.289551628635560249e-03
3.664283573039328178e-03
4.045816416433787449e-03
3.642443819882362072e-03
4.534999027691847574e-03
5.439389236308878051e-03
4.311293770369845936e-03
4.166997583514054325e-03
3.639160578794130036e-03
4.720898229710967543e-03
5.539233726260907494e-03
4.998216589047631622e-03
4.322289642567971914e-03
4.365637853861083738e-03
3.094875064371804731e-03
3.856787187483956721e-03
3.695930784351957998e-03
2.782472398738349440e-03
4.072435389651418020e-03
3.868711061831873327e-03
4.239287671279158565e-03
3.699473510652351999e-03
3.634214469114215116e-03
3.287610646437746920e-03
3.662020967836715490e-03
4.202992021315897844e-03
2.869198134131664430e-03
4.225615324546860146e-03
4.497106994544895070e-03
3.149632239857255885e-03
3.942705777890158012e-03
3.786702689457263279e-03
3.806480762901694181e-03
4.610602861582673365e-03
3.873977857226272841e-03
3.790518737565673566e-03
4.515222603109696024e-03
4.983087705280968803e-03
3.553061739838241605e-03
4.416419353738514596e-03
4.398809501078579723e-03
4.291955411759112993e-03
3.704528740611043314e-03
4.329932720805228751e-03
3.444913431778939827e-03
4.498034568645142839e-03
3.455638527017321302e-03
3.449787032318977088e-03
3.491594310763176251e-03
4.939503971886536997e-03
4.297456058550761307e-03
4.399694815973978490e-03
3.961144417515243508e-03
4.872023584331400606e-03
3.995644057146185806e-03
3.730686170764693169e-03
3.453491394548658874e-03
4.333852589977049002e-03
4.273908928897653114e-03
5.077528343124825851e-03
3.689093728719778156e-03
4.756714384783609050e-03
3.470123023543455684e-03
4.844513791200321350e-03
3.701585661223341997e-03
4.714456104338512338e-03
4.395715358568125404e-03
3.936985701421728476e-03
4.029267992608141086e-03
5.175198066708915946e-03
4.880368750020366506e-03
4.340521568772790113e-03
3.737920070736013445e-03
4.581731203451800023e-03
5.395490831701505591e-03
4.504513996074203941e-03
4.210145524614448444e-03
4.039417751419396331e-03
4.195386953746908440e-03
3.820741896501543035e-03
3.990380252921835354e-03
4.738358863033369402e-03
3.845454450584745183e-03
4.848947918282391252e-03
3.972937510930586204e-03
4.447689894273170602e-03
4.099249203166421308e-03
4.012026355218705279e-03
3.694116047536268217e-03
3.641721843576544663e-03
3.894206364227484861e-03
3.695449169989340268e-03
4.005902485584271998e-03
3.952283165012554847e-03
3.865917963780110371e-03
3.520622894879612847e-03
3.612643808553284239e-03
4.242281411650406127e-03
3.522836317225497282e-03
4.163922665958071263e-03
4.293161859778389308e-03
5.085231590897886129e-03
4.183832779794906774e-03
3.116918156228336029e-03
3.793232116780985170e-03
4.578855284770105664e-03
3.550025489408042360e-03
5.104209320191648545e-03
3.992625342341338951e-03
4.560934706720050531e-03
3.126741870735543719e-03
4.315688937888605137e-03
3.639985746962859283e-03
4.442259695158420028e-03
4.370641541446213148e-03
4.321091034880655650e-03
3.411523850350752559e-03
3.532156590975603794e-03
4.409792311891079855e-03
3.902525457622475075e-03
4.267578227346950463e-03
5.458294807723640396e-03
4.147977469026150124e-03
4.673957465681327118e-03
4.192969770486792806e-03
5.250926931230814193e-03
4.204430228441426685e-03
3.947346963827185612e-03
4.074171542878588133e-03
4.307656992668411865e-03
4.742826393690151125e-03
3.304165650034210453e-03
3.465677988889334041e-03
3.257659600065385824e-03
4.231978633848590757e-03
4.533484645079684065e-03
4.348592235404876230e-03
4.759827957444308193e-03
3.946418266334746072e-03
3.677829575083282725e-03
5.186288989185883214e-03
4.659769954855889906e-03
4.760660148106045549e-03
5.145347561470584204e-03
4.192906008698812220e-03
5.811213784469917813e-03
3.989066578473337253e-03
4.950939089828820285e-03
5.238667077491754136e-03
3.766042859885639516e-03
4.235276628772531929e-03
4.288680045353157437e-03
4.131684292666205557e-03
4.620611581687240205e-03
3.851887798171914866e-03
5.363755591866616913e-03
4.768812631707741549e-03
5.521934875155207895e-03
2.749036415467690907e-03
4.009544209826037056e-03
3.513353403744812198e-03
4.275632897631297981e-03
4.359904056819817464e-03
3.982503401385666109e-03
4.396328417599731399e-03
3.256393789340403591e-03
3.799218373675777426e-03
4.366821542741926819e-03
4.529113141089822527e-03
3.513066419227535951e-03
4.206345520741542124e-03
3.966097246999726253e-03
3.517318536090576625e-03
4.205161410456180991e-03
3.373428829975550890e-03
3.942411934285916693e-03
4.534295864998894379e-03
4.631922648900102177e-03
4.114378479443831123e-03
4.333582566763896984e-03
4.717184847232347780e-03
4.190376246678121502e-03
3.562571078483380872e-03
3.261708769028598930e-03
3.595408807704379532e-03
3.727227184656037480e-03
3.773893238299233163e-03
4.841520507983733401e-03
4.257728646704724181e-03
4.219040301659955985e-03
4.295643327636928036e-03
5.011139020369050588e-03
5.037915860033491920e-03
3.948591936786508168e-03
4.110180049903467379e-03
4.420624720437097734e-03
4.565338291081267978e-03
4.663940169648540975e-03
4.403090018172345702e-03
4.879123286921974861e-03
4.629119098376620334e-03
3.518743135086352218e-03
4.523716594485191651e-03
3.482623122100425919e-03
4.645218739610473997e-03
4.135985909975727591e-03
3.634225980875799029e-03
4.111180568233183466e-03
3.859338477955124615e-03
4.151165981841590732e-03
5.123996092619006668e-03
4.170099463922133376e-03
3.551110826125354007e-03
4.140651710851452755e-03
4.048269991975102060e-03
4.343006264791727557e-03
3.689564497697517959e-03
4.763334539968418213e-03
4.119530787185439816e-03
5.251650438535375616e-03
4.397282569940370693e-03
3.844836783551420275e-03
4.563176194632105956e-03
4.249995999989097072e-03
4.622940283750062371e-03
4.642391984321277316e-03
5.147222134865857973e-03
4.466586649424484495e-03
3.724941460699553869e-03
4.108343666214637688e-03
4.446496536887672643e-03
3.620599399188415782e-03
4.866118433029635593e-03
3.864091052951020792e-03
5.010219046866421985e-03
3.583694106428167610e-03
4.023268928356821088e-03
3.477634802809610303e-03
4.546578704450274060e-03
3.727307933981385303e-03
4.124502487433581721e-03
3.703157487414354427e-03
3.527523499590132575e-03
3.954211094146653158e-03
4.317460961210485733e-03
3.094870245532273766e-03
4.903429256864173975e-03
4.969053023602760556e-03
4.217520629698883090e-03
3.401828550787800321e-03
4.965554155559120768e-03
4.419220779163246689e-03
2.959404670034891834e-03
4.070083610923699163e-03
4.565634624209199792e-03
3.644181733692619055e-03
4.428754344268603232e-03
3.252556195907516535e-03
4.389641930662386247e-03
2.907812288574395786e-03
4.501708329708287680e-03
4.723685750860577744e-03
3.933932821270167551e-03
3.069490902444241970e-03
4.676382007869998685e-03
4.183274790056868732e-03
4.183103692812604676e-03
4.549736900066633609e-03
4.961608674864995648e-03
4.846554605080799147e-03
3.781643746444816444e-03
3.925554899162086303e-03
4.954974312720837951e-03
4.201258020094616324e-03
3.969638230595444808e-03
3.460655229330113908e-03
3.891735829455133383e-03
3.799651230876007792e-03
5.199004740026435221e-03
5.449066465449512071e-03
5.097255429990405450e-03
4.532169895196827211e-03
4.753739213716128877e-03
3.992330788285334241e-03
3.552044412806094290e-03
4.766508089721840230e-03
4.918739579805139761e-03
4.130854825878942267e-03
3.131737862871896653e-03
3.831274182891791953e-03
3.835020556443179476e-03
3.993438264447568206e-03
3.690690310639010551e-03
4.154664353896225445e-03
4.868468159980556507e-03
3.568460249373302685e-03
4.207753111343224411e-03
4.200284323064834742e-03
3.845302016589034495e-03
4.607635011018806209e-03
4.285522227018611317e-03
4.488964041439915537e-03
4.580794270984825736e-03
4.363411402625205077e-03
3.970223247753278985e-03
3.339402677137550020e-03
4.350344324495564012e-03
3.915081318012055001e-03
3.250322609967815340e-03
3.957678937240623716e-03
3.972885426344156812e-03
4.192096146505676704e-03
4.882650684445347285e-03
4.564712213847080084e-03
3.956608615842998472e-03
3.961103494669763157e-03
3.895757504429729016e-03
3.565141827004347352e-03
3.450173060330330096e-03
3.730070315052720718e-03
4.596712423967250390e-03
3.434669954504361838e-03
4.196720292369033635e-03
4.781481965504732340e-03
3.343231130656859357e-03
4.148840774447573772e-03
3.655129526031314878e-03
3.336120109511868034e-03
4.384536729320807381e-03
3.622730447911302453e-03
4.645626638334110318e-03
3.309727201212343817e-03
4.859683194827509219e-03
3.416144593119894209e-03
4.701915641058400895e-03
4.653603951847239996e-03
3.906008438004184447e-03
4.575905895535027114e-03
3.677456816791524995e-03
4.114439483328689688e-03
4.047035852276552326e-03
4.223685576319619224e-03
4.277131242021517399e-03
3.942301982825255693e-03
3.787361305694875602e-03
3.924277419284719244e-03
4.618098094254824600e-03
4.456915526007894021e-03
3.845175167413080516e-03
3.632020412892145514e-03
4.066685198071100758e-03
3.422764377423907680e-03
4.090507991659473458e-03
4.169504384825892598e-03
3.920928431736164788e-03
4.243524601350334366e-03
3.777662656446145479e-03
3.374316821541201421e-03
3.900192527241888845e-03
4.399247407712155063e-03
3.854798109845024127e-03
5.191240955456956352e-03
5.669209671339819380e-03
3.642403143415389594e-03
4.322963235951669640e-03
3.662036272725250393e-03
3.991731386473554646e-03
4.826123813769996572e-03
4.469513599937131702e-03
3.992105624465967784e-03
5.368862648482498022e-03
4.700929919509679727e-03
4.131501704508470756e-03
4.710380566593798911e-03
4.354336853637000813e-03
4.237725700961130632e-03
2.935830980046248099e-03
4.708380210686674561e-03
4.071599294564447885e-03
5.065901967862266285e-03
4.651397040544501607e-03
3.622877110855328864e-03
3.946119931690603676e-03
4.362228429124421873e-03
4.098145877910547297e-03
4.425288247096042724e-03
3.261773855033864820e-03
4.704953654788157288e-03
4.963735799780233729e-03
4.040555001009085538e-03
4.393883699812593628e-03
4.001330830519352934e-03
4.399579009531419740e-03
3.516639522145931750e-03
3.975803687584987187e-03
3.697191968011063080e-03
3.806317020491463161e-03
4.906691197105370571e-03
3.793416919420750013e-03
3.469586702741373971e-03
2.904791909904807200e-03
4.279540236770842596e-03
3.368882354261811419e-03
3.123803860546900749e-03
4.625846899916805435e-03
4.556829022549260290e-03
2.981418246298244822e-03
5.199903726393009622e-03
4.452993231483693901e-03
4.608901601082704760e-03
3.867127473558278246e-03
5.164367535340315916e-03
4.541215809376083004e-03
4.425109647288740823e-03
3.835930894945117128e-03
4.454565068942991680e-03
3.578268559516828602e-03
4.763142368545748330e-03
4.818279800927652290e-03
3.495476817459194918e-03
5.014608346424886433e-03
4.012583220034680702e-03
3.878379336281294418e-03
4.132013884564329255e-03
4.746323574109192686e-03
4.372075563034973252e-03
5.343780671145151838e-03
3.350267098180316830e-03
5.034306054369244027e-03
4.989142027925202311e-03
4.006888967632960853e-03
4.258658619286631759e-03
4.958764343226858447e-03
4.215059188604586109e-03
3.856850517836719894e-03
3.229816491093704268e-03
3.787135596104641410e-03
5.188237713575167762e-03
3.432072410109954664e-03
4.163524200115631575e-03
4.120775577152127438e-03
3.926324806648225779e-03
3.827374544312443783e-03
4.213600723677454404e-03
4.136500281724724698e-03
3.172179639789708423e-03
4.263432995056742024e-03
4.655079125153416611e-03
5.068672223259055101e-03
4.863485536896605156e-03
4.406295100201663116e-03
3.473138548236785143e-03
4.323475479777175688e-03
4.503215112675891703e-03
3.077587851962636841e-03
4.238843055438450656e-03
5.019146932473615187e-03
4.092466948704689793e-03
4.527616627442638576e-03
4.025441904623725149e-03
3.859515499254052590e-03
3.880758621722867844e-03
3.280665836635803488e-03
4.585162395059248601e-03
3.998252481636736452e-03
4.411246120998718601e-03
3.677560471605876170e-03
4.599302079537270424e-03
4.194256902312985119e-03
5.538854379864090009e-03
3.845022495039580098e-03
3.820897523294637405e-03
4.931366780123788880e-03
3.851796410961816873e-03
5.053426465735103013e-03
2.704664170755895387e-03
3.597883710177798584e-03
4.433363496535446500e-03
5.358037837323359476e-03
5.004446518756245493e-03
4.073398840553552752e-03
3.977078821837131545e-03
4.194343436286425073e-03
4.876249732866034386e-03
4.020558454276201323e-03
3.965894013597749852e-03
4.997192365812457709e-03
3.378899008071776199e-03
4.154623187168225880e-03
3.576853128070130085e-03
3.796255964534625896e-03
4.414072420907788445e-03
3.235647862234686777e-03
3.064634846853451187e-03
3.775346205042913808e-03
3.882328511977072710e-03
3.925040057266755873e-03
3.431257631058667618e-03
3.868459716532187190e-03
4.132828310621053901e-03
3.648315399009581950e-03
3.178887341071956300e-03
4.556709437888123264e-03
3.472008515062943636e-03
4.422882869632063785e-03
4.691239261984889337e-03
3.945096038156473139e-03
2.952641107110878967e-03
3.738280892288642788e-03
3.777541987882877209e-03
4.563877108961489175e-03
4.199662699932196243e-03
3.823963374236421034e-03
3.944049422789574870e-03
4.830112129941627024e-03
3.647625658841342419e-03
3.825441600549225538e-03
3.675075955323438281e-03
3.671982330777853309e-03
3.877309106484679371e-03
5.231635490039275756e-03
3.398791065177719523e-03
4.860378984520627617e-03
3.682461469220877585e-03
3.113502630228767807e-03
3.775037164845255686e-03
3.581225309056430134e-03
4.864715256516222684e-03
4.064235168258972103e-03
3.722670134601486179e-03
4.528467360701108300e-03
4.498795788679538221e-03
3.272005547500267050e-03
4.352048169242136652e-03
4.038779436223065636e-03
3.983232932283781169e-03
4.762568577456039592e-03
4.251579130398051853e-03
3.768859124380491855e-03
4.295271647980916999e-03
4.753419463397210408e-03
3.992172409839676514e-03
3.374062043219980267e-03
2.808641290770305145e-03
4.073179513600456124e-03
3.992334700234807798e-03
4.180347227714252024e-03
5.372083623281224095e-03
3.834213161441518518e-03
3.962912477539109676e-03
3.983603204508781928e-03
4.893667801095737471e-03
3.468517588578354412e-03
5.376294702107509496e-03
4.126095589446253722e-03
3.783297812388630894e-03
3.778193070711776715e-03
4.217045360862967107e-03
5.019193980505541261e-03
3.066344703335754582e-03
3.727306059502343699e-03
5.651779992266688958e-03
4.850576530298347441e-03
4.814347793932251610e-03
4.274510951363326254e-03
3.380221440820659583e-03
4.289530713314188698e-03
4.827283312188603015e-03
3.136189477901572212e-03
4.638289999461531199e-03
3.273861945414119259e-03
3.823239742297754058e-03
4.018994359408546019e-03
3.921831581321283400e-03
3.894145590646659952e-03
3.997249098996799067e-03
3.784389428172535604e-03
3.943966005985705993e-03
3.566741890651296647e-03
3.335000959592485624e-03
4.319040103444365605e-03
3.750970316348590725e-03
3.962004162477716918e-03
3.499106845465631190e-03
4.497801293617004897e-03
4.248988912961798592e-03
3.924261337528538174e-03
4.624331782622458781e-03
4.460464475905836362e-03
4.427191474269434948e-03
4.377549082849990433e-03
3.551658330147342696e-03
4.678850832646210683e-03
4.512799316262159320e-03
3.431124693487040602e-03
4.274320244079813508e-03
3.472284617125731988e-03
4.964552123395705660e-03
5.274397672802299229e-03
3.992610939759658716e-03
4.345228625362324883e-03
4.444904178065970345e-03
3.664536992509372353e-03
3.996154103937258999e-03
4.955153927980285831e-03
4.133149822187195954e-03
4.732405975792907706e-03
3.562562136936740179e-03
4.996841013035943982e-03
4.099552185882502330e-03
4.485319056309487219e-03
3.937504182255612169e-03
4.944551573229051186e-03
3.614528734090633431e-03
4.154122826387827636e-03
4.302650591686384661e-03
4.115119485301427064e-03
4.311037911539769216e-03
5.085728179262353522e-03
3.974887109921383492e-03
3.706466090970374303e-03
3.542126335867672258e-03
4.793984835186341359e-03
4.586857111066145604e-03
4.896123327738510431e-03
4.351605943086981482e-03
3.293247435507429613e-03
3.758518693815356485e-03
3.466085606192603318e-03
3.964854976032483429e-03
3.895473498664751844e-03
4.484653853686462570e-03
4.401931225755940404e-03
4.896442347737430846e-03
4.946808261161044634e-03
5.261658404916553199e-03
4.355563751371354687e-03
4.238417010935140346e-03
4.005061234655326284e-03
4.237162274745214473e-03
4.128878357311604672e-03
5.636660189731750210e-03
3.842939670432393272e-03
5.405308807856299379e-03
4.709065970653013820e-03
4.010997831058258321e-03
4.502030916564239184e-03
4.367074516266805650e-03
4.893888017282040266e-03
3.413787042590221005e-03
4.350550668622906944e-03
4.074121324143859316e-03
3.910265777534028056e-03
4.016931894278344579e-03
4.648264929706128964e-03
4.825306951949046193e-03
3.073203362520092116e-03
3.866391346004219472e-03
4.532227466105135175e-03
4.900635028440674702e-03
4.281699828751373005e-03
3.672846184378410119e-03
3.640751007997887305e-03
4.334362375370452193e-03
3.127882113776879643e-03
3.678467946194019771e-03
4.705915369705429216e-03
4.447758439191631420e-03
4.090922397665316783e-03
4.468336038995365800e-03
4.430548830748552713e-03
3.262548721523544568e-03
4.715526313915585632e-03
3.908994308715586785e-03
4.523715948599669502e-03
3.955055282681804903e-03
5.134962230645054998e-03
4.016295021768272536e-03
3.914301457635362136e-03
4.222035270228708184e-03
4.143936309234837363e-03
4.535635032627445551e-03
4.519619734654057100e-03
3.267345154087546166e-03
4.889239178221210444e-03
3.931194682571987481e-03
3.671342635765443511e-03
4.471761035571953681e-03
3.456727577595760867e-03
3.442580911942301827e-03
3.499728650323520856e-03
4.057377599750146280e-03
4.351493448832901949e-03
4.538863424474451000e-03
4.117559598077575982e-03
3.826524049044290748e-03
4.233585514727652641e-03
4.021842814479628138e-03
3.842211469031981980e-03
3.573331691159244324e-03
3.932051433598757369e-03
3.148861663112948427e-03
3.799093281027516710e-03
4.657738656813896483e-03
4.787271416624445941e-03
4.301043499542895818e-03
4.461730491318929674e-03
4.317466774250175096e-03
3.262558642856215347e-03
4.100557926980982759e-03
4.231633503376837011e-03
3.756920787318699349e-03
4.910460870241991488e-03
4.861001088792100619e-03
3.879274963988431010e-03
3.362790465136097657e-03
3.988095787159291403e-03
3.506587888834153659e-03
4.015536102784433847e-03
4.091769761107991177e-03
4.157969177181776270e-03
4.187072948981962472e-03
4.754471177039233665e-03
3.887052350733678427e-03
4.263350650554502581e-03
4.227324301686399138e-03
4.259163271665892744e-03
3.681381835386691743e-03
4.660158257286077174e-03
4.490989759140516860e-03
5.680156690541052732e-03
4.261730056470381355e-03
3.676008785916971399e-03
5.025047680104778418e-03
4.172808461113308200e-03
4.438048268857111914e-03
3.727863129830863171e-03
3.411283180429742091e-03
4.884479068863955067e-03
4.824743438317252546e-03
3.824135971730018273e-03
4.962162947739051297e-03
3.978871703996831460e-03
3.544085699581279829e-03
3.783520701987736455e-03
4.301418598428742752e-03
2.964678561409915623e-03
4.036047675314020922e-03
3.650999171750192451e-03
3.755850453177179624e-03
2.964975733292723754e-03
4.321397053682094619e-03
3.661496572638008387e-03
4.109954055955206478e-03
4.476093214510981459e-03
3.915811077155830280e-03
5.523428630407300512e-03
3.790999642409528542e-03
4.336281714796550932e-03
4.073933794135951511e-03
3.657464337111664566e-03
3.568916894897303498e-03
3.465660829742018331e-03
3.202443642627546359e-03
4.503664446730397571e-03
4.036888413535025429e-03
4.721025960140223625e-03
3.529236145643482783e-03
5.145304271310611847e-03
4.202490571817162762e-03
3.550121903384543653e-03
4.387121588247840098e-03
3.698920672775193267e-03
3.061280246304750024e-03
4.316067844839566181e-03
4.951126891785217858e-03
5.240066958553637327e-03
4.359336337647235805e-03
3.626947678587696608e-03
4.849217124575083172e-03
4.656497375129749206e-03
3.968912532615526990e-03
4.385447911347918788e-03
4.037596045648966445e-03
3.699276337269389540e-03
4.129117482760544938e-03
5.546975459414982615e-03
4.127882751558106800e-03
3.580456527301235752e-03
4.469771366923731837e-03
4.365910866636278122e-03
3.548173513780886277e-03
4.796118652665441913e-03
3.711743020248432258e-03
4.290534997824064188e-03
4.204551640545776958e-03
4.400137378451979969e-03
3.205498125435345472e-03
4.784608848496609869e-03
3.796301531620535109e-03
4.203845932943775510e-03
4.156104761146590075e-03
3.064025338343534348e-03
4.041142536139731740e-03
4.562609080562661165e-03
3.684455227099661234e-03
4.462693280634057007e-03
4.632060506822270260e-03
3.937084978890584459e-03
4.866834686291242155e-03
4.610447656547439835e-03
5.219442872757301677e-03
3.786849885275201354e-03
3.812178892527802367e-03
4.475808893358445770e-03
4.127766371067766518e-03
4.335408279705395794e-03
4.556755821469245064e-03
4.270105352789547309e-03
3.784662401672149803e-03
5.106420356747944089e-03
4.192116680576472854e-03
5.137318618965862164e-03
4.472934389664988235e-03
3.783026264567853399e-03
3.611452879025330628e-03
3.807445853844511167e-03
4.126446154261109722e-03
4.188162711173648231e-03
3.097182422572221112e-03
3.926012365892628253e-03
4.832825335636238215e-03
3.716816150672720784e-03
3.992525190278874495e-03
4.554051203073883163e-03
3.688206998846657592e-03
3.669260725514232168e-03
4.067555639684927900e-03
4.853677037472756486e-03
4.497823252122391292e-03
3.915963952193893781e-03
4.790350050587094920e-03
3.548594243328408605e-03
4.266795239483859269e-03
3.718557779000256167e-03
5.305146974177823646e-03
4.523895777345003470e-03
3.226635170948757153e-03
3.301048579597942560e-03
4.245441764860899414e-03
3.207340298173077739e-03
4.531137003258537722e-03
4.253200391331834508e-03
4.322293375148718135e-03
3.772690082338226066e-03
3.973413864127077477e-03
3.322493471322728823e-03
3.531028844332428050e-03
4.344539864391607463e-03
4.335548117429663048e-03
3.798420998971981793e-03
3.623406794359209076e-03
4.114078016460842417e-03
3.427241683642453553e-03
4.650895996756914362e-03
4.131526022552467654e-03
4.071147942240543188e-03
4.273751718197738372e-03
3.870693271113671580e-03
3.751549232306838118e-03
3.335129738596097522e-03
4.260413379577642108e-03
4.208570793890192320e-03
3.773986195469001236e-03
3.519732443921013039e-03
4.261838362028604575e-03
4.519862416452682594e-03
4.059519463879966705e-03
3.576614162745375865e-03
3.722471776401242109e-03
3.741376590067272637e-03
4.281120730478089713e-03
4.870704883771953195e-03
3.629795367307147701e-03
4.501914895020417244e-03
4.760582474392567078e-03
3.848055717623033879e-03
4.455489340905155644e-03
3.837984775201487651e-03
4.417990219250733132e-03
4.632218213864279163e-03
4.377486257771259076e-03
3.683804263588212179e-03
3.221568006654521293e-03
2.842673950709354545e-03
4.464795669943269832e-03
4.686759124152025877e-03
3.880669564129946968e-03
4.312582845435929298e-03
5.431675778514209220e-03
4.420953772729074339e-03
4.478033631110408044e-03
4.141093060035685829e-03
4.401590037279100309e-03
3.680107364661828247e-03
4.283700451938028328e-03
3.796540530522972932e-03
4.518556796698831000e-03
4.695233091501315251e-03
4.131717349287149579e-03
3.723923703293396253e-03
4.340105850056565420e-03
4.431934728869644548e-03
4.745688723005605548e-03
2.961611418201849730e-03
5.250102821250931390e-03
4.734707995602290172e-03
3.099759253034752114e-03
4.782091605892317687e-03
4.656820019298311963e-03
4.794167655573292053e-03
4.775103191472261817e-03
3.440518337226853695e-03
4.734796502079590026e-03
4.029807805818274788e-03
5.134394666948741484e-03
4.253711837400975249e-03
4.203486515077066270e-03
3.942161317241493074e-03
3.999297817108946225e-03
4.182639461810445936e-03
3.670898983222465380e-03
3.564896215516891349e-03
4.524025892093273479e-03
3.758476987327155974e-03
4.268562871820017271e-03
3.952276259672824268e-03
4.822422685647362491e-03
4.026418422493399998e-03
3.524633735681607753e-03
3.620345034248180320e-03
4.069983081278980182e-03
4.386052720472034122e-03
4.240326789765167317e-03
3.818720910716952213e-03
3.974919073386785733e-03
5.563321711002102224e-03
3.792225894388114981e-03
3.528192865523190318e-03
3.971610928781014321e-03
4.330169819265672695e-03
3.631411324304844018e-03
3.403847296291945615e-03
4.468019665601472533e-03
4.587488434175210350e-03
4.174492690365239934e-03
3.845996416231774271e-03
4.287690432137478830e-03
3.917935340100164171e-03
3.684142066384867280e-03
4.405783837483816592e-03
3.659774497724241349e-03
4.242676060110402679e-03
3.361721513553890626e-03
4.082544414339166726e-03
4.800859701402118013e-03
4.525477062846488402e-03
4.184770562262807476e-03
3.945189733304367737e-03
3.661712009819836043e-03
4.046213175266439276e-03
4.487187011290732358e-03
4.639798715173997813e-03
4.588081931113970578e-03
2.919947194049032912e-03
4.547072593662965234e-03
4.728960658541836448e-03
3.805951398755574693e-03
3.728833378008970887e-03
3.293592346473574357e-03
3.757086658438517877e-03
3.441572239940288505e-03
4.424685744579845079e-03
4.477765800367339982e-03
3.475812259522131648e-03
3.934538695773184304e-03
3.445663672603637567e-03
4.703599383776319032e-03
2.848603710971091361e-03
4.528515445953806319e-03
4.457404674001411854e-03
3.611083000391296979e-03
3.484417116297262688e-03
3.994172357711936287e-03
4.066962112497790952e-03
3.298487486565831583e-03
4.694857450829754801e-03
4.307254130949224498e-03
4.604789667786037162e-03
4.287703722357790251e-03
3.908943606061813375e-03
4.636423272601759502e-03
3.947712917090576146e-03
4.244489594835661357e-03
4.320319538686984324e-03
4.281247470850786489e-03
4.215880546054241729e-03
4.886274499783832721e-03
4.460251848232750678e-03
3.545868019810347136e-03
3.215637710669200493e-03
4.353129798945780914e-03
4.226966906253695755e-03
2.822268379342269141e-03
4.361120258269051558e-03
3.825675885998158689e-03
3.833145570140217631e-03
4.406679665251058385e-03
5.242094219478185720e-03
3.877264052743635038e-03
5.220928118738948041e-03
4.051294351701266623e-03
3.421962413328216018e-03
3.942583119910218412e-03
3.568568360916160934e-03
3.965523944458045937e-03
4.424081399863282957e-03
5.104393355862661859e-03
4.583964135390085695e-03
3.774267629378214028e-03
4.275548101724964065e-03
4.374975058114888467e-03
4.514877034134899374e-03
3.601285553366817289e-03
4.297687027940421366e-03
3.757601024323988740e-03
4.245342983805931725e-03
3.720896864028604319e-03
4.426566269077242093e-03
4.087161576626570023e-03
4.740712865629289827e-03
3.881307050606804410e-03
4.333396245396671509e-03
3.476674086224620670e-03
4.089750208862737504e-03
4.081807613183888010e-03
5.002153112892648856e-03
3.737168657168365646e-03
4.571889016366842765e-03
3.316919927533812547e-03
3.549208333989110550e-03
3.884882004572723369e-03
3.899869834984272948e-03
4.362074951173549285e-03
3.630628495848785969e-03
4.659474850777369816e-03
4.883948348139384443e-03
4.673813836359968880e-03
4.213801943665511709e-03
4.774259841755243948e-03
4.147777280863098465e-03
3.845059945245937142e-03
4.650217866952337069e-03
3.617123533502912287e-03
4.616982364421766578e-03
4.124985020051672412e-03
3.760476692574421867e-03
3.844746453740177823e-03
3.968629917478040149e-03
3.846724824225384275e-03
3.396969590624020294e-03
3.656339375845052767e-03
4.928946602133338004e-03
3.647664751418403309e-03
4.563101688996867335e-03
4.356142165037826634e-03
4.164487795800517200e-03
4.772554355805700040e-03
3.800833019559880614e-03
5.263462672922016722e-03
3.247952407861819969e-03
4.290245290493662801e-03
3.405039585825782745e-03
4.434063920043440979e-03
4.386182381635947425e-03
4.403576004600220570e-03
4.504939831380059753e-03
4.153032637771205716e-03
3.677495539705156677e-03
3.545905355135714910e-03
3.616518334349660361e-03
4.194626834644521809e-03
3.869192249037589192e-03
4.411478355135731513e-03
4.767654720903981985e-03
3.563512240235822571e-03
3.937272118830300108e-03
4.135153638549258527e-03
5.101971018458397421e-03
4.372021719614005777e-03
4.238260211253416440e-03
4.301079659333335511e-03
4.481851641195835380e-03
4.605036202751663400e-03
3.466651272439587230e-03
4.208669849851365448e-03
4.063380244808539876e-03
4.702458301105911544e-03
4.617717598716643453e-03
4.287683022426940112e-03
4.224885130739466400e-03
4.049257874113279705e-03
4.066373320654933891e-03
4.620423182424328486e-03
3.801331218393717848e-03
4.216822199236621403e-03
4.671733557607292767e-03
4.504386724332806388e-03
4.552425646983182007e-03
5.106382356839091717e-03
4.327459645836736167e-03
5.211047236554652504e-03
4.917097334306161360e-03
3.889285404745920077e-03
3.084145953298617505e-03
3.566914095500370654e-03
4.467687520737051270e-03
4.244967486106496733e-03
3.339699708518154529e-03
4.493393571173366456e-03
5.088659266854272771e-03
4.168728985903599228e-03
4.636759703646416153e-03
4.262826718679751069e-03
3.633623590150757143e-03
3.847024699404319285e-03
4.540253486739692125e-03
3.842976128711355494e-03
3.857464495692469828e-03
3.349538126013223288e-03
3.782896038426995528e-03
3.305536909681328940e-03
3.734950649041982821e-03
4.785008124456670113e-03
4.789962634945912727e-03
4.783081728539445576e-03
4.031930072841022686e-03
4.400427041945050022e-03
4.195989542383368916e-03
4.034975308587432190e-03
4.192297470034413512e-03
5.100797836175987622e-03
4.104463981567025611e-03
4.096684419195158362e-03
3.882778071531627767e-03
3.845394577255763831e-03
5.497855299645619358e-03
3.651340307658699179e-03
3.868447108656014426e-03
3.926868829189037770e-03
4.592511490497803474e-03
3.452155378471534648e-03
4.226700081638793717e-03
4.007772233302541939e-03
3.864736833907160465e-03
4.058394990141396715e-03
4.781331142901534999e-03
4.745936914288912886e-03
4.186523265048995059e-03
4.431114915207256220e-03
3.972712191208099472e-03
4.468867626520112331e-03
3.615867282724857888e-03
4.096567625126869283e-03
4.354395506849839496e-03
3.291475286609572316e-03
3.785864830494286952e-03
4.421828389657943108e-03
5.187411045276022793e-03
3.997895706248110782e-03
4.261294224415480662e-03
3.627854150885739901e-03
4.165692287818105639e-03
3.482297273502732698e-03
4.517296565379976848e-03
3.762894288443124988e-03
4.824632223920729754e-03
3.582774367172602160e-03
3.741249821575158910e-03
4.022194571122583891e-03
3.458365173566218826e-03
3.781372137684190730e-03
4.080727525035811841e-03
4.439289424377101945e-03
4.248699093545756089e-03
4.550204051862379376e-03
3.966549846732195413e-03
3.334159778565342572e-03
4.144298483221000792e-03
3.890146245072114220e-03
4.702505209084616861e-03
3.837021394538649502e-03
3.501790677888947951e-03
4.376951384096689802e-03
3.725536880900051032e-03
4.994311837926251364e-03
3.325736999047593494e-03
3.641322231654362581e-03
3.758564630805227760e-03
4.739555608977028857e-03
3.684129770299208063e-03
2.569487546555593391e-03
3.390478615458410085e-03
4.324106821464767172e-03
4.839998026543625674e-03
5.029903415303869051e-03
3.966104525226594665e-03
4.776282835963592370e-03
4.374910570752591973e-03
5.190184077339961288e-03
3.721526910490139620e-03
4.265250681114521498e-03
3.617923116923455178e-03
4.158721774204860583e-03
5.087126007593852604e-03
3.734419328473278631e-03
4.695936127538661436e-03
3.948830625666283935e-03
3.561741946058074107e-03
3.558231279356315231e-03
3.612702287347852731e-03
3.721924241844782634e-03
3.838237994266669416e-03
3.663383193405444962e-03
3.891617894747770659e-03
4.299024596199793775e-03
4.759511025295235648e-03
3.814191559607290824e-03
4.782738099504260654e-03
4.413048252581346607e-03
4.467830705080476535e-03
4.729057896889895737e-03
4.853085560232815905e-03
5.725181100317504497e-03
3.776896346346367457e-03
3.676454987683465403e-03
3.893606943697835998e-03
3.903470830777792076e-03
3.991749826708499566e-03
3.922775632411537941e-03
4.291094674205893009e-03
3.789087107371972435e-03
3.308605926672009579e-03
4.077285471045905343e-03
5.598516043062331908e-03
5.065229571422188298e-03
4.699306700853292385e-03
4.288536143450318375e-03
3.936156277829715514e-03
4.088384994262121014e-03
3.932421731462181803e-03
3.709886992909566545e-03
5.212629455091107034e-03
4.406743376700366505e-03
3.062730301719228648e-03
4.706422644520130878e-03
4.695387257668842511e-03
4.259521031998321147e-03
3.969987356030207394e-03
3.433050870396752927e-03
4.166617916139681542e-03
3.888290767106936108e-03
4.435996542048716018e-03
3.312951065930590591e-03
4.924882829730361025e-03
4.762038041180343545e-03
4.379539081684266123e-03
4.844531753027301983e-03
5.275595864840599419e-03
5.364111171152834492e-03
3.722833040434462247e-03
4.546165583904446944e-03
3.363701357036212852e-03
4.216373355998151787e-03
4.706446758598623568e-03
4.368925912962377638e-03
3.816247930697574172e-03
3.611168385921400843e-03
3.586641602344224199e-03
4.040634110929837777e-03
5.285727847778537089e-03
4.354378130947732586e-03
3.755978329729817763e-03
3.746386752093518093e-03
4.752966172424774940e-03
3.449706988562536384e-03
4.244876981430566881e-03
4.560176341643025488e-03
4.477396176769677695e-03
3.846254403611588501e-03
5.009531151856577019e-03
4.318116521789239735e-03
4.111356810898008501e-03
3.729668511954767427e-03
4.022514839317888231e-03
5.414869858902656569e-03
4.219090693670899360e-03
4.987034357223278300e-03
4.316207648809756645e-03
3.147832080507035214e-03
4.958621015898057906e-03
4.573844157087922184e-03
5.497242707048558864e-03
3.081035065556553872e-03
4.846512619426091885e-03
3.825854642653299994e-03
5.252937362207271178e-03
4.164223474906132531e-03
4.155836512387086311e-03
3.589440809872363348e-03
4.608052351294980586e-03
4.369919480495391625e-03
3.862752186475351332e-03
4.719993787068101250e-03
5.032711660989765134e-03
4.260763868301938040e-03
3.877472559796435198e-03
4.281430810930656090e-03
4.302411666579306418e-03
3.694408060695718136e-03
3.991827916065711877e-03
4.381621294252026864e-03
3.912235964658184080e-03
3.873138071938696681e-03
3.843793161082047303e-03
4.114346448116295435e-03
4.626280765532124646e-03
3.280450768127761343e-03
3.755047278153233591e-03
3.912544986631343903e-03
5.489865674397176147e-03
4.767851571415150473e-03
3.347376130689734205e-03
4.158544629767384204e-03
5.015076345642915587e-03
4.113326788409562076e-03
4.479305702803863982e-03
3.113278004093704247e-03
4.050356013623996644e-03
4.086565558270945434e-03
4.923859791854723333e-03
4.985715168092167728e-03
4.171095738154993390e-03
5.074131146564513084e-03
3.397889003498781417e-03
3.401029520215450436e-03
3.220038526615713863e-03
3.276752791900685614e-03
4.644392190037371915e-03
3.805179373598259647e-03
4.247869497534598193e-03
4.860050768606182479e-03
4.141065568969569573e-03
4.117533892287854325e-03
3.722723527206255913e-03
4.128055925272982631e-03
4.013415584669878695e-03
4.087180034589029710e-03
3.925740561854328299e-03
3.169406517570582792e-03
4.747540974969797350e-03
5.610404229588289611e-03
3.899739075704829715e-03
4.132619035401146994e-03
4.252697077155100612e-03
4.584074491800220821e-03
3.360096257748043744e-03
4.638910337881450678e-03
4.316585549065569440e-03
4.021212752674260295e-03
4.540263923874027739e-03
3.982175738441721090e-03
4.476922077726063799e-03
3.816760797581824141e-03
3.885271299160949088e-03
3.951338536506163700e-03
5.040436617498046321e-03
3.691392265862021137e-03
4.233803362254782987e-03
3.992183263246877264e-03
3.639014067276008860e-03
5.058072213972948129e-03
3.260753745009939506e-03
3.852331029512274640e-03
4.658260458279544526e-03
3.801065969683979553e-03
4.479936122917156822e-03
4.045698915785845944e-03
4.398442093668718418e-03
3.309819129129116556e-03
3.768824017860113174e-03
3.605180986619092778e-03
3.055109034542037930e-03
3.825997571743359506e-03
5.065105077995474096e-03
3.537253211015637874e-03
3.602080123382955454e-03
5.454621510221874942e-03
3.921364128316907546e-03
3.985648359066211281e-03
4.479521628097690375e-03
3.878728044932838390e-03
3.585246251111687699e-03
4.462809958763974336e-03
3.493003864040980858e-03
4.027761608581627295e-03
3.491440133562659365e-03
3.589662910170494502e-03
3.458541609157307368e-03
5.116906864721904383e-03
3.342951046052431222e-03
3.827423647215422685e-03
4.611780821274449708e-03
3.863086139876823616e-03
4.739268854910399890e-03
3.996253345840228809e-03
4.037154201817974922e-03
3.983372142578528625e-03
4.044913145934077997e-03
3.219168178906119202e-03
4.025150980115439238e-03
4.535370930960575496e-03
3.858706259967973739e-03
4.370652029380609101e-03
4.117118893662018858e-03
4.218562706804273449e-03
3.891106156154291833e-03
3.785178777774246637e-03
3.391856390246022080e-03
3.812706196372865359e-03
4.335014474901492144e-03
4.325095545340793511e-03
3.781315725648411522e-03
3.779641753682463912e-03
4.088748478735539614e-03
4.968164843198303454e-03
4.651050913104054496e-03
5.128627708107530263e-03
4.409991220126449445e-03
3.494862450892261517e-03
4.256154646649632986e-03
5.043549052673288943e-03
4.154329872459122316e-03
3.909546188549864812e-03
4.508564968406828313e-03
3.370968482796385998e-03
3.885666089258537053e-03
4.353707041404880455e-03
4.457869833486200785e-03
4.113250615522969118e-03
4.656482782953742620e-03
3.885508141048144709e-03
3.495236606042735616e-03
4.385485062016416906e-03
3.804606826768106107e-03
4.373536251575813917e-03
4.227257038586892252e-03
3.585878494103868740e-03
4.264502800731844422e-03
3.614798642425761255e-03
3.751138069138484649e-03
4.361984219978968375e-03
4.297939718268787949e-03
5.003203268510341035e-03
4.428733962716827934e-03
3.984515892888848033e-03
4.603022464521527163e-03
3.210996572458377826e-03
3.894696705902629761e-03
5.503796485485764473e-03
4.660220318579628464e-03
2.923459361592066399e-03
4.411292559958175132e-03
4.773539710168682795e-03
4.434307341932179798e-03
3.489782891311091206e-03
3.904112584921317925e-03
3.565088100906232699e-03
4.393789604617311453e-03
3.955816855097316759e-03
4.258846320098833883e-03
4.061208422023981045e-03
4.833956673294770995e-03
4.242015702593003763e-03
4.646529212223041161e-03
3.612920944220895415e-03
4.002273635831849613e-03
4.554012571405984672e-03
4.223103789586652758e-03
5.093022164383065320e-03
5.107422561674660258e-03
4.514352582091392570e-03
3.758857494232712045e-03
4.979038922032159691e-03
3.861674621825923921e-03
3.871543259236673654e-03
3.921376452544046362e-03
4.252690441049693237e-03
4.845011617176125072e-03
3.942421209560655060e-03
4.279052934474611609e-03
4.532213463550044050e-03
3.631234943256871593e-03
3.483330049804068615e-03
3.787191111386421435e-03
3.761897138535014781e-03
4.052106558911988503e-03
4.330611560270822627e-03
4.328786116695899737e-03
5.140059059536117997e-03
3.962719508011589356e-03
4.958479546706221104e-03
4.404317472531554291e-03
3.532637877701941004e-03
4.122776416022956407e-03
5.137339042131346470e-03
4.262168450189385976e-03
4.074034688250729661e-03
4.513127598480127026e-03
3.704792062607182180e-03
3.960487572710121897e-03
3.728776803975612699e-03
3.211078108049016805e-03
4.185804700230337690e-03
4.412969922732634317e-03
3.810988880372230807e-03
4.430175752924966903e-03
3.305265450120908801e-03
4.187692474797000998e-03
4.470260694984361065e-03
4.163556273144367915e-03
3.472535468096920718e-03
4.733657434471379502e-03
4.099711040278826088e-03
4.261398805315750292e-03
3.890950049181108195e-03
4.198192302220825518e-03
5.240466419389004475e-03
4.987777426051052607e-03
5.068489334160442179e-03
3.923020526950372379e-03
4.412825196699380302e-03
4.604802238110857274e-03
3.515208119625681457e-03
4.006132063054559760e-03
4.432041768654584706e-03
3.673448307986118544e-03
3.252713204861662315e-03
3.308357592371897245e-03
4.567435761306737167e-03
3.302083686075406484e-03
5.047386454343952278e-03
4.541782200856200012e-03
3.721823166640719424e-03
4.063546993265750376e-03
4.662119112029941906e-03
3.612838968896830982e-03
3.645441461389942444e-03
3.539274946642421808e-03
4.857792078787121458e-03
5.172604886254538424e-03
3.591670095959047498e-03
3.648054500918757395e-03
3.662354124521579289e-03
3.898910282124471143e-03
4.286461852241098096e-03
4.317666671331760533e-03
4.276865444798183882e-03
3.908468797322317556e-03
3.719324803778184616e-03
4.426996116297331890e-03
3.400107273056339995e-03
4.145134815416473030e-03
4.648834980303935376e-03
5.010994002943153919e-03
3.904821616996431537e-03
4.581875084591433694e-03
4.051861849029209268e-03
4.435343826196009621e-03
4.770937482716210154e-03
4.341492057778232466e-03
4.136288283855015131e-03
4.545103184553393391e-03
3.831460306846329669e-03
3.050941388025259649e-03
4.980845230011871766e-03
4.671076617703160891e-03
4.346124687603759341e-03
3.717013942502960140e-03
3.815852921911031675e-03
4.436740480249833606e-03
3.670041688336365959e-03
4.189789099158865333e-03
3.215897033139333838e-03
4.139251141634084710e-03
3.704545018699396692e-03
4.419242476235655387e-03
3.546368602505679292e-03
4.703371268938392850e-03
4.590509243266861945e-03
5.204075446079117068e-03
4.021805411685751286e-03
4.501644416097012706e-03
4.345762705134148529e-03
4.442708735047620067e-03
4.227677172233791462e-03
3.584709822640489308e-03
3.692505497539444546e-03
4.114302066535678246e-03
4.757035412152420435e-03
4.170658191347573034e-03
4.429245814320137420e-03
4.734573936320204263e-03
3.676367653287585750e-03
4.375714181853256578e-03
3.924131380850189900e-03
3.719291731953230668e-03
3.861233761173782798e-03
3.955467102490547136e-03
4.382776645791760031e-03
3.498070081929289567e-03
4.202652808113776714e-03
2.890802356611023305e-03
3.672615703386289485e-03
3.615034860952747939e-03
3.628750732326539285e-03
5.621031784998310570e-03
3.560046083629335098e-03
5.110271842429682000e-03
3.789831146836971417e-03
3.423274259093865308e-03
3.892885390134115994e-03
4.867371223369861347e-03
3.390384398540620403e-03
4.060093949103307960e-03
3.859929646754412403e-03
3.841271808867831490e-03
3.757800215683150969e-03
4.682614516408987494e-03
4.476020333466337701e-03
4.684894870650106909e-03
3.376620052810410874e-03
3.400661614464861073e-03
4.916136866059275280e-03
4.534891033296900055e-03
4.415407975279862611e-03
3.584444549470510322e-03
4.165444096361095236e-03
3.619227825140018846e-03
4.451828963401956857e-03
3.684196856871032287e-03
4.146598640368428026e-03
5.206744224437807010e-03
4.934668546305439815e-03
4.461199944454232597e-03
4.741905595055532878e-03
3.555345171193592408e-03
4.930773076956821398e-03
4.422025801477227035e-03
3.965164190609569116e-03
4.834296293291184821e-03
3.582622105039988143e-03
5.003721233675702089e-03
4.257438010775332557e-03
4.208142168961787923e-03
4.165649937191971165e-03
4.822845453372148067e-03
3.756321099084382158e-03
3.795109017611169536e-03
4.655050035445894470e-03
3.002583781168466793e-03
4.540844196405531205e-03
5.290507988659870833e-03
3.677880699730825056e-03
3.758498012316703520e-03
3.378640117366701456e-03
5.365828557503401521e-03
3.929708286825795392e-03
4.505279274723685695e-03
4.356108472849872133e-03
4.615132280432788191e-03
3.495282931335790769e-03
3.670286458716096826e-03
4.299671701897775714e-03
4.511156571677801125e-03
3.366986547128392269e-03
3.744409098115947850e-03
4.552105936724045419e-03
4.793893233453817501e-03
4.092842695170891519e-03
4.829086090779409826e-03
4.385960234378554271e-03
3.898682750824463469e-03
4.463631266263669989e-03
3.952759410627747216e-03
3.895556290776076933e-03
3.407194881371201391e-03
3.813548832444538152e-03
4.726100822539006964e-03
3.461741171078949568e-03
4.403439410388509945e-03
3.475788407513620126e-03
3.683783527831969475e-03
4.889764134274139987e-03
4.310351737589406679e-03
4.747891382695547738e-03
3.846981217072249250e-03
4.440740369189664395e-03
4.303822480563287631e-03
3.527263158537333534e-03
4.063993554081510827e-03
3.904642024540028265e-03
4.184652247205781529e-03
5.033528760231080132e-03
3.030387567503114218e-03
4.346006553665763758e-03
3.716487702478628741e-03
5.208895246095123291e-03
4.850225312651245714e-03
4.673747551251421911e-03
5.399933410032609418e-03
3.486481391270943204e-03
3.688405455516360378e-03
4.253690491587152137e-03
4.025106880030262721e-03
4.124573504967268822e-03
4.472728988053160590e-03
4.102662458364133083e-03
4.124408650333159267e-03
4.016668926116576804e-03
3.902142008802812582e-03
4.831302710258723355e-03
3.640439751690567518e-03
4.159676295750252585e-03
5.080864500706492801e-03
4.570691842944147633e-03
3.294466751516907533e-03
4.666572391666033714e-03
3.397321973008978965e-03
3.852101322545777983e-03
4.073697552452376636e-03
4.519686974581907553e-03
3.798357478559541422e-03
4.315019217381567407e-03
4.957026617691913904e-03
4.662495767985738379e-03
4.312553886693961530e-03
3.753312133776772613e-03
4.545125848006901365e-03
3.768102968547728301e-03
2.850580677315619951e-03
3.485335467757314648e-03
4.498862048787403978e-03
4.663528207892921745e-03
3.248089716942459838e-03
3.310342701266623302e-03
4.379675940550621302e-03
4.099981428959423475e-03
3.970355052693050509e-03
5.270057050548272899e-03
4.321875253205331030e-03
5.062106349965656525e-03
4.030263069228625511e-03
3.755142781605831214e-03
4.625417143520308208e-03
3.540902294116347881e-03
4.303697547527801301e-03
3.682225205274177772e-03
4.017067217147188285e-03
3.414169677492495582e-03
3.144569852734571160e-03
3.508431828762485945e-03
3.471262853320736252e-03
4.276072881305026038e-03
3.938252005860067365e-03
3.547912631782315987e-03
4.602075793537702304e-03
3.968671529190098864e-03
4.780150009648092592e-03
3.524861636504643056e-03
4.261125507920784580e-03
4.952561756693213586e-03
4.791257978623271983e-03
3.492638803632991482e-03
3.946297050034816220e-03
3.992661150067254409e-03
3.569021984045581911e-03
3.528807473043693750e-03
3.784098722647417663e-03
4.494604489366094656e-03
4.399503674724421221e-03
4.380277613746038495e-03
3.189253557403332225e-03
4.559625330968319901e-03
3.155279474675246575e-03
3.905727726058477560e-03
3.956791269253600619e-03
4.382750656591725795e-03
4.247130863852189436e-03
3.447332280281862824e-03
4.676124935848568163e-03
4.170435992791065617e-03
3.587025093108270422e-03
5.078226939452631060e-03
4.023066256250724254e-03
2.766693381673288651e-03
3.389736509394191289e-03
4.671138513784161943e-03
0.000000000000000000e+00
