6.998467063126245086e-03
7.159511980853921868e-03
6.898177654027356706e-03
8.063749544307831710e-03
7.220062086207628890e-03
5.646927295980284922e-03
4.342166211116048856e-03
5.598264889108243991e-03
8.989245227225509116e-03
7.255409297932471219e-03
7.388756170233416569e-03
6.992711282184772489e-03
7.840150737677454434e-03
8.080224796709351703e-03
6.729358541679923526e-03
8.265603776298821939e-03
5.761601834927072667e-03
6.902928757416741321e-03
7.864014390927362430e-03
6.136532593036179289e-03
7.326573502592601504e-03
1.022983989937377956e-02
4.836041235069586317e-03
5.936423458275230831e-03
5.745975388437322626e-03
9.188658139767394428e-03
6.364989293669293460e-03
8.596477464590950718e-03
5.776153749876271337e-03
8.532962737507313739e-03
6.162114414021495692e-03
6.857916626096144039e-03
5.326106088616058658e-03
4.908385081993130519e-03
6.592149317765234537e-03
9.207213383225885603e-03
6.471829269014412432e-03
5.817314917639811005e-03
5.120745044461405375e-03
6.934764359851977589e-03
6.315684982308786624e-03
5.879058097182759610e-03
6.815550550508076705e-03
6.679286533545160734e-03
6.901456756324040112e-03
5.469783302708160384e-03
5.821438971746402055e-03
6.294193371860387978e-03
7.424634045318989281e-03
6.999492147514452429e-03
6.341035414529663274e-03
5.107359061862542550e-03
4.742308432240535665e-03
5.933635302750327883e-03
5.554126605771411707e-03
6.858544694278929758e-03
6.056958184900970710e-03
4.968691558207940714e-03
6.288574052561979842e-03
5.623163785639311019e-03
4.860765563904379319e-03
5.697613794896736784e-03
5.412096695316067664e-03
7.908937512570541131e-03
6.022905961126084375e-03
5.949812375599813040e-03
5.684029571066336745e-03
6.787766429420046162e-03
5.410969494222444068e-03
7.214776017209778743e-03
5.733520255347336787e-03
5.889364444734993854e-03
6.611624096762467803e-03
4.346503751237178192e-03
5.218167660151708589e-03
7.395682924924184762e-03
6.828400474662017251e-03
4.909255501759302899e-03
5.353560471291028168e-03
5.412429547670190300e-03
5.964736155675395314e-03
5.789909041530459828e-03
5.682411375612351177e-03
5.425534332230945098e-03
5.746713411847855814e-03
4.009682847945911927e-03
6.313065129432291790e-03
5.670736571641009707e-03
4.731773922206678959e-03
4.899684131529526490e-03
3.187662259290698682e-03
5.861820822282677070e-03
5.655898020455400743e-03
6.674772467646284367e-03
6.406159299761535718e-03
4.496354145518397828e-03
4.672593947000831111e-03
5.110192561796000725e-03
4.066154842716198682e-03
5.339242949293819020e-03
4.340639617765508322e-03
4.748456415554588861e-03
4.673736793676162501e-03
4.259342537912755300e-03
5.260588978084477195e-03
5.917524795007403186e-03
3.551742889869108615e-03
4.144768028267947942e-03
5.804697929587325674e-03
4.731959682512366060e-03
5.282158438516273979e-03
5.146994104457159290e-03
3.224553799913668518e-03
5.838422399051386782e-03
6.367876471065476301e-03
4.429418167944062373e-03
4.625956717487771964e-03
4.621479651972701039e-03
3.694075106233281509e-03
5.057331900484672918e-03
4.293567242430684772e-03
4.312054322265064521e-03
4.085373757318965134e-03
4.847959628334864816e-03
4.738818975755003382e-03
4.096309645618400989e-03
4.653879425057213040e-03
5.407109166088496476e-03
5.000233780343265461e-03
4.813146304424970393e-03
6.565979387356573466e-03
5.006351740399576748e-03
4.930236563883581488e-03
4.381982225344941036e-03
3.752703189092989992e-03
3.211557233408978210e-03
3.462753650989312208e-03
3.599117676551776609e-03
4.184915110661604869e-03
5.553865551912501655e-03
5.276871457070426465e-03
4.473774963659730812e-03
5.922381003186366101e-03
3.070494379753468256e-03
3.674376022505352214e-03
4.664786476740337938e-03
5.694580674885684098e-03
5.391940063201710806e-03
3.973647888289510814e-03
4.151902285820254467e-03
4.974970118285739276e-03
4.653647921340600506e-03
4.920033509279740647e-03
3.129840003559760178e-03
4.488411233105652279e-03
4.057304806978549380e-03
6.032054950345294014e-03
4.743246904367340137e-03
5.052998568457523626e-03
4.686770593567743393e-03
5.454235455425818571e-03
4.281362955869594776e-03
3.948375377207114130e-03
3.012502385356041149e-03
3.838296434479090448e-03
3.318704915198350709e-03
3.960478825151132233e-03
3.423358451641979935e-03
2.454093894146007742e-03
5.888008907467342720e-03
4.120539797615942364e-03
3.444294617597636315e-03
3.050493631330489230e-03
3.988132733413718781e-03
3.042587584545190706e-03
5.369937605334105732e-03
3.291696152945454250e-03
4.004313010939743699e-03
4.173715569659423516e-03
4.998882368008519123e-03
2.769608134446966373e-03
4.720031865290853258e-03
2.784386139984376760e-03
4.037262824915270436e-03
4.723817849760982013e-03
4.029913279516530132e-03
3.957331724614624943e-03
4.423693335517822969e-03
4.279962303122374426e-03
4.993234202971529381e-03
3.574136375589766212e-03
4.045591320101155075e-03
3.689811737637381604e-03
3.806418482414797560e-03
2.803765313081016571e-03
5.128097863151409586e-03
3.866370103795545559e-03
3.108146626472389588e-03
4.817932732565061160e-03
3.540102491412882441e-03
5.128620278388049993e-03
3.643514927569023801e-03
3.902896961930958815e-03
4.507176822943203057e-03
2.635282558085249964e-03
3.520334423847410691e-03
4.032379954394932006e-03
4.358894775787898641e-03
3.866191739696893306e-03
3.245422637941609238e-03
4.226693026645357912e-03
3.123578368278982081e-03
3.771828232097955945e-03
2.565244539440671330e-03
3.003932867213674526e-03
4.427155012181450619e-03
3.892746648204244066e-03
3.597687064774943242e-03
3.354244701742207894e-03
3.722849470603763720e-03
3.441145295277553331e-03
2.806113281409721751e-03
4.058345904620438115e-03
3.029048325170478548e-03
4.094486305047128662e-03
3.720465492055906060e-03
4.045460283290000687e-03
3.533218388101212921e-03
4.373161365429878607e-03
2.963446100692238624e-03
2.826435730865132709e-03
2.496668756573770277e-03
3.021762181969278940e-03
5.981987633839867119e-03
3.875622310899223908e-03
3.191914360313445002e-03
4.345117811270762277e-03
4.161412547458749958e-03
3.494761220635618591e-03
3.323925837677157383e-03
3.172176404940078940e-03
3.758088121681597664e-03
4.137169400202127950e-03
5.939139503684924895e-03
2.741465527499447122e-03
2.120656516320092860e-03
3.574797669139852686e-03
3.322494914019804343e-03
3.510272675383413303e-03
2.914256252473204287e-03
3.167265475988921292e-03
2.697131162778838333e-03
3.987808232428853746e-03
1.985329419685244543e-03
3.721714083590057717e-03
3.594818402461139126e-03
3.587393460432332804e-03
4.217573529092104832e-03
3.034516592579739741e-03
4.190740180946771545e-03
3.209060122769654376e-03
3.492276354035431934e-03
3.856911671014709702e-03
2.804654279958781592e-03
2.820190847956220194e-03
3.352979686169744577e-03
2.944356486403241005e-03
4.920525383807359404e-03
3.195253720810207424e-03
3.403029232020968967e-03
3.626884624258491611e-03
2.224669540933743410e-03
5.046978052203796548e-03
5.139199902701469674e-03
3.607370274015916662e-03
2.067838224481530814e-03
2.325818706917484081e-03
3.217640208339948502e-03
3.412548279084720668e-03
3.783587442375418129e-03
4.091846488636618692e-03
2.941439688631372965e-03
4.518568478485668338e-03
1.819633383696895191e-03
2.479886767754260497e-03
3.508345456089636497e-03
3.058272729806466462e-03
3.089695713533878625e-03
3.385933105306848569e-03
4.176102730644385384e-03
2.237223191714745631e-03
2.914042721943983262e-03
2.901805335489142032e-03
3.595116147063013873e-03
3.342747082315645265e-03
2.838799470396038450e-03
2.929852474094414485e-03
3.682258954880039074e-03
2.466549416919549403e-03
4.353434112880131233e-03
3.273585066586695222e-03
3.072630929537834964e-03
3.804995117745147218e-03
2.691625942745283755e-03
3.733449290998880604e-03
3.649514495729771005e-03
2.992450099622206549e-03
4.317841861988729740e-03
3.278634693058199694e-03
3.588504959733564929e-03
5.029443156474532745e-03
3.496784091093824067e-03
3.495647366575282012e-03
2.585478801778271375e-03
3.822916721388381310e-03
3.767076573526129644e-03
2.517422381772024646e-03
3.870658259645518972e-03
3.632420890494411202e-03
3.626691852742313423e-03
3.173285449843194893e-03
2.552205634928876067e-03
3.457015019284334460e-03
3.289948392261048734e-03
3.082452511592387225e-03
3.655796694956111974e-03
2.707688810584509866e-03
3.216114386295818636e-03
4.102953538038557613e-03
3.528369116549898155e-03
2.487737690206882814e-03
3.050564237212558590e-03
4.773993650474712101e-03
4.036994335775045267e-03
3.081706875797415087e-03
3.006012377477694248e-03
3.248341242306617121e-03
3.008418156786661028e-03
3.883243786947758892e-03
3.583847055736249197e-03
2.837735594583442895e-03
3.738380366516665023e-03
3.299663638050299649e-03
2.895215874383804538e-03
3.565177514971903331e-03
3.715643541521017508e-03
2.826058193968990825e-03
3.604184080963267634e-03
3.080715187307421672e-03
2.981590946717475356e-03
3.655469446039426046e-03
4.556894341997134307e-03
2.528533323364261926e-03
3.112187214068375205e-03
4.540355309992109498e-03
3.572152517087056212e-03
3.514609609214336232e-03
2.886091664388595272e-03
3.517068354138849252e-03
3.004007828473107770e-03
2.520781457848818470e-03
3.968624975620308956e-03
3.506277245127835483e-03
3.139395987496003924e-03
2.268604250829508659e-03
3.513693080194706803e-03
3.871227463771527346e-03
3.443446518555963107e-03
3.616947354568092465e-03
3.365381252784232537e-03
2.987635831457978192e-03
3.337231853734777716e-03
4.092049254653395973e-03
3.461366533768440047e-03
3.158514113616390021e-03
3.146070735251109505e-03
2.468783148339214178e-03
2.665751390772335555e-03
2.550095600863651422e-03
2.788818242523295483e-03
3.163865166236570162e-03
3.418432954136062588e-03
3.647898705391304942e-03
3.228663706634085119e-03
3.236849164176343503e-03
3.661137035639975851e-03
3.011359796971535985e-03
2.810460713573661833e-03
4.150310423512231298e-03
2.753085622128241452e-03
3.249815697216555839e-03
2.438622252056963941e-03
3.065877154387526907e-03
3.665571257482634019e-03
3.333023473959021397e-03
3.378297982143063215e-03
2.338451431031111916e-03
3.176542375612320408e-03
3.388800474467157809e-03
1.910117329034013382e-03
3.996210378852380063e-03
2.266463493616921020e-03
3.072252548668846176e-03
2.833651194242934202e-03
2.582315775512190447e-03
3.540988657244553608e-03
2.614276717692723406e-03
3.886539291611907851e-03
2.318007829423601816e-03
3.432421396258735196e-03
3.491689538467618661e-03
2.188846342091273212e-03
2.996602916808902353e-03
3.940175829464574037e-03
3.372515336517246769e-03
4.144759197400169591e-03
2.844249570737683759e-03
3.364668342924100920e-03
2.733836913797726195e-03
3.035208750437428521e-03
2.430820064646432074e-03
2.571192534720539470e-03
3.121646338233028013e-03
3.069924011239268113e-03
3.066489369562076187e-03
3.377748888131291462e-03
3.132102769652010416e-03
2.275300992820049762e-03
2.304232460425013462e-03
2.289373438989365187e-03
4.322801339113807595e-03
3.327623008636623574e-03
4.061815530726204174e-03
3.458523933629353755e-03
2.921590428710816364e-03
3.106042351982668537e-03
3.268510110081628353e-03
2.606402825955484847e-03
2.052044002121890167e-03
3.397366477751058086e-03
3.137455646596129868e-03
2.848798079546160933e-03
3.471995596983560532e-03
2.778598290654699706e-03
2.492208716867286115e-03
2.940338318129703810e-03
3.060182920047855876e-03
1.824794703103205457e-03
2.744064017135891716e-03
2.909947648782315165e-03
2.984177062507220504e-03
3.159483732716235598e-03
3.631984218388084953e-03
2.323669975842386926e-03
3.439626326801553582e-03
3.564380422360676186e-03
3.327369755650114690e-03
2.692542336767969006e-03
2.218946333036824533e-03
2.344803820865716017e-03
3.395347294868371855e-03
2.612514007750017016e-03
3.034970044377389466e-03
2.701855150371993038e-03
3.341491146363696155e-03
2.820725391928823218e-03
3.174367872719148238e-03
3.378784571727942027e-03
3.030615583872029676e-03
2.052869113763292324e-03
2.756820887492076461e-03
3.877162890386027030e-03
2.785980516983344989e-03
2.951911137365764801e-03
3.557842705623837868e-03
3.784116619461882960e-03
2.239273470675857188e-03
3.046853319194418267e-03
3.846147530372614164e-03
3.468694669449508446e-03
2.637124222149381594e-03
3.490381941512412170e-03
2.957720960717719408e-03
2.435084086932915413e-03
2.915155332085969837e-03
3.292960597159520775e-03
1.956942304234842757e-03
3.113963728179290277e-03
2.909237481819661707e-03
3.278541345904953386e-03
2.245968433518668976e-03
2.877125840147604606e-03
2.819220911342716455e-03
2.617326135070313121e-03
2.872908395053557114e-03
3.148008323693261747e-03
3.480186230640329448e-03
4.201187684725121545e-03
2.780843983082713616e-03
2.711506344125130547e-03
3.108319854259253192e-03
2.491328413845571212e-03
2.925061402911471181e-03
2.551994251344637948e-03
3.059475493399831277e-03
3.248440348868986225e-03
3.003402729624000175e-03
3.607195581458647830e-03
3.780301668783021818e-03
2.662053475542973651e-03
2.541492103008175137e-03
3.730831263231238447e-03
3.209278970203191961e-03
2.859599501068928965e-03
3.071677203533922443e-03
3.207149469769451054e-03
2.470109788512032424e-03
2.900334562914325901e-03
3.151460984156438661e-03
3.379824130336566649e-03
3.025411101351699588e-03
3.374807827226228556e-03
3.031156715581782325e-03
2.137047849997886304e-03
2.665807873885523913e-03
4.157541670317382171e-03
3.247369280663386145e-03
3.044783451343473137e-03
3.343349178758974437e-03
3.215811764676815201e-03
2.844358313623217629e-03
2.112304021904959795e-03
2.762336476229126231e-03
3.123914974671801806e-03
2.975256132192460445e-03
3.168429600263366740e-03
3.565680348420841115e-03
2.634137336075301639e-03
2.408471962125182178e-03
2.364269158334386407e-03
2.469945528199794099e-03
1.873334824571630747e-03
2.938793480760863719e-03
3.673420591431480337e-03
3.270226842639165684e-03
2.519877873035487447e-03
3.161927001851737220e-03
2.907488764197546562e-03
2.806993184128657014e-03
3.475962321469470810e-03
3.598267005346331496e-03
2.454866768135500078e-03
2.696522638587790961e-03
2.776958252991771573e-03
3.109372487186201975e-03
2.901383915457094245e-03
2.808908329560271151e-03
3.116350169366187244e-03
2.387746646478251626e-03
3.502815548515529707e-03
2.453878037113271706e-03
2.830324863416644552e-03
3.363979119085470232e-03
3.140481795583257348e-03
2.470938245231086086e-03
3.479994520037848864e-03
1.915774912016386319e-03
3.248790583999077494e-03
3.290547310430640398e-03
3.831707339626547540e-03
2.400604856338636479e-03
3.047988291620992718e-03
2.845831261643261799e-03
1.985390333526820816e-03
3.328477807071730018e-03
1.851174774020956622e-03
3.450731615635135169e-03
2.435062437570337159e-03
1.827304322944951244e-03
2.993809971951353656e-03
2.599787055188857495e-03
2.861166411048692536e-03
2.838512974805528031e-03
2.374529759801600765e-03
2.669104595146909887e-03
3.223553054186146984e-03
3.009603142400929607e-03
2.780489522380907332e-03
3.204234634158196690e-03
2.685901294278701754e-03
3.024912802584180799e-03
3.215428712963832279e-03
2.820122866882112094e-03
3.483281949958760924e-03
2.714601515916991500e-03
3.229457952690477536e-03
3.026739762724322148e-03
3.164379966462696047e-03
3.308548980714922164e-03
2.824106469092080990e-03
2.903525681731841234e-03
3.067413930122408084e-03
2.513959706096934900e-03
2.795167162953766243e-03
3.045029823272754968e-03
3.320902380548254942e-03
3.193498890166980402e-03
3.297057286722607835e-03
3.767045160163532292e-03
3.212748157627498373e-03
2.642047378663061209e-03
1.774384876367252799e-03
3.418266669727088123e-03
3.036501947211831583e-03
3.384374107388044527e-03
2.963336773097351769e-03
2.572470558755537377e-03
2.565397532867502804e-03
2.862581384444036394e-03
2.895650285108918292e-03
2.934412044067491801e-03
2.710379779358689737e-03
2.987763862245848990e-03
3.820809539643233409e-03
3.095735397663126019e-03
2.514624993836076395e-03
2.095829188277746700e-03
2.312522085493230999e-03
2.368593901594488304e-03
3.295351255033305421e-03
3.158766263678434473e-03
2.965636771506684720e-03
1.760762721304336056e-03
2.573024332961775049e-03
3.318488173096443943e-03
2.886736612367276668e-03
2.389955309695027900e-03
4.171445769872847084e-03
2.675426772684461833e-03
2.430352843208071715e-03
1.929778536412413668e-03
3.898027101671371498e-03
3.560226846308176853e-03
3.013269095385491449e-03
2.873816160932491249e-03
3.008206748922890965e-03
1.882463009030986914e-03
2.383027355516164052e-03
1.775686590493286273e-03
2.805602782817400234e-03
2.874477328386354415e-03
2.699376124750461556e-03
2.667377182698766128e-03
3.778810976277899303e-03
2.289786765730480577e-03
2.691771984621085974e-03
3.182988073553904597e-03
2.026193331246553108e-03
3.529934501790607526e-03
4.069427890872727611e-03
2.921900566121344526e-03
2.622498613104430523e-03
3.153772339262332636e-03
3.629711688535318479e-03
3.100632270418258399e-03
2.943284738666936216e-03
2.625739728088424384e-03
2.960110561164722067e-03
3.109486806863311689e-03
2.977906410477776985e-03
2.614834583007241350e-03
2.689550761581490767e-03
1.900555649452030085e-03
3.768213229472862011e-03
3.012345019482454752e-03
2.676716472798034221e-03
2.641059109566699318e-03
1.894452334908611939e-03
3.349134643868074013e-03
3.652225511932205657e-03
2.829701674477275251e-03
3.698547713175419274e-03
2.536572826622373374e-03
3.100075518344483968e-03
3.301151503139950708e-03
2.444207622476365915e-03
3.239965206371561799e-03
2.833159187667218595e-03
2.240243996755642269e-03
2.508287530104158156e-03
2.298017869317558332e-03
2.538465074514948197e-03
2.812549728839858817e-03
2.838086527751143215e-03
3.916081791930743281e-03
3.334890755995894001e-03
3.081155742538694078e-03
2.794043022234172363e-03
3.278249995213412121e-03
3.936702889845642740e-03
3.084796347734063224e-03
2.505363048379923799e-03
2.699027960307267843e-03
2.833585734912992017e-03
2.736181960438941341e-03
4.791892668667669698e-03
3.390540870339878773e-03
2.472054173814949418e-03
2.712623784393545286e-03
2.737257516917406767e-03
3.748080535922466115e-03
2.693233205351316852e-03
2.809379722774810791e-03
3.894330057314313118e-03
2.503297898804202320e-03
2.916135601916234124e-03
3.046534807689141745e-03
3.415827635960097270e-03
3.257940602954056443e-03
4.000462246411723259e-03
2.721554318025174932e-03
3.315012972878700337e-03
2.528977109271414794e-03
2.954928558978962404e-03
2.110957416828371843e-03
2.958673279962974450e-03
2.850328333200639885e-03
3.484641290815226194e-03
3.692561807502678026e-03
1.821339807755744614e-03
3.012847584254322794e-03
3.142503235348278242e-03
3.069174367684343509e-03
2.193069497204361198e-03
3.318725550580694985e-03
2.735279046860333071e-03
2.859891814928205035e-03
3.373690614392560634e-03
2.939957215479853999e-03
2.057527911023871760e-03
3.029019810612385358e-03
4.053436873840541264e-03
2.839818972072787311e-03
1.918156163550051177e-03
3.256973275800718881e-03
2.732453361403452009e-03
2.840721671662075828e-03
2.465523627501020609e-03
3.395725504655284187e-03
2.570254787717528473e-03
4.144512615456053678e-03
2.545364862409085598e-03
2.159073870184539945e-03
2.827792704190935577e-03
2.449370881474139967e-03
2.969194248637367292e-03
2.885458141706969109e-03
2.441922519596283116e-03
3.257396730461028546e-03
2.853257152332988340e-03
3.121458023398600030e-03
2.344919223501681135e-03
2.952396440540567494e-03
2.267600584655428929e-03
2.895098387144547786e-03
2.597545977383497635e-03
3.035259732231183893e-03
3.224232219335176376e-03
3.504978140657163607e-03
2.438549028859315470e-03
3.237653500096200187e-03
2.446504083469664293e-03
2.293486148817544187e-03
2.343270725681832062e-03
3.067776457587110921e-03
2.693679929888434521e-03
2.652914377341636810e-03
2.233498563749033994e-03
2.783361183634288152e-03
3.920872979507603225e-03
3.077925516781121387e-03
3.878186318140136677e-03
3.066021621525099120e-03
2.535101847379969686e-03
2.610641576314019427e-03
2.169835674013318848e-03
2.402419236964248826e-03
3.388320103905990803e-03
2.725634367788142606e-03
3.182079187140326223e-03
2.477150702651126964e-03
1.826067261723124087e-03
2.190233432476457621e-03
2.504017523492224270e-03
2.286591981845250646e-03
3.353454033591908405e-03
2.693047233418750536e-03
2.976568454169940554e-03
2.459056087946193559e-03
2.841796229562880156e-03
2.488077945385858136e-03
2.648316681302460146e-03
3.173592477313476323e-03
2.363823768073975221e-03
3.291287411185624991e-03
2.158745741732381786e-03
3.554676230561238607e-03
2.507315936046632977e-03
2.637360228916679067e-03
2.943244670245106186e-03
2.884854402043606370e-03
3.656278029158341759e-03
3.139655708377384839e-03
3.037310907316335008e-03
2.574482252984462705e-03
3.821070622970214672e-03
2.276048446354196359e-03
2.713508340829888510e-03
2.946727346983623371e-03
2.357602680234504016e-03
2.368270088953024211e-03
2.506794278815898877e-03
2.597220157917286363e-03
3.002685523648383065e-03
3.250864389383812097e-03
2.731718337704029838e-03
3.036983873861337502e-03
2.854183096118943688e-03
2.816578173690196044e-03
3.285798630171941469e-03
3.235398971969607670e-03
2.780168761577693666e-03
2.740083691796201849e-03
3.254339143942111458e-03
3.142302538069114467e-03
3.087876400083016445e-03
2.809580932351856200e-03
3.747543574433858434e-03
3.751360794422071987e-03
3.390852772252568505e-03
3.128613664061349019e-03
1.979415968531727469e-03
2.335262326301764096e-03
2.676739263591593025e-03
4.046608953236951328e-03
3.319566206816558594e-03
2.345970885397241374e-03
1.905925407097029201e-03
2.891510425720115324e-03
2.504383396753276283e-03
2.587068301317755128e-03
3.165876486096219026e-03
2.975789523719016023e-03
2.029373256718707604e-03
2.376246038881679821e-03
2.435923631576498993e-03
3.381333100298808576e-03
2.812676705095816434e-03
2.798912289494011850e-03
2.770006069284159777e-03
2.652815319804645647e-03
3.391798096243168938e-03
2.741551018142214351e-03
2.859631355653557451e-03
2.453241035172856917e-03
3.085452277273662176e-03
3.183368088692150200e-03
3.603599101296094641e-03
2.973844871173073577e-03
2.573201915304654773e-03
2.374267477150946576e-03
3.520737488111556294e-03
3.319780408917149313e-03
2.909439788469949262e-03
2.740800658312970810e-03
2.897246275279589511e-03
1.750447021599638121e-03
2.590907914647502201e-03
2.796115254697549134e-03
3.170965379904596912e-03
3.245237981288371949e-03
4.325452591427882826e-03
2.478306581274236642e-03
2.655554154569007407e-03
2.733150092613013341e-03
3.507723425570630302e-03
3.312379682210765154e-03
2.380077951663432494e-03
2.964753576004665932e-03
3.473047932877267562e-03
3.171732005975013043e-03
2.650626210695478970e-03
2.930729661915565300e-03
3.489655678050552698e-03
3.080994515384228010e-03
3.126628640817079741e-03
2.688818658100593922e-03
3.254388637452353475e-03
3.222230005843419037e-03
2.780281740897933614e-03
2.814006029061309755e-03
3.298713064227547318e-03
2.836952116855662523e-03
3.038211307278089988e-03
2.596099668298117082e-03
3.148170104284047158e-03
2.370370794772078561e-03
3.095511568180006525e-03
2.640179179644585976e-03
2.985992741969096653e-03
2.599519718259547980e-03
2.444914657856644882e-03
3.465651029767072202e-03
2.700270042730811351e-03
2.070005394519710065e-03
2.253281571594790370e-03
2.908867319101521992e-03
2.596417102304180054e-03
2.440222442066852012e-03
3.721985980505299052e-03
3.249025814068303222e-03
2.852988568302460958e-03
2.709025043266392527e-03
2.604316886818206292e-03
3.138062612886089158e-03
3.182686361137069143e-03
3.176433321696963113e-03
2.051132023646317325e-03
3.449204685809381058e-03
3.161698467958247352e-03
3.026212772699089521e-03
3.045032197363135851e-03
3.175794017224264128e-03
2.636077460891710772e-03
3.595061962433282032e-03
2.402035189928811675e-03
2.381684799325578181e-03
2.664518214941420833e-03
2.828193612584893948e-03
3.264747348763773205e-03
1.950057084080711843e-03
3.713079276907433821e-03
2.628159570514462633e-03
3.005570547901702250e-03
2.292010878389914765e-03
3.323794639684650876e-03
3.296995732568795603e-03
2.852741899001232182e-03
2.967440309219021924e-03
2.456473875645432282e-03
2.889567483817755827e-03
2.787384981072985827e-03
3.250357258645495372e-03
2.314361706477027509e-03
2.822524470918974689e-03
2.644036748186039381e-03
3.039125508354024834e-03
2.951886894739041457e-03
3.082556854846829793e-03
3.112383717775774397e-03
2.857004202787206092e-03
1.953282886972065868e-03
3.011680517766042800e-03
3.069274181360770893e-03
3.159295158037988844e-03
2.091313786154276252e-03
2.842315926391376143e-03
2.351363932101122392e-03
2.528554127856100838e-03
2.663539869028250327e-03
2.586004600524027461e-03
2.427383634296755716e-03
2.722636768074049741e-03
2.308733504976488021e-03
2.620454263968411725e-03
3.603923373680554577e-03
3.184583759697785961e-03
2.800738412467335126e-03
2.160635586806664617e-03
1.990213029359862856e-03
3.271848418202201111e-03
2.610457705518499146e-03
2.674550291661653961e-03
2.071801317518756798e-03
3.171475419310837776e-03
2.677069144930576457e-03
2.447639257569606420e-03
3.297040322604597330e-03
2.756579638653284224e-03
2.845356712094780118e-03
2.201642588842559096e-03
3.012644537549132896e-03
2.310054626254787798e-03
3.118825691405416843e-03
2.153977530886873586e-03
2.142730334827766016e-03
3.694541299877722885e-03
2.524798550879995239e-03
2.438007237982283467e-03
2.163479691887990313e-03
2.397639422693637924e-03
3.427941808310928495e-03
3.178138608183654536e-03
2.399270722767623317e-03
2.684194529762773569e-03
2.352872974330809386e-03
3.175364181191964608e-03
2.984023191004290653e-03
2.817523131447082115e-03
3.047000236842088271e-03
2.064189430903615001e-03
3.491088625614916473e-03
2.800920940686916095e-03
2.887681305496915540e-03
3.479268643209658049e-03
2.946774365973165929e-03
2.882695151750971387e-03
2.545072213063802498e-03
2.682645162298221732e-03
3.128465182588291687e-03
2.732757027412503845e-03
3.090050532105358475e-03
2.854090609247102086e-03
2.921252051817795330e-03
2.262423649066092057e-03
2.214400914701267469e-03
3.754248302926349763e-03
3.036902041292916313e-03
3.148744641004067729e-03
2.330044480692114884e-03
2.373772956291885644e-03
2.314753189861827338e-03
2.799094810149920041e-03
2.304215039131866233e-03
2.438545526357632255e-03
3.322479588385054364e-03
2.875992854911464929e-03
2.003659621020641678e-03
2.968373727030382356e-03
3.372628010821604374e-03
2.922669995113995247e-03
2.385022428205508041e-03
3.057707763347140492e-03
2.988683079251631524e-03
3.197907263165550816e-03
2.942552161602725314e-03
3.038050640807669553e-03
3.298370222237501960e-03
3.348365966855747222e-03
2.961990776208559082e-03
2.677279716035632553e-03
2.468654603104977665e-03
3.617909104997015304e-03
2.153989380785032229e-03
3.084578218685781435e-03
2.363887589055772322e-03
2.852658982533849957e-03
2.289072815161122265e-03
2.390621880131634999e-03
3.562555576299403400e-03
2.704737729600891882e-03
2.640404838184279637e-03
3.061046984973922296e-03
3.895085909585672794e-03
2.532111352002661044e-03
2.777100609459663087e-03
2.459016219809468870e-03
3.258821141337526605e-03
2.638203423412327758e-03
3.413869337109778392e-03
2.832266017023125481e-03
3.414453899597635119e-03
3.339431808681570836e-03
2.266354284753707964e-03
3.200350985626108750e-03
3.191482820233364995e-03
2.742658715243650146e-03
3.821051833496684220e-03
3.127454315158638334e-03
2.235115525168508699e-03
2.579355581784430283e-03
3.275381458210715416e-03
3.068453060853930901e-03
3.105618891235770607e-03
2.735747003768684762e-03
2.598947098476003716e-03
3.061225478490647162e-03
2.388781655925458890e-03
2.545502514396202117e-03
3.933224638507118627e-03
3.390888587584892956e-03
3.682255238826734594e-03
2.818225290696263225e-03
3.483833710204029249e-03
3.039221975730559220e-03
2.489844511675803462e-03
3.237154204446395910e-03
3.023894711991627609e-03
3.326528432081996955e-03
2.419448429578446424e-03
3.258073801881310270e-03
2.740381817737557856e-03
3.454591945382059440e-03
2.955658950556929072e-03
3.200727283753572287e-03
2.746784551758974392e-03
1.777501765200033019e-03
2.993332566638481820e-03
2.388020238672309593e-03
3.302017542483097479e-03
2.414860562174542171e-03
2.472682054828095975e-03
3.224371645858077270e-03
3.402614478201569474e-03
2.740619769503823636e-03
1.598179776578922831e-03
2.161476132838414596e-03
2.492948385762629778e-03
3.913033048089508727e-03
3.472845566089239732e-03
3.132663718868482043e-03
2.985709311007582988e-03
2.595532448524321637e-03
3.108865094392579843e-03
3.211993085390895970e-03
2.607822605073415508e-03
2.762351813600106686e-03
2.755822575016045849e-03
3.115279316376987854e-03
2.988590948087624204e-03
2.612524119428007597e-03
2.571435330200667543e-03
2.896663645817137457e-03
3.331179906143478045e-03
3.295302762033602839e-03
3.598133635803703410e-03
2.616655095883841514e-03
3.982417335909010057e-03
4.262474823309596317e-03
3.053150207889696044e-03
2.686495381960953867e-03
3.192905000077944384e-03
2.643073659682083389e-03
3.076488433590441381e-03
2.852874963142886661e-03
3.499026166587590643e-03
3.088673445821506994e-03
1.912463441547072006e-03
2.363499511996687910e-03
2.583658712521483616e-03
2.808488017438960909e-03
2.433163717668023439e-03
3.757878424019016166e-03
2.626738936886939546e-03
3.345048768440802948e-03
3.803637044601789613e-03
2.788356138569335341e-03
2.363796003375673044e-03
3.125060154328645166e-03
2.950080117253344077e-03
2.766498275490076111e-03
2.269125408339692229e-03
3.165988498471966617e-03
2.399846172652157945e-03
2.841591714128867668e-03
2.734378027634400826e-03
2.699733582086396178e-03
3.134189127738595641e-03
3.019552377586541027e-03
2.420486729520918406e-03
2.695394562868837739e-03
2.548210270097479510e-03
3.563668791942930375e-03
3.441523822360520977e-03
2.792834381710018309e-03
3.661647534923065557e-03
2.788830089862483295e-03
2.462150571338485826e-03
3.358140394826807443e-03
3.325636227811042036e-03
2.950007353127424587e-03
3.561605250185149313e-03
2.608409868043587865e-03
4.367136946459270093e-03
2.640380566475172223e-03
3.599263950892993801e-03
2.872410208502396926e-03
3.231685486368169029e-03
3.351867576856591702e-03
2.887623129680236787e-03
2.323894393923263326e-03
2.459425257542866266e-03
3.057267423758377144e-03
2.682785669154146187e-03
2.921596729480395623e-03
1.918564398152137118e-03
2.256786562510433840e-03
3.065500233425937516e-03
2.840105782689344646e-03
2.598978740362238582e-03
3.385159220064687825e-03
1.896082465957388014e-03
2.702076769870207819e-03
3.444208274618063351e-03
3.241119317712201804e-03
3.236295251125773965e-03
3.337943059461571851e-03
2.948519334715116874e-03
3.243658665860712879e-03
2.229005303522185299e-03
2.775248277814161557e-03
3.478283750538489847e-03
2.611738349918384799e-03
3.537308600188181131e-03
3.692020342192745344e-03
3.086153933014986351e-03
2.739090947934264518e-03
3.306145128057696742e-03
2.754663446973146506e-03
2.510224903978142477e-03
3.195109692317175173e-03
2.931917890964418159e-03
3.392606216884016222e-03
3.521096545038027766e-03
2.623431869299089596e-03
3.053273119111275975e-03
2.820232127667754614e-03
2.658215248578457528e-03
3.575546516952737754e-03
2.738181512859364040e-03
2.611995055315107731e-03
3.011376647330685219e-03
2.655426925851771779e-03
3.052113715831529430e-03
3.075943131417621830e-03
2.815405256647228200e-03
2.667881868209176846e-03
2.078545367170698144e-03
1.926794479666819838e-03
2.321702630442204224e-03
2.934534823561383947e-03
2.859524512886248669e-03
2.530450394715633069e-03
3.501152159491287361e-03
2.252572242187988408e-03
2.697469330978442218e-03
2.372274942664708182e-03
1.912479616544547536e-03
2.493914863394867606e-03
2.394254619310963797e-03
2.588926681048263432e-03
2.409747779629943347e-03
3.400900163690673966e-03
2.433344884952701008e-03
2.901642412957036472e-03
2.834396404495300847e-03
2.909836556375824165e-03
3.215279591793726577e-03
2.699071282055171689e-03
3.248537794456019760e-03
3.358745324869848257e-03
3.240326489697024220e-03
2.724295295014348729e-03
2.048088635606822375e-03
2.986933402561586706e-03
2.844457036651765278e-03
2.582910063374757592e-03
2.589729348171948553e-03
2.122382044186365852e-03
2.001358604338275126e-03
2.986785470951510042e-03
2.858040924253663680e-03
2.055614775783754389e-03
2.004141630813908569e-03
2.585915828848249845e-03
2.708551922751927400e-03
2.888259540364975213e-03
2.670655252596619914e-03
3.063805824414554159e-03
2.890472094269211627e-03
2.795910499596557675e-03
3.645209163172153256e-03
3.129092160664008991e-03
2.914071590882459130e-03
3.498570139664653432e-03
2.330147782648931201e-03
2.796911967019467121e-03
3.226167023492979100e-03
2.359797069689340953e-03
2.816973389078282139e-03
2.718088658762139037e-03
2.548536501839472872e-03
2.646716474630538343e-03
3.033332436936765977e-03
2.734082285213410273e-03
2.571609885723931139e-03
3.091760432632365951e-03
3.089588021214372156e-03
3.112146729260097285e-03
2.986408084533246146e-03
2.716153249706912496e-03
3.140186845686548673e-03
3.357561532908084206e-03
3.000001136359439335e-03
3.506190187631715461e-03
3.085333242681350709e-03
2.850926165967442201e-03
2.795283551643085347e-03
3.935523596534846492e-03
2.702788157057187807e-03
3.161125684968043095e-03
2.449072737164596347e-03
3.143214431366408816e-03
3.197029330928701212e-03
2.491009323595641360e-03
2.576217105407681285e-03
2.158437562438253118e-03
2.850238788225593466e-03
3.375532811278505844e-03
2.760243956964053037e-03
3.288492426360667756e-03
2.587344741711257619e-03
3.005222664011113990e-03
3.609541727187249617e-03
2.463024194571612584e-03
3.726758607112361840e-03
3.043751419206339268e-03
3.496742012436819969e-03
2.033403654611066341e-03
2.712443298951503889e-03
2.936006669148212653e-03
2.910946134185478460e-03
3.521155089317328912e-03
2.255261035023561032e-03
2.264305575028484341e-03
3.169917789983318305e-03
3.503801859338951524e-03
2.885676640242024540e-03
2.991467187521854639e-03
3.573754207672987480e-03
3.069652181467982539e-03
2.818982842443345811e-03
3.512310766443776759e-03
2.749106084978873623e-03
2.385721667281488247e-03
2.668220892851657419e-03
2.874066705461193576e-03
2.342018702305966385e-03
3.467002249682592588e-03
3.034466373048727312e-03
2.719074642508216913e-03
2.423429892450896551e-03
3.131310263007729307e-03
3.295964317625577934e-03
2.674675145286109154e-03
2.170077881597120683e-03
2.875052901515501476e-03
3.100343372199098994e-03
2.371842263858628830e-03
2.509823275938527238e-03
2.806503564407293594e-03
2.808238375033113299e-03
2.463835115069022176e-03
2.747425005940825476e-03
1.731894902216182504e-03
3.581216560168895557e-03
3.098145977066157214e-03
2.952440440212767900e-03
2.844930692596599718e-03
2.988787441661277557e-03
2.483002146496300546e-03
3.166808862930882255e-03
2.679227291338747569e-03
2.790059671845142569e-03
2.712736952533371503e-03
2.960425516380458394e-03
3.078730100750558512e-03
3.572240333395104456e-03
1.184942383950569065e-03
2.627861997322929969e-03
2.301625705929614095e-03
2.778203881487632809e-03
2.610855618306701879e-03
3.035155156528624582e-03
2.402306204899947156e-03
2.614887195129505636e-03
2.631204140117607889e-03
2.985803059736061565e-03
3.399827874111626194e-03
2.623280628471664003e-03
2.385764687253001323e-03
3.083147406126958510e-03
2.485147173964315660e-03
3.227046548477524590e-03
2.278813812817170534e-03
1.945291867386665999e-03
3.243525835025046211e-03
2.720953121859821626e-03
2.700047065191373691e-03
3.324260531791288411e-03
3.298894140810447202e-03
3.019218472765857007e-03
2.564155786391583182e-03
2.872213269363250651e-03
3.717167021808240063e-03
2.375972042985763453e-03
2.735551567958958638e-03
3.018594932476830438e-03
3.364768311455176505e-03
2.696087163450141665e-03
2.657762513915549150e-03
2.792063558247649940e-03
1.839075491901252498e-03
2.930333088747883851e-03
3.319077691572767073e-03
2.936986528348347215e-03
2.705930558421752469e-03
2.840861096030157431e-03
3.855778837775543193e-03
2.837808429927174414e-03
3.578946506400689561e-03
2.723524399517451844e-03
3.386022572437553339e-03
2.183492213597373714e-03
3.276701896387266416e-03
2.230210766262548470e-03
2.596054258756947709e-03
3.922342609791965723e-03
3.250904996592311053e-03
2.320003887335309999e-03
3.275789081463255283e-03
2.328683084904242286e-03
2.864481103770847269e-03
3.158053582785513066e-03
2.293041677909745269e-03
3.143615887365635176e-03
1.912134643717557786e-03
2.973376697447672763e-03
2.484702904667856777e-03
2.162514832195813058e-03
2.302702725204246268e-03
2.698375193594865652e-03
2.220009798539598813e-03
2.645227573338097046e-03
2.581296444850308350e-03
2.413561904012709574e-03
3.770755229111499504e-03
2.989888101193040066e-03
3.036576033949735850e-03
1.876737540920352630e-03
2.968158109265332280e-03
2.225219713362503685e-03
3.724106330371524005e-03
2.597561229987591438e-03
2.671938368249836444e-03
2.993300340057500775e-03
3.495262302543589421e-03
3.203817480590457050e-03
3.810220891936862055e-03
3.306894310922544981e-03
3.090196479746010628e-03
2.976595487344901262e-03
2.070137320525732363e-03
2.567656955040287931e-03
3.160451758419930909e-03
2.137343497344837938e-03
2.507074069394373255e-03
3.073899573812403571e-03
3.046166286107110984e-03
3.103369429445943135e-03
2.953451901594663677e-03
2.817690517583730080e-03
3.035728751237794752e-03
2.558297776810890527e-03
2.893406915346710597e-03
3.233456293106563330e-03
3.674551790536568358e-03
2.700384283809158150e-03
2.991060440709382429e-03
2.380780063542249896e-03
3.425003916254416338e-03
3.538606498144860994e-03
2.439875905719755909e-03
2.995041880337254853e-03
1.794402713737288085e-03
2.585840020420448592e-03
3.387936076591427023e-03
3.008667901991926054e-03
3.109403769708245224e-03
2.408494956228666734e-03
3.544486920131214615e-03
2.927751382179293559e-03
3.078413572335344812e-03
2.874539429900534616e-03
2.067277119348390289e-03
2.451020676535865458e-03
3.127262602327490412e-03
2.496989160794737574e-03
2.253480702794788491e-03
2.377566223674616383e-03
3.013470415008816239e-03
3.114533358953183208e-03
3.156290451323520620e-03
2.457569046378079488e-03
2.460946052874389209e-03
3.180125949818744715e-03
2.643056108729456826e-03
3.234674937497974100e-03
2.658116659827921332e-03
2.134917683655417932e-03
3.056144708371733021e-03
2.546662540423523090e-03
2.715687507193020270e-03
3.506801620760123788e-03
2.737213280481387741e-03
2.973825387330476105e-03
3.028084712806299126e-03
2.276290992650163714e-03
3.201100646197491476e-03
3.192748272126377882e-03
3.082905824552184277e-03
2.297861853601729665e-03
2.974650392523458305e-03
3.426141476179265025e-03
2.862427974116007762e-03
3.659065171294526714e-03
2.821147558436177052e-03
3.866282675296318395e-03
3.440729654870242678e-03
2.798163399915285995e-03
3.566969514422143467e-03
2.285148381909581083e-03
3.947565699227627289e-03
3.839865707977743303e-03
2.338434701579289801e-03
2.780167971946747967e-03
2.461923887403394667e-03
3.412611250623875242e-03
3.463766634337135837e-03
2.874338861948340113e-03
2.672423589526181070e-03
3.552584443753181893e-03
2.148635995966876547e-03
2.655882528070384330e-03
2.690286697639742482e-03
2.734809210597761824e-03
3.435325608043451450e-03
2.337477042422657098e-03
2.430668832780151674e-03
1.982353521866675808e-03
2.884881210811228447e-03
2.143211309947396642e-03
3.035533701781569470e-03
2.144473850111611353e-03
3.090223221065927298e-03
2.810096601688832213e-03
2.814320420574919004e-03
3.053495424445179778e-03
3.427885697744642753e-03
2.316525223818339564e-03
2.700072370130428452e-03
2.640703264506762734e-03
3.713367459730468507e-03
3.923746908200314090e-03
3.300363327163012561e-03
2.767495304182963564e-03
2.013986947413429988e-03
2.485564918692264626e-03
3.444782738686261864e-03
2.839231044436248737e-03
2.720526425611482276e-03
2.644339154468909343e-03
2.205834984965542988e-03
2.819758446347219501e-03
2.758042179457094196e-03
3.898967020124979518e-03
3.392377960307839131e-03
1.945287621626254999e-03
2.388334630129741124e-03
2.805013714590928828e-03
2.576339080451654426e-03
3.227563539943509741e-03
2.553601934973448017e-03
3.273401663776539378e-03
3.775054029894315231e-03
3.599517228095621378e-03
3.436543426323462012e-03
2.459782842944395476e-03
3.976382286294658647e-03
2.827315219310885374e-03
2.850415332372362512e-03
3.623761679004064429e-03
3.670489167793193272e-03
3.246257833949641770e-03
3.045843398722843272e-03
2.329135735944577387e-03
3.605541942916524675e-03
3.746227789610369688e-03
3.262629950479599937e-03
2.832296836745433564e-03
2.530263817969062752e-03
2.674865178697423407e-03
2.693700070851682855e-03
3.466098276024467094e-03
2.362319804344614662e-03
1.807922660279218672e-03
2.590514332994718963e-03
3.513393472725573168e-03
2.844534823121496435e-03
2.744963666096411972e-03
2.601117970016941783e-03
2.718898174388955941e-03
2.959906823745766039e-03
2.750394141795488735e-03
2.134965479364790003e-03
2.429874089850897392e-03
2.468303731420587541e-03
2.392588268813532378e-03
2.937021938965995831e-03
3.407443850859481413e-03
3.148298530905859101e-03
2.500152016860240044e-03
1.993510401246122252e-03
2.555158185059753194e-03
2.882603132334408697e-03
2.679092842512992203e-03
3.200457124347752449e-03
3.112139353713034001e-03
3.123466203312284199e-03
3.128942442279887201e-03
2.436921269476150041e-03
3.027092394861725672e-03
2.838523787772528548e-03
2.757617963789324791e-03
2.998506087803630860e-03
2.961384575962836517e-03
3.688191250522927442e-03
3.546972209723358270e-03
3.458968679907758765e-03
3.142504354786590688e-03
2.279518639839592676e-03
2.218076465599362265e-03
2.945970277201228130e-03
3.454979526830685797e-03
2.912803360660055907e-03
3.290076687995012808e-03
3.266866052208966965e-03
3.301081159898002805e-03
2.963862755325813881e-03
2.555566861274245500e-03
2.814838696490826880e-03
3.108550980917904483e-03
3.667578488581490700e-03
3.120081675683692834e-03
3.010306563654593405e-03
2.149632305281401565e-03
2.075452918989017896e-03
2.535539031253324863e-03
2.321155961456676520e-03
2.532770509516616558e-03
2.692204301328788435e-03
2.939847383732200302e-03
3.262459506059460501e-03
2.806291747987765730e-03
3.075135022371570416e-03
2.302845378097319491e-03
2.532767937056495770e-03
2.617262234040203858e-03
3.216456280892678390e-03
2.425309747332465068e-03
3.464877816267446752e-03
3.183370571448935517e-03
3.341656933170876215e-03
2.414291263599321457e-03
2.830409221856626696e-03
2.866510195053929237e-03
3.347186077842402921e-03
2.855549423802978583e-03
2.582980044761983528e-03
3.712498288745761082e-03
2.257571027222206577e-03
2.795436404731152773e-03
3.138667398234393745e-03
2.319877602897762233e-03
2.777822474743275611e-03
2.164792132537712594e-03
3.061242139868190857e-03
2.946384448125894274e-03
2.543620997743945098e-03
2.879664740918381864e-03
2.942021950322106123e-03
3.066229628135476101e-03
2.867407074911188132e-03
2.987394541396476248e-03
2.864944741443458190e-03
2.724386562274452341e-03
2.722587957857201379e-03
3.369178223539643843e-03
3.047099011503122401e-03
2.275979913065990460e-03
2.381397419197709905e-03
3.258884870567228201e-03
2.480670126023367880e-03
2.595704173265526386e-03
3.382225190499731429e-03
3.021284386659711576e-03
2.697140015323457995e-03
2.413765682546148515e-03
2.248631639878089384e-03
3.022675230867106523e-03
3.216745735490511831e-03
2.517465560966186244e-03
2.019865538597339066e-03
3.377341392216686063e-03
3.236128589144619382e-03
2.743616582374274609e-03
2.575993674303321459e-03
2.896447728487930480e-03
3.632395903688827397e-03
2.418840895304847846e-03
2.224600434494601944e-03
2.275278039750323195e-03
3.182427735470115624e-03
2.573488560403821082e-03
3.749405515160182667e-03
2.211729721757559053e-03
2.955426357643088468e-03
2.597696056184969036e-03
2.942624013379338890e-03
2.270973610216043409e-03
2.607245173142455456e-03
3.729397878157297928e-03
2.051797079136393788e-03
3.201112444587296546e-03
3.145356284642778291e-03
3.008473048766532269e-03
1.850355950269546136e-03
2.964083979987208739e-03
1.839388899532230131e-03
3.351475477591707094e-03
2.898408860568323087e-03
3.107351972518195265e-03
2.432752900552615383e-03
2.465865062201413969e-03
2.424424602569318337e-03
3.044248148361067188e-03
2.691566234403290452e-03
2.269345762605946577e-03
2.417860090423174565e-03
3.054239208161989207e-03
2.523973443852635303e-03
2.761504262488258688e-03
2.870715773082407798e-03
2.490571683717514914e-03
2.965531210380559311e-03
3.194302073474961350e-03
2.186989974449434632e-03
2.391655106678083811e-03
3.235462606025930107e-03
2.987631046329564458e-03
3.458686533832443406e-03
3.143184713447000518e-03
2.469530535092106637e-03
3.276591667656239028e-03
3.468846405124626810e-03
3.149943595451223152e-03
2.477693506852741631e-03
3.075458283814160639e-03
2.494075025207828557e-03
3.085659599221697146e-03
3.088785254592598881e-03
3.330591055306155856e-03
2.052550662633424033e-03
2.540532008638917566e-03
3.019910497077235058e-03
3.128271177008013024e-03
2.628445494332492995e-03
3.181880965273187981e-03
3.220724669587727608e-03
2.406891402979004311e-03
2.990622710440216710e-03
2.713488588071285255e-03
2.513789870385800974e-03
2.789318714799865831e-03
2.981798600661152241e-03
3.272527031736980566e-03
3.323763497921638794e-03
2.940351949988535222e-03
2.730771901097742756e-03
2.016478496221232874e-03
3.122888734890322086e-03
2.835442495919657854e-03
3.150259939290590491e-03
2.270938876704924492e-03
2.593954475530751373e-03
2.644372962482773037e-03
2.796450120618289466e-03
2.472304360099899373e-03
2.580084783094011361e-03
3.036495856288610930e-03
2.886667531775089987e-03
2.367336787449560685e-03
3.387431927508142981e-03
3.056553408938461700e-03
3.074461989195087942e-03
3.998924057643909666e-03
2.419857417211959075e-03
3.189835171048148541e-03
3.675423402428611413e-03
3.017435002124522515e-03
2.697512033670024234e-03
3.244481607387185267e-03
3.019338512799722707e-03
3.265846965482149724e-03
2.691671417372423162e-03
3.603301360681546855e-03
3.004145783634838175e-03
2.542362315285807278e-03
2.429033003943688838e-03
2.362393934633786555e-03
3.124200519958795358e-03
2.570178324774006953e-03
2.141762419490913106e-03
2.934375911029888599e-03
3.852749218679912217e-03
2.149062164595132857e-03
3.475100878364384329e-03
2.547593369978042466e-03
2.599507293498785204e-03
3.042064785813826909e-03
3.199683703335440711e-03
2.845715687542755765e-03
3.238891655973692718e-03
2.961852513380176105e-03
2.428667971542359822e-03
2.725523752848729633e-03
3.936002448698102188e-03
2.951813234091733591e-03
2.835579702996237576e-03
2.729118118497984424e-03
2.390433001594853557e-03
3.153827466478794066e-03
3.727172948156470388e-03
2.571433673668214234e-03
2.807419278566120058e-03
2.805681261619215848e-03
3.220420929428888333e-03
2.027900874323315585e-03
2.476110148606997918e-03
3.168966287035655718e-03
2.791189795979757277e-03
2.572845646500302331e-03
2.810970449064809085e-03
2.739375181547823272e-03
2.740812323886983228e-03
3.538870484677110462e-03
2.471828497497306504e-03
1.921756122010375703e-03
2.973311687284323386e-03
3.344798057024129731e-03
2.593761787796168995e-03
3.451711191565115435e-03
2.702303995038237219e-03
2.779787508762087290e-03
2.817526926800735000e-03
3.176862162742036342e-03
2.464080814982091798e-03
3.276134964695922962e-03
3.608408459371940241e-03
3.129101422034392260e-03
3.003000650037231534e-03
2.313187802426437331e-03
3.119570755982362543e-03
2.319104531986811591e-03
3.283344328420228185e-03
3.825009633684175753e-03
2.707853492410134885e-03
2.482697362137111386e-03
2.601654080916704880e-03
2.860912062902401781e-03
2.363585128583289494e-03
2.375479884799376346e-03
2.923683527055184056e-03
2.196232556817779603e-03
2.865843010991941595e-03
2.599070453228407261e-03
2.196490393672455473e-03
2.825657911125240441e-03
2.698872960613339471e-03
2.695927225011165822e-03
3.010702846614144324e-03
3.379248546516497049e-03
2.756873219009387845e-03
2.778972784790996291e-03
3.066116402322805520e-03
3.116581450160344109e-03
2.290436388452854813e-03
2.266801588663018216e-03
2.325463577106444499e-03
1.446291227135953214e-03
2.765162060643117526e-03
2.927855617048738968e-03
3.217627803875033193e-03
3.094698021790773940e-03
3.499749033298490616e-03
2.973667860948571700e-03
2.368613613547437130e-03
2.591758319740603347e-03
2.358918002060056765e-03
2.737923276395519065e-03
2.932736905028746413e-03
2.752652412472481481e-03
3.809649648093153384e-03
2.274718509445231452e-03
3.003595457164552705e-03
2.947449998358716433e-03
2.139362292549449630e-03
3.241602076841771773e-03
2.807892842327637094e-03
2.395288672626750062e-03
2.680267707207991453e-03
2.203796103449703284e-03
3.251475625367092944e-03
3.052647425625439753e-03
2.778470504158702965e-03
3.164933936079118715e-03
3.110739406336133963e-03
2.712729925568107929e-03
2.785265154944490274e-03
2.347637116874447694e-03
3.878343588629892466e-03
3.470512493022490704e-03
2.931599703995090098e-03
3.645830218633018885e-03
2.712715508419207000e-03
2.768862926785950473e-03
3.203867291811576205e-03
2.539208770002421029e-03
2.949128414532825246e-03
2.267604620779340146e-03
3.058103369323668819e-03
2.861799006931961455e-03
2.356697415881080920e-03
3.440717418345633997e-03
2.565619763371387689e-03
2.435401440846809810e-03
3.781082066306977116e-03
2.904034710612181727e-03
3.072804921208329831e-03
2.810078009357538757e-03
2.882178853279995269e-03
2.831245533015675896e-03
3.199913606479393158e-03
2.562131490196393503e-03
2.445771684547577273e-03
3.272071696907092025e-03
3.169593054401121258e-03
3.653974285927769679e-03
2.793424614054680448e-03
3.279225148482130866e-03
2.676256240420331767e-03
2.842171399677277492e-03
2.483147552751544841e-03
3.287725683871476831e-03
3.141026971348069574e-03
2.762116058929699886e-03
2.711522446819196724e-03
3.160683993317671241e-03
3.431510029196589619e-03
3.124645431566394713e-03
3.226853670145067056e-03
2.496769244453137231e-03
2.819907334472686496e-03
2.442680232860126172e-03
2.997925649983546829e-03
2.186645593298366247e-03
2.849899429335445156e-03
2.788811887988372918e-03
1.907470309886610598e-03
2.632160128053122935e-03
3.035036399997957136e-03
2.487912109121061689e-03
3.080542207567519512e-03
2.676137333691372584e-03
3.180017503488485105e-03
2.520525025867918073e-03
3.215840325405529537e-03
3.262576443918160582e-03
2.919373181785478878e-03
3.960599861813613072e-03
2.948057827871533934e-03
3.177079669365382754e-03
3.657077297736501149e-03
2.142451486531006099e-03
2.539249450611983858e-03
2.936732962945071829e-03
3.578973397314761870e-03
2.687191808338724747e-03
3.459148322524407786e-03
2.711790981242021177e-03
3.911657604072956394e-03
3.309303809393500558e-03
2.287227919294444571e-03
2.839364447140637054e-03
2.760586716703294138e-03
3.315507473916856369e-03
3.115098785954875573e-03
2.707941335115083420e-03
2.324607735541672944e-03
3.418824064241072960e-03
3.444909055931080853e-03
3.224401737298522152e-03
3.203152054559121019e-03
3.079616069726956278e-03
3.662933939509942227e-03
2.387037471786243592e-03
2.835763051735813375e-03
3.033864347799364661e-03
2.305309431511695043e-03
3.495611261022333986e-03
2.796103341102489873e-03
2.856771755590681305e-03
4.031983427714536800e-03
3.340331262807914089e-03
2.691592055235858885e-03
3.121693545111221390e-03
2.632655695786269984e-03
3.039159477593332548e-03
2.230439608070219036e-03
3.102051401286309937e-03
2.543987298556894209e-03
2.961187596016237340e-03
2.551357208146863217e-03
3.844251432957752467e-03
3.178561253604488424e-03
1.734215229257110146e-03
3.288883858221829364e-03
3.681467267576531144e-03
2.767778486939429135e-03
2.712973507414767355e-03
3.005037355120990673e-03
3.598727209505876972e-03
2.909765161694241684e-03
3.264557561690018678e-03
2.191073848406467454e-03
2.792732288597741652e-03
3.283677547616615285e-03
3.341358411556546656e-03
3.585376914004741612e-03
2.520613786060622516e-03
2.438384344062882823e-03
2.821683636544236335e-03
2.859022713815394072e-03
3.767285379878466782e-03
3.451391084815568465e-03
3.637518741248559236e-03
2.145621522550254269e-03
3.510517271425829186e-03
2.408262083220544161e-03
2.815419472891452120e-03
2.450209376363606580e-03
2.869282590717170400e-03
3.389402562040671942e-03
2.954883313859710519e-03
2.952517625964994671e-03
3.213786406005133319e-03
2.627167124816743009e-03
2.041408443822156742e-03
3.438413021672583406e-03
2.621559924317778435e-03
3.747298097412755848e-03
3.222400755723757275e-03
2.651450846023370358e-03
3.191617152856837756e-03
3.221645940743852587e-03
3.080755199647998779e-03
2.661869139282064482e-03
2.960952151270683248e-03
2.609235963192416130e-03
2.677500425884209601e-03
2.691823400925501871e-03
2.283043773150912441e-03
2.654090575313875974e-03
3.217772078698459028e-03
3.527453059055706344e-03
3.588054833742353178e-03
2.176881798858081116e-03
2.512621472565077820e-03
3.268328675181641097e-03
2.739882917611615940e-03
2.647492020797122259e-03
3.654815282068381299e-03
2.949309919157169866e-03
2.515655499806909289e-03
2.471096641332462714e-03
3.187309173513265103e-03
2.469529472749665191e-03
2.219717312460068627e-03
2.496561963357494477e-03
2.171722354623286527e-03
2.371899553968475488e-03
2.909273674193081985e-03
2.806447506244526009e-03
2.311211651795414598e-03
2.134674372572233948e-03
3.266464167619898169e-03
3.380916717320327572e-03
2.666052308336332513e-03
2.766120622790356563e-03
2.272175357152106476e-03
2.259121900425947564e-03
2.412002812168173756e-03
3.475957911621298854e-03
3.138986631630968308e-03
2.503289289727713297e-03
3.130276671293040665e-03
3.689199739455457146e-03
2.477946214574598943e-03
3.262246118265621584e-03
3.573854716364532370e-03
2.613906435505988519e-03
3.168172703042101881e-03
3.530851136599190507e-03
3.417615744319479898e-03
2.896300856947204259e-03
2.431732590591143949e-03
2.426637118954367341e-03
2.865071381828876960e-03
3.185644887008118060e-03
2.517178167192812670e-03
3.063566346587275578e-03
2.759417517736928102e-03
3.088780616477013706e-03
2.859206673217201591e-03
2.303026908230412003e-03
3.129865111288738979e-03
2.599993105198350994e-03
2.723184983144865019e-03
3.222903369540736605e-03
2.238146609418559772e-03
3.458709953296883622e-03
3.319314519896153764e-03
3.247475792427398974e-03
2.256342712003427294e-03
2.608025745274282752e-03
2.616260936970496876e-03
2.792832004043599957e-03
4.037617220304014903e-03
2.599924861572015106e-03
3.018107570030521825e-03
3.214090165244046921e-03
3.261363510999644270e-03
2.769780948212645887e-03
2.274756149730535870e-03
2.926834700927131126e-03
2.935178501624158970e-03
3.150449544121579869e-03
2.666287098950382434e-03
2.468871055724196177e-03
3.790574219525777444e-03
4.039789105590199138e-03
2.594520407494688933e-03
2.090198069034656173e-03
3.478243453807150064e-03
3.021488392020871619e-03
2.847560317390134422e-03
2.469409663050904646e-03
3.066314785949262375e-03
2.186713761512333078e-03
2.701470321324416380e-03
2.773062768569285654e-03
2.639654743814690788e-03
2.619472894878837992e-03
3.097663011752663578e-03
3.141680704077152910e-03
2.867802161635978498e-03
2.438735572590290755e-03
2.652000538131241668e-03
3.341211747804230612e-03
1.983340978881274752e-03
2.062838650154461950e-03
2.881333399980367648e-03
3.439417086351483858e-03
3.154521939900051860e-03
3.033993834323536927e-03
3.647641906559403579e-03
3.521343399243495598e-03
3.812980395244009932e-03
2.686013199487796623e-03
2.725224974912322361e-03
2.213432936342381654e-03
3.039781807378889953e-03
3.021402594243451176e-03
3.320905533480683104e-03
2.424925920983803194e-03
2.783123060694194656e-03
3.338842900727665482e-03
2.629981896583671007e-03
2.568700508281548944e-03
2.097537593687811164e-03
2.938180440296540418e-03
2.758932117014268031e-03
3.775771403683579868e-03
2.648603622868790641e-03
2.639252633318904182e-03
2.263316150881359949e-03
3.280549038301099497e-03
3.017767941796940107e-03
2.273059276239111030e-03
2.986130183908766722e-03
2.193844748891934926e-03
2.824299363820361591e-03
2.231222662346318136e-03
3.223172133299728737e-03
2.571978042100422912e-03
3.289804935608396218e-03
3.395788011782261209e-03
2.810215496892744854e-03
2.404226133534915957e-03
2.406246230680933029e-03
2.562783848866726378e-03
2.186570693302109392e-03
2.519870856521784063e-03
2.832025077380851893e-03
3.296857665981277764e-03
4.082910801812898553e-03
2.967392093676875404e-03
2.339574351876869737e-03
3.507960753199927846e-03
2.907274614573765199e-03
3.219025132956358955e-03
3.851001093797731898e-03
2.350609305737696910e-03
2.704464392209187176e-03
3.058214693793636762e-03
2.666573939835575023e-03
2.915773475238842179e-03
3.215517329079533790e-03
3.068229099289241334e-03
2.722750607621698526e-03
3.318926253025284573e-03
3.355493427992861828e-03
2.275403798548332121e-03
2.710682150790589065e-03
3.386384724499381157e-03
2.940109019325978963e-03
2.499109993079903259e-03
2.292725927762986459e-03
2.946697601409461586e-03
2.885737712702377347e-03
2.165686724907276133e-03
3.163303385479874705e-03
2.588236751433165093e-03
2.842799201860565176e-03
3.005867059763829043e-03
2.875377846445513214e-03
2.828046529234132071e-03
2.970526936437991195e-03
2.650784005253092011e-03
2.708371478975925544e-03
3.282189492070834626e-03
2.698996825500209803e-03
3.267845533156136986e-03
3.112076071382743978e-03
2.808481781552837897e-03
2.585518745501762510e-03
3.168537269586514486e-03
3.326065933056841870e-03
2.558142044046131554e-03
3.375012907143298130e-03
2.560942925557612836e-03
3.104507936721395602e-03
2.507691831162329760e-03
2.818647076124839584e-03
3.073002456079078175e-03
3.232940324889664770e-03
2.644553286925955659e-03
2.169604201128023848e-03
2.769407036267620623e-03
3.701287458752881756e-03
4.133077857492035469e-03
3.045222638030161029e-03
2.425881478287040139e-03
2.539642146655632458e-03
2.080294092224876067e-03
2.457444870776269268e-03
2.401737951468901205e-03
2.264676354803261613e-03
2.812425418543307125e-03
2.213935703208405777e-03
2.504610880313317030e-03
2.846052039431200015e-03
3.481138772290552196e-03
2.752937449363643090e-03
3.079381059904064306e-03
3.076360030045603797e-03
3.172292939926044282e-03
3.090840161966388298e-03
2.680585380652840063e-03
3.488912080380899682e-03
3.180379292203159777e-03
2.567724370059986955e-03
2.670202974445003413e-03
2.553674665861428196e-03
3.556756223756415633e-03
3.128160886515055864e-03
2.702152684222641852e-03
2.131698850839549436e-03
2.686984876951092806e-03
3.549165592658053668e-03
3.394855820958653063e-03
2.409530876175341486e-03
3.359920806160232934e-03
3.356438070882243867e-03
2.475426135065942560e-03
2.130602257752244565e-03
3.633894901978872594e-03
2.441697424343743789e-03
3.472123716584301148e-03
2.760294248036277657e-03
2.130536334567790721e-03
2.556528075456176649e-03
3.240889929793746606e-03
3.010350057324461329e-03
2.727113045744820018e-03
2.762796874862960810e-03
2.570158620267129664e-03
3.445531712114214759e-03
3.204745363432191622e-03
2.045238913783181071e-03
2.568565476081072652e-03
3.381936989440505539e-03
2.335803314924531342e-03
2.551562247476464942e-03
3.347232105930013357e-03
2.778625724735020539e-03
3.007334648371917749e-03
2.052671829155090777e-03
2.731666859127685008e-03
3.030011662061381401e-03
2.645163132086029469e-03
2.369283823603266122e-03
3.282235149118711403e-03
3.013949762470674847e-03
3.557420637629478671e-03
2.454847095182295224e-03
3.569528366107338219e-03
2.304030348144801496e-03
2.771885311657015707e-03
2.922352335269609407e-03
2.261068820842768948e-03
2.766176691301643932e-03
2.674937594511796191e-03
2.128329233448274585e-03
3.299272007231189834e-03
2.879993646502356387e-03
2.890647819114666381e-03
3.304273409145006436e-03
3.035010482386980065e-03
3.733330155886429181e-03
2.866922847697027203e-03
2.604594666135360854e-03
2.869705742054997916e-03
3.335914795572412356e-03
3.137105570868164647e-03
2.943438007265391457e-03
2.715479022499932282e-03
2.365410303675187943e-03
2.530111007271648380e-03
3.565545889169153496e-03
2.652237803903207455e-03
3.076084865560540539e-03
2.669799858828682693e-03
3.047139715166887874e-03
2.268316337674393477e-03
2.434289292595013827e-03
2.418165509856855851e-03
2.768640710179832206e-03
2.880604834440994317e-03
3.717623652872304157e-03
2.557324833376818218e-03
3.087391579737645570e-03
2.913754486179275828e-03
3.601046440327614756e-03
3.482632997314512487e-03
3.875123621947949588e-03
2.762927219294211353e-03
3.332292673511743925e-03
2.489974384750089260e-03
2.466647717727062442e-03
2.898898813690311323e-03
3.065527464581560904e-03
3.022968230686008066e-03
1.984450675203538062e-03
3.306539991547417356e-03
2.688657518498149043e-03
2.684807196165177844e-03
2.755132349835016838e-03
2.713889367334500636e-03
3.117725965150319051e-03
2.627080871895794232e-03
3.062938955374758330e-03
2.974458891080491649e-03
3.430311120096060824e-03
2.689664984185637098e-03
2.895424333558559854e-03
3.206751282855451607e-03
3.009054781951427376e-03
2.761186338161270796e-03
2.965954332896705674e-03
2.419050839515278321e-03
3.232977190267402254e-03
3.560849587064719799e-03
2.605456573716439291e-03
3.293065793359436274e-03
2.505939401280928621e-03
2.915103801152353711e-03
1.962853159412731360e-03
3.048174447731824121e-03
2.719707468461638866e-03
2.875762324803777213e-03
3.986031755327456953e-03
2.566197940626197254e-03
3.482283952073053721e-03
3.019421412673927146e-03
3.366037434318258983e-03
2.632100238106549299e-03
3.285907472825631316e-03
2.820163990043228052e-03
2.383748382300964093e-03
2.745677600586936273e-03
2.656016518460792286e-03
2.512776555636428780e-03
2.843409827799659850e-03
2.920647032489661742e-03
3.050865765365177746e-03
2.864658692051360624e-03
3.275478511957430946e-03
2.432247043647652995e-03
3.195979964222475135e-03
2.653148227277632616e-03
3.293772757198166947e-03
3.105998269932944492e-03
3.040280878700966395e-03
2.989121769804081123e-03
3.645436823563402533e-03
3.726061002443050232e-03
2.707497543599983285e-03
2.373129240472493344e-03
2.938211523297862109e-03
1.946922453961579935e-03
2.786510795464181359e-03
2.928282946814054176e-03
1.926345194030754668e-03
2.896562309035912407e-03
2.902556169151508485e-03
2.979319057672329824e-03
2.658674563385802613e-03
2.883555748921204451e-03
2.329451514643232721e-03
4.159719061798090173e-03
2.709627955950253460e-03
1.994472460390596912e-03
2.032260554448175015e-03
3.051791505809262409e-03
3.610645781428665265e-03
2.889370622856934911e-03
2.636798900463114322e-03
4.391833321259793442e-03
2.982122775753412707e-03
3.137863673918495078e-03
2.557522212477598457e-03
3.551339544849978647e-03
2.626096890180703095e-03
3.115751709406252862e-03
3.414940997068299008e-03
3.562735673624166897e-03
3.259271080805775482e-03
3.530093495784889911e-03
2.359182751027130275e-03
2.864979237280525226e-03
2.326733238199040019e-03
1.984170000023961246e-03
2.120038556117771495e-03
2.952122982340000309e-03
2.101115590158341220e-03
2.655809095271201379e-03
2.145553371871396220e-03
2.961707558716511479e-03
2.738443308945088389e-03
3.674932706848340822e-03
3.387735904458964980e-03
2.917968167034672069e-03
2.549629504206733961e-03
2.852432216970001658e-03
2.868412677612011945e-03
3.106788830977025122e-03
2.913744340677642142e-03
3.948343457638905929e-03
3.531804691927690858e-03
2.246236507680536478e-03
2.668550076283413616e-03
3.420120736845191651e-03
2.605688125528533849e-03
3.468736167142437519e-03
3.089792932471389659e-03
2.803853805097376601e-03
2.895851710227347487e-03
2.133661549929681458e-03
3.315812827054506057e-03
2.183283979283680461e-03
2.809298764587732540e-03
2.636397246253151944e-03
2.566361789356912809e-03
2.158779772657656599e-03
3.137991881843213600e-03
2.796950098362970850e-03
2.894036503104664704e-03
2.611974944651217906e-03
3.408238305121702276e-03
3.601730140925439323e-03
2.082599373756867552e-03
2.970467465958079919e-03
3.380018629791751560e-03
2.636500639850830694e-03
3.090554801883789535e-03
2.968962846302397422e-03
2.750610844587645602e-03
2.663321455369976280e-03
2.938998868986196760e-03
3.748982476818998877e-03
1.820221496135252795e-03
2.837678382564495869e-03
2.562106303039738461e-03
3.488022532110445894e-03
3.146166017626938257e-03
2.614636932438704851e-03
2.342464403764777086e-03
2.635114186878003556e-03
2.975761076098092182e-03
2.916561096617797770e-03
2.763216858577066410e-03
3.277011268855588647e-03
2.392091354455096186e-03
2.889908677286355965e-03
2.778495995459615096e-03
2.947057354148740170e-03
2.791087587226538484e-03
1.876069538271949323e-03
3.353008371111206205e-03
2.830401901481340281e-03
3.200385235977121125e-03
2.871758346949063959e-03
3.162938791540237122e-03
3.480307882859144490e-03
2.816774246990010663e-03
2.879938852582365240e-03
2.640726079024892457e-03
2.761001057993718675e-03
3.084608937916614134e-03
3.091831318290410701e-03
2.801882470218217992e-03
3.001596580747729892e-03
2.263105819771274799e-03
2.625763516500186079e-03
2.937663106960804009e-03
3.601295037108671188e-03
2.951637597735390275e-03
3.247463887976446625e-03
2.600117498132076266e-03
2.869930687655219363e-03
3.070027560032555398e-03
2.494282827035443177e-03
2.322060923728086566e-03
3.111676445941710927e-03
3.027858853608938333e-03
3.221086205772888053e-03
3.269930323219104144e-03
3.379367302589064790e-03
3.009626161355125062e-03
3.595636555619241732e-03
3.319410767568780306e-03
3.576675417726553514e-03
2.909056779260764131e-03
2.388901725663336844e-03
3.596341607709741765e-03
2.272232333207417718e-03
2.877353816696427095e-03
2.671040992602498419e-03
2.545550048541234123e-03
3.048828177576133440e-03
2.479898368500002125e-03
2.125895992982335288e-03
2.661532638563226475e-03
2.821328235788906312e-03
2.746150370700281822e-03
2.768018099782472777e-03
3.043328452488879357e-03
2.210822997411187804e-03
3.365128407433848595e-03
3.991465019314170519e-03
2.692627889703076358e-03
3.376590377717795469e-03
2.973593617829368898e-03
2.054703155869968580e-03
2.872261963491180587e-03
2.657555693472975905e-03
3.118258296039377962e-03
3.119156569711823389e-03
2.681612907229292443e-03
3.515921337497439694e-03
2.249608472153012163e-03
3.011676876164829514e-03
3.332025423564928101e-03
2.824331112797684624e-03
2.576381341664083727e-03
2.551394160065748214e-03
2.649732270382321696e-03
2.816842063501681301e-03
2.627907754474197600e-03
2.616156622073106258e-03
2.958262828001047631e-03
2.873723813542256901e-03
2.750413368402879546e-03
2.195469867757249543e-03
3.621952949718577983e-03
3.111292823251161563e-03
3.101910832524641497e-03
3.283007717700227486e-03
2.848994304941666195e-03
3.687413164908659273e-03
2.808902385208561937e-03
3.609991253037244698e-03
2.751784128440165796e-03
1.977800996463868061e-03
2.459466127806378324e-03
2.772704344947249551e-03
3.341886324856378852e-03
3.373015449736375786e-03
2.961008317555986497e-03
3.202203939211246356e-03
2.679690830170701910e-03
3.053414595441423553e-03
3.614278206149518745e-03
3.020899670425448297e-03
3.316075640628216199e-03
2.003546335966939745e-03
2.778359759489546117e-03
2.792592153905729731e-03
2.955566138008710111e-03
2.696815631955557738e-03
3.443312221644550825e-03
2.566049628674771897e-03
1.995181969166603259e-03
2.661730466293698270e-03
2.422741200379079172e-03
2.800548209642295637e-03
2.632676008522597585e-03
3.222518545164500085e-03
2.391984787797520138e-03
2.763466840134317162e-03
2.905824775392980720e-03
2.955220196856935422e-03
3.178568362887757275e-03
2.717280192472354763e-03
2.819696031790165126e-03
2.870787853139444151e-03
3.057588985860391125e-03
3.356565106160621682e-03
3.106345024514622476e-03
2.769106733563757826e-03
3.378257986951270237e-03
2.758863559478458641e-03
3.033734851922831061e-03
2.454857383527052090e-03
3.339761905538889651e-03
2.864064278592211733e-03
2.592456464500377759e-03
3.054412799621790062e-03
2.836660454289987535e-03
2.665435877669426138e-03
1.877615017916129964e-03
3.062956280251466490e-03
2.408622948107979299e-03
2.918912957483592481e-03
2.669741046892535209e-03
2.440611349361302123e-03
3.100770881892574247e-03
2.425932215225028339e-03
3.348743422130505843e-03
2.529714535124161744e-03
2.966367256178130060e-03
2.815600791424012830e-03
1.920765647991409938e-03
3.183846238550087828e-03
2.086324915608851836e-03
2.845953659634327653e-03
2.485980733186747040e-03
2.809810279969072056e-03
2.867812904723315327e-03
3.251127284714030053e-03
2.980394126086765953e-03
2.552588864728654299e-03
3.496248677054693103e-03
3.301610978516524714e-03
2.961045433697434125e-03
3.156749549760469713e-03
3.639724222067038800e-03
3.114523069339851687e-03
2.869219118475695510e-03
2.434536898859161747e-03
2.819578169541372362e-03
3.268983709727862896e-03
2.006494486240884955e-03
2.508013708423408820e-03
2.459161627535348844e-03
2.879951642457261821e-03
2.809270149728105345e-03
2.690809365541807063e-03
3.438120459487412767e-03
2.404314241184890046e-03
2.656221381510782877e-03
1.934231330285604220e-03
2.644616567666220261e-03
2.265930902003209738e-03
3.241575649827101429e-03
1.955243163157132941e-03
3.048544118503780393e-03
2.743960522452682828e-03
2.565815976732359425e-03
3.318423580608541312e-03
3.307545819485558248e-03
2.133417351484178433e-03
3.449864550236113152e-03
2.375035778235479265e-03
1.996746759561316385e-03
2.018087197280949395e-03
3.078514716725848019e-03
3.181639985708547766e-03
2.578234184627625249e-03
2.825879092253844645e-03
3.391515878456850559e-03
2.228293387816896766e-03
2.690163078694647776e-03
3.256036572386827952e-03
3.339651812216657550e-03
2.796550182789054803e-03
2.822699754560324507e-03
3.237402338179837767e-03
2.295811134304217519e-03
3.125074919625680549e-03
2.879286677099363555e-03
2.808008306311042361e-03
3.130345507334313538e-03
2.829554840940881784e-03
2.803880146043680969e-03
1.601723254000036491e-03
2.690204354126960254e-03
2.848856889208860495e-03
2.370313459186055693e-03
2.637885752942132223e-03
3.226201121786190229e-03
2.920194127596227075e-03
1.981266357963342752e-03
2.022690046260943592e-03
3.141494359543464329e-03
2.641442978150026176e-03
3.034090500784842118e-03
2.677735649325033076e-03
2.672481508950645939e-03
2.864052077222888851e-03
2.559881612389141095e-03
2.557645886315990536e-03
2.995869249146050541e-03
2.839339701685917022e-03
3.052704135879580859e-03
2.037935885244540266e-03
2.412110023793321775e-03
2.684003017886036312e-03
3.432164976161060106e-03
3.252132218559180762e-03
2.887212841233702167e-03
2.336318424539188515e-03
2.976227661786982979e-03
2.832046483672207276e-03
2.257008248260580947e-03
2.431124964225097121e-03
2.595516191328300394e-03
3.374438254997743410e-03
2.898895248555257830e-03
2.506443791122017414e-03
2.651100191980688275e-03
2.515797947303181816e-03
3.593957508266180066e-03
2.499611006364465919e-03
2.491126820634655039e-03
2.366958899937001825e-03
3.151102841979721431e-03
3.069179003282938595e-03
3.079744103657124261e-03
3.104349161038381585e-03
2.426927328205199293e-03
2.678344514904410379e-03
2.468160556968247189e-03
3.063815852608767990e-03
3.122523040797081737e-03
2.621380411579075920e-03
3.363091050237822927e-03
3.543393218598657989e-03
1.862558046486872130e-03
3.264989852485298757e-03
3.209717757418380137e-03
2.692829617544862351e-03
2.076840240997334438e-03
3.660336561620666351e-03
2.988906549990520949e-03
3.677280712111432540e-03
3.182442810000977052e-03
3.137978967906973789e-03
2.253187829407474804e-03
2.257494474138868439e-03
3.155101817566194431e-03
2.991036504844190192e-03
2.854399960828220891e-03
2.705673213250672348e-03
3.038424440136486358e-03
2.228586703307159321e-03
3.080610526770255573e-03
3.114089089675247269e-03
3.535443213933876349e-03
2.879010318000315306e-03
2.789449221494737750e-03
3.446946117106813173e-03
1.971581493017723462e-03
2.651274731635756658e-03
2.663080628094545519e-03
2.130673149427593158e-03
3.093422563905566958e-03
2.375872037079946111e-03
2.305014564348972263e-03
3.109656951187980516e-03
2.008868533746583848e-03
2.807081117860360259e-03
2.640912994165258397e-03
3.337296549984805974e-03
3.023637062549658187e-03
2.213732430479888654e-03
2.724368713110983040e-03
2.218624515989687813e-03
2.716834235616078300e-03
2.950013069902975363e-03
2.288326697556815510e-03
2.958044328202681563e-03
3.382440477405073819e-03
2.703256904541029119e-03
2.367772620475531390e-03
3.652181737772286409e-03
2.732445221219887040e-03
2.287727975052969171e-03
3.131314896026699511e-03
3.163147580957961693e-03
2.159403998261092989e-03
2.762931332349089809e-03
3.117495210819584955e-03
3.182716555350243153e-03
3.678741145810283247e-03
3.832213040233756977e-03
2.478970990016508922e-03
3.298204232580012434e-03
2.680952413872895491e-03
2.412423110642394463e-03
2.725912870083081578e-03
2.440917878660665841e-03
1.762811639736769614e-03
2.763100076124272355e-03
2.208180624515212673e-03
2.589579832239092584e-03
2.657550531166617477e-03
2.518358391159992906e-03
3.565452592206610778e-03
3.572810917594467471e-03
2.332071161142124181e-03
2.863244644049613152e-03
3.189298925229250986e-03
3.143828044996057215e-03
2.424421185785050059e-03
2.182110212871440653e-03
2.556985100011393598e-03
2.368446310329656683e-03
2.796949287367513429e-03
2.792515208195381262e-03
3.087908580956401361e-03
3.363016139429815272e-03
2.599333352806831605e-03
2.342997444572320672e-03
2.780144410033218768e-03
2.957443124692453983e-03
1.708281822848265949e-03
3.409792997248822614e-03
3.439883052081529977e-03
3.200900886009546992e-03
2.144935871512989971e-03
2.438546678500291744e-03
2.345400783275853988e-03
2.775219783880991144e-03
2.680390063523311554e-03
2.469258043658883583e-03
2.384976585425269916e-03
2.615414256696732380e-03
2.962577884339942080e-03
2.068661070659389648e-03
3.654613641250382787e-03
2.999839844756762609e-03
3.314620217413727973e-03
2.839998426689673006e-03
2.696100569030323180e-03
2.357009639665609731e-03
2.793373312350337038e-03
2.483693580531737624e-03
2.661304537935908245e-03
3.235159646007827131e-03
2.715985388038922362e-03
2.837226778347645001e-03
3.120762266031939982e-03
2.719550186862047369e-03
3.227320807627459369e-03
4.326201894580211128e-03
2.083130130409788314e-03
3.081771936003491370e-03
3.548260707145351953e-03
1.982744354810534078e-03
2.421867693208933255e-03
2.903103889679624003e-03
2.984028455425093151e-03
3.178300152773076964e-03
2.627925839172853741e-03
1.894122780277174073e-03
2.974762983649186128e-03
2.134126602876531761e-03
3.225323419704569268e-03
3.017929377831317806e-03
2.892675615111963902e-03
2.424894250213284041e-03
2.904198604923205473e-03
2.522087504021330428e-03
2.577961848010776758e-03
2.754019630130718783e-03
3.095000665348385856e-03
2.517280956142717730e-03
2.320510699908896052e-03
3.062000844676485492e-03
2.338628517186640450e-03
3.081704093216353687e-03
3.059443453219057567e-03
2.553434869624551882e-03
2.713941362836326619e-03
2.798510749360091487e-03
3.011502991705210242e-03
2.051439754411167170e-03
3.065353652684357777e-03
2.562918178983396647e-03
1.272125985204235286e-03
3.302306457516343031e-03
3.244271851826437906e-03
3.130270082478640338e-03
3.488650716067128160e-03
2.371634693521366705e-03
3.621197827080464490e-03
2.557195776294598870e-03
2.760218592510431824e-03
2.351922155784356983e-03
2.774646126546399631e-03
2.892741441548797414e-03
2.930633358493036234e-03
3.941335039668023878e-03
3.271310459971747686e-03
2.482949704264268351e-03
2.557256049247470624e-03
2.858888272359230622e-03
2.786377797352136611e-03
2.747369538371549104e-03
3.983996446372573517e-03
3.000929648868859087e-03
2.432472848822453057e-03
2.263550547953744468e-03
3.467039445644117413e-03
3.471076578278069549e-03
2.974808658234790685e-03
2.761121230367088314e-03
2.612260386285661807e-03
3.127897527946705159e-03
3.507131095206840379e-03
2.613946816934037583e-03
3.094342463014760573e-03
2.806520724098495855e-03
2.540087541623600904e-03
3.395205120309938759e-03
2.781013565062450971e-03
2.891472927247626737e-03
0.000000000000000000e+00
