1.093686420777886283e-02
1.047313851728657111e-02
1.176413096655672466e-02
9.312223846376040115e-03
1.036070943025744692e-02
1.067027584437632223e-02
1.138659460918473726e-02
8.270749964344693492e-03
7.293256558409675835e-03
1.001529039282462313e-02
9.867931979979408311e-03
1.201269290330304190e-02
9.742216571307044798e-03
1.056749857753817683e-02
8.957954736435956231e-03
9.229276475242482319e-03
9.151474012082990578e-03
8.152923571718309267e-03
7.970419490916185595e-03
7.223787319233410283e-03
8.132413266849993286e-03
9.555836186315462902e-03
7.226509209916401853e-03
7.870732288187784476e-03
7.977309014535142323e-03
5.670905616910144019e-03
7.138974479595097331e-03
7.197847231274603040e-03
8.098184669955422327e-03
8.150171851604538081e-03
6.230194088244822570e-03
8.396568517708273907e-03
8.208887461478230410e-03
8.216198738000285093e-03
7.468735962055961589e-03
4.906665856597478004e-03
7.121526149937208033e-03
6.249946789817589082e-03
7.858289164118880885e-03
6.055421833724893010e-03
5.912838664496088484e-03
6.817217714364878431e-03
5.952685695370619687e-03
5.078317945065903734e-03
5.531884264410228888e-03
5.867022666858598239e-03
7.530132036136967695e-03
4.508801174919351354e-03
6.094165602994143678e-03
5.826344613056014601e-03
5.310851530955067352e-03
5.661312813370321557e-03
6.414223516930235743e-03
6.856939348272526533e-03
5.109509641345633645e-03
5.509571003188534072e-03
6.517252868846822034e-03
5.714149712737515673e-03
5.324386404891461901e-03
4.806412148501911646e-03
6.082776923706939738e-03
5.994774758707181739e-03
7.299184828635335055e-03
5.080423524960056038e-03
4.364641566406222972e-03
6.046897325851272043e-03
5.026157306582480604e-03
5.482924922914208729e-03
4.315589898508724771e-03
5.207050036521473739e-03
4.838932781457280612e-03
4.548723892848340576e-03
3.825761274501981047e-03
5.015485981291822187e-03
4.743012232480525725e-03
5.696545510344514819e-03
6.266442502666266789e-03
3.845781753854325257e-03
5.021107687591545680e-03
4.458839804576409001e-03
6.841943574325234576e-03
4.019377737506814492e-03
5.124052604150203423e-03
4.259441886470533359e-03
5.054427581166078161e-03
5.323639519452099192e-03
4.794032248276436023e-03
4.728092890228164334e-03
3.397080479229319227e-03
4.275212026464640831e-03
4.557630414688851848e-03
3.298192686837537503e-03
5.151396242509268669e-03
4.156904777912056280e-03
4.462788017770079330e-03
4.172980939497562825e-03
4.022367301709271932e-03
3.905416729423921100e-03
3.819361934964733522e-03
5.301295431643951624e-03
4.541489876766624696e-03
4.074852063310189891e-03
5.995515311618856459e-03
3.320922767148733884e-03
5.120922722635304868e-03
4.062190770821113781e-03
4.769473997389874452e-03
5.138759108380114467e-03
3.725316488647499417e-03
5.061200500913997855e-03
4.843875363833363701e-03
5.044261111136005317e-03
3.963425576120350666e-03
4.658670966906515963e-03
6.287124483349805330e-03
3.858202674841201829e-03
4.121028068072016444e-03
5.280468751748041388e-03
3.990672521130431138e-03
4.381835272083836955e-03
5.110996469367096867e-03
4.979607438142266869e-03
4.120159120867984866e-03
4.411391462268107223e-03
4.646462977436622600e-03
5.176397088970915820e-03
4.218987742474033208e-03
3.627292097459489540e-03
4.604358147937900013e-03
4.248951366112544738e-03
4.569908809495729259e-03
5.374709056579663781e-03
4.005614473848779881e-03
5.132800032834567393e-03
2.820757072753091871e-03
4.455524434690896762e-03
4.752776327815465968e-03
3.944139697222549812e-03
6.093594374395642881e-03
4.891687678268216363e-03
3.779461173892760019e-03
4.935849640698394478e-03
3.713233919340233093e-03
4.289557643093890905e-03
4.840546994798717619e-03
3.745769097210656113e-03
3.929366920432031916e-03
4.728726646692709736e-03
4.806455750012672036e-03
4.284333261306100434e-03
3.911634520579351099e-03
3.942894781826301355e-03
4.487666960255253315e-03
2.949008418648015918e-03
3.615889075969356409e-03
5.155847715406579324e-03
4.711106140384087662e-03
3.871476638490423290e-03
3.751306577189840018e-03
4.504307254901089748e-03
4.476458151489792064e-03
4.276103273161494141e-03
3.966113761558071223e-03
4.682453099492023610e-03
3.437907496796084768e-03
3.304079040136562173e-03
3.433918520812964149e-03
5.320705673638423047e-03
4.016465072346577826e-03
4.338956530193230181e-03
4.056712936519013893e-03
5.009961979351605296e-03
3.702125064049408693e-03
5.488314536618204946e-03
5.354276548170456770e-03
3.662839583079668948e-03
3.583558582352530057e-03
3.878555729186541554e-03
3.770944338606062058e-03
3.562288382427763762e-03
4.194563709248517666e-03
4.499844393995231645e-03
3.801104948688985036e-03
4.493088263366937750e-03
5.144845011741723366e-03
4.556183057299189806e-03
3.641341157272443528e-03
4.122483755493715901e-03
4.946283917626448888e-03
4.485439857198894251e-03
4.026906036309321237e-03
4.291180109197180285e-03
4.194121282000145765e-03
5.477481588391745239e-03
3.134393443409302839e-03
4.199950035420875472e-03
5.580827198570316450e-03
4.388241359067610904e-03
4.518634872939931817e-03
4.535608148192518153e-03
3.567212317941754248e-03
3.721689498857161556e-03
3.862216309740905146e-03
3.911069454880364803e-03
4.197014984588838191e-03
4.087793371274519097e-03
3.927448289551891195e-03
4.496292829711656842e-03
4.016116180237973114e-03
4.056868026855567182e-03
3.971063642118764780e-03
5.430584374382606966e-03
4.450204213854223531e-03
5.225103675867461862e-03
4.383471555657390654e-03
4.319465300439208864e-03
3.386460496166678047e-03
3.331377746112687208e-03
3.257218854688463325e-03
4.261177785204091524e-03
4.438922143304164201e-03
4.133157619028771969e-03
4.674129505017758472e-03
5.035604729888139459e-03
4.672515971761584744e-03
3.681497925677437635e-03
4.613900379968398531e-03
3.952962643426226330e-03
4.432794399450597916e-03
4.242805553432787979e-03
4.741185267023655114e-03
4.306552328192439320e-03
3.966120194268255190e-03
3.514936716246186248e-03
4.403549140214454288e-03
4.308183190814033128e-03
3.521208013266435757e-03
4.582255310122925092e-03
3.705927201743508970e-03
4.460149385325996862e-03
4.036983686892266221e-03
3.568121042179586699e-03
3.723273248897286062e-03
3.951841794810975056e-03
4.137995800143866310e-03
3.645082707031260371e-03
3.357283090448918289e-03
4.030399432527646993e-03
4.655840208062283180e-03
3.435635162112914923e-03
4.795736818146841170e-03
4.178696672971953310e-03
3.274575227132223241e-03
4.078357270505717988e-03
4.052100070005554625e-03
2.382905115408109550e-03
4.300727085886062000e-03
5.489502915396166256e-03
3.814792873166110172e-03
4.504192174106689747e-03
3.273187579409561447e-03
4.198822175806278881e-03
5.305220990776030911e-03
2.981427336726363841e-03
4.322786879255464780e-03
4.380339371392456306e-03
4.919842766918963890e-03
4.359558825208984835e-03
4.224826438308271724e-03
3.674960004631928640e-03
3.837521636538877151e-03
3.782760533290737553e-03
3.873572295543426577e-03
4.112964852483285555e-03
3.831674616824729505e-03
3.790188477417538553e-03
4.927348673119402896e-03
3.847270281935802252e-03
4.727850825380462349e-03
4.014870268473266432e-03
4.967147003139724473e-03
4.661009578867923026e-03
3.986700372823579440e-03
4.099062953872600369e-03
3.816949139692287288e-03
3.571162178466167746e-03
4.446060324253853745e-03
3.768314850850728020e-03
3.383327934882961185e-03
4.675055374241186661e-03
4.397997284870678973e-03
4.366371087915698126e-03
4.315791394142831465e-03
3.451798116246485373e-03
5.094129539049390386e-03
4.215684398441378773e-03
5.063836919574177600e-03
3.835100012206459942e-03
3.272200046767994707e-03
4.497377718101007796e-03
4.469686488246577341e-03
4.536324318512446885e-03
4.585687404320346050e-03
3.989553460850468747e-03
4.767917821352499023e-03
5.312404799160696557e-03
4.418112416111411901e-03
3.953566045030473645e-03
4.058259620466619748e-03
3.855194517564388638e-03
3.567892385312864106e-03
3.036087744051090085e-03
4.254850095116693293e-03
4.410692767229106546e-03
3.919259617049945452e-03
4.062113114845944395e-03
5.165988553274694986e-03
4.230056452129676847e-03
3.713750178178101650e-03
3.884741086621098898e-03
4.115335110924058480e-03
4.906210462779833810e-03
3.068781566983641920e-03
4.609492395104399474e-03
3.599848412853748694e-03
3.565776462487256059e-03
3.118125861674021868e-03
4.776774089092133968e-03
3.936226414550271849e-03
3.430433237582646358e-03
4.269354287555365314e-03
4.321471941514721561e-03
4.141541557382371480e-03
4.606502811157097386e-03
4.882040913348044582e-03
3.984083657910660221e-03
4.153882437823426185e-03
4.069625985799268930e-03
4.841149850640892247e-03
4.158671214020381347e-03
3.425629595248512720e-03
3.755250039525091874e-03
3.900697418147438394e-03
3.547676283096690229e-03
4.686854094251416414e-03
3.748069421637611684e-03
3.849010706751809785e-03
3.867637245333186216e-03
3.604104974392218722e-03
3.831057360177291329e-03
3.679027754945069211e-03
4.271394831156252736e-03
4.314988367238847475e-03
3.558495105851649555e-03
3.308194738339510603e-03
4.896187017883125298e-03
4.747203654982459949e-03
4.152852554248370569e-03
3.833322382398996267e-03
3.997346603080459415e-03
3.162252217709971523e-03
3.665590887123219756e-03
3.675845071119912977e-03
3.816309373202475801e-03
4.402638056924635529e-03
4.775329505655734330e-03
4.661533155909653066e-03
3.827022840918458801e-03
3.116399608786402098e-03
4.068743840868071886e-03
3.987441877709485376e-03
4.077329082151318063e-03
3.207917982429872063e-03
4.086617471390269554e-03
3.964172989201102289e-03
3.588679339571109947e-03
4.575820642281239019e-03
4.025682225563901803e-03
4.526188835509184841e-03
3.706897278678194900e-03
3.488510110376026683e-03
3.938751754306206790e-03
4.965128030676850893e-03
3.593248029651469055e-03
4.623752979903835228e-03
4.376979388413730458e-03
4.713739343334479547e-03
3.749564242437895215e-03
5.577640601943257420e-03
4.442528943208217534e-03
4.560855146190848433e-03
3.558892202395036626e-03
3.083575846162611624e-03
5.278578772449938131e-03
4.724446617212881699e-03
3.797794360043479575e-03
4.548404247351330205e-03
4.135533773990375528e-03
3.687177560057599071e-03
4.498151368893768542e-03
4.128341507833243988e-03
4.488144515754578269e-03
4.680877945933329884e-03
3.480245530392554396e-03
4.158884393210649649e-03
3.103599239628276711e-03
4.146436398973145192e-03
3.688725728214150776e-03
3.955718814707654199e-03
3.724334880198941662e-03
3.661325998046055519e-03
4.096085283341743474e-03
4.498056381152514341e-03
5.301330137966594677e-03
4.093082284200163894e-03
4.033555084268425871e-03
4.126069330172696045e-03
3.768203855586993965e-03
4.124926021140463625e-03
3.905832826920184811e-03
4.579736463015619818e-03
3.404027419570736668e-03
3.930442851104557628e-03
3.950340123128748618e-03
3.875021796915558911e-03
3.502495720017629287e-03
4.162933361152070660e-03
4.375196015757133045e-03
3.739444650043264196e-03
3.819288921817327875e-03
3.467307914932541389e-03
3.852003035973875032e-03
5.550314018403490306e-03
4.028666959871554827e-03
5.185505264706939503e-03
4.469387153963970925e-03
4.062374847133520123e-03
3.748513857782291570e-03
4.198831311461829509e-03
4.904385565674341391e-03
3.753730996838688244e-03
5.250240675124872441e-03
3.658367230047498888e-03
3.450623135832905138e-03
4.818586076483701020e-03
4.689646348743127698e-03
4.708445822635846933e-03
4.319750250510026590e-03
3.410617767168406395e-03
4.127951118676346891e-03
3.857762351235946834e-03
4.348361734527894477e-03
4.491709926275286487e-03
4.284723478790237322e-03
3.494050149571001698e-03
3.026386246228556908e-03
3.566276334387402918e-03
4.372263773538957211e-03
4.213318203945473975e-03
5.103417332831715163e-03
2.830033291455850367e-03
4.915431868909686010e-03
4.551078114363855259e-03
3.532191008917768930e-03
4.587835532179950458e-03
3.875508466133692140e-03
4.570053856248352739e-03
4.152101785665774682e-03
3.768690070290006341e-03
4.856015245428386799e-03
3.320962468208669104e-03
4.061218315183389056e-03
4.260833280592781977e-03
3.050846137025398259e-03
4.951783257702262707e-03
3.368933733498254493e-03
3.664239223378051424e-03
3.920392790176423399e-03
4.411832520911308092e-03
5.339866085761067055e-03
4.323645272456503631e-03
4.708857609699678218e-03
3.925398532204720480e-03
4.312879795533556063e-03
3.439406983380853197e-03
4.430979276900980264e-03
3.758744248646257290e-03
4.918585206581969904e-03
4.039107258662369415e-03
4.196483801267787347e-03
2.917530446120049966e-03
2.920542189300102866e-03
4.555796267251469196e-03
5.140016519159405425e-03
3.976522639426975474e-03
4.111941680578312490e-03
4.343030863433981759e-03
4.471843761327261302e-03
3.554968314334969442e-03
3.894477615065183168e-03
4.347950080962731910e-03
4.844472731777683429e-03
4.729609281012063515e-03
3.970222134104920558e-03
4.656153991852042887e-03
4.248660967821206447e-03
4.295601638957734399e-03
4.429341168955909860e-03
4.735801302101511762e-03
3.368272668134162859e-03
3.638530058582496989e-03
4.904300665342584305e-03
3.713561251851934912e-03
3.593452869565257057e-03
3.632951246161713124e-03
4.013088081946355676e-03
5.051426767685589930e-03
4.371581972226502681e-03
4.108115093458811727e-03
4.694889710326613334e-03
4.205640132036025415e-03
3.343226535806574379e-03
3.979646466828195769e-03
4.200257580368346039e-03
3.901305570444616767e-03
4.490067109361916588e-03
4.050298949883461737e-03
3.407265426160768600e-03
3.888891775893382752e-03
3.515423628220747283e-03
4.528443241219155813e-03
3.966754872946259836e-03
3.583063983978978205e-03
3.808029342521790546e-03
4.056995126851497060e-03
4.704927782863274448e-03
3.982842044900201071e-03
4.130921869097095578e-03
3.901481601415453509e-03
4.743786442170983692e-03
3.345176084203278083e-03
5.217282143992391964e-03
3.390861331068529150e-03
2.789357762704163836e-03
4.449043424143472696e-03
3.213223098850518777e-03
4.145145822169896653e-03
4.626490531539266191e-03
4.193153673630232135e-03
3.757135765066822817e-03
4.397635479535428292e-03
4.146729948611267702e-03
4.765142418504231259e-03
5.436727682276719202e-03
4.399852697814197154e-03
4.153780267652283295e-03
4.815637562612860162e-03
4.058527576370953710e-03
4.049496085465931726e-03
3.143164951273933697e-03
3.052015391570555430e-03
3.420916127136710422e-03
4.161261173217065124e-03
4.855923384832733225e-03
4.536802268775117115e-03
3.857685826773009016e-03
4.995913616005683358e-03
4.873458702994825330e-03
4.495325359410305872e-03
4.854973998953308369e-03
4.503788119925754979e-03
4.301946773185631040e-03
4.713841256023194697e-03
4.042053977563764625e-03
4.539888735386843170e-03
4.172651912159536583e-03
5.022020093794654638e-03
4.199121018698347661e-03
3.370455006869207092e-03
4.521683958529112285e-03
4.171495503406711172e-03
3.891491848578498662e-03
3.860436275560507648e-03
4.145147683761098156e-03
3.716103200512535509e-03
5.041997103485370765e-03
3.968390454570540522e-03
4.786249072437465980e-03
3.247558748601420651e-03
4.809113351626419230e-03
3.807619163231888877e-03
5.306600445382206668e-03
3.334289008680027012e-03
4.407414644256942189e-03
3.225309148949512435e-03
4.697261935080376295e-03
4.763792155666914455e-03
3.701749046317690840e-03
3.587467670399003238e-03
3.851067354977079100e-03
3.697627563669831068e-03
5.345393307172718184e-03
4.538229266391456164e-03
3.944865191459322878e-03
4.180436535783523498e-03
4.422743681108246873e-03
4.434885357033595786e-03
3.986161662404725907e-03
4.095101697357834969e-03
3.923396238885036753e-03
3.786286253759013620e-03
4.621795289477270870e-03
3.865736945494937810e-03
4.789037882328805833e-03
4.027244390416934161e-03
3.493887868294198902e-03
4.473576412293261105e-03
4.445305674125588774e-03
4.049061205500416663e-03
4.249945664374214262e-03
4.487963223627915860e-03
3.301037607143938579e-03
4.914424455685777876e-03
4.504607384098948709e-03
4.125116746950385944e-03
4.033780270248270641e-03
4.733922699803901242e-03
3.731711381763582087e-03
3.822114663286204760e-03
4.477353787911998555e-03
3.588249653379560911e-03
4.980448618220208699e-03
4.319261551394157350e-03
3.246079651619945741e-03
3.489121810953075501e-03
4.388926759298142181e-03
3.813586080073415666e-03
3.360657997142679158e-03
4.159523979296651623e-03
5.710091190538105731e-03
4.111073305021285818e-03
4.663931747424740655e-03
3.392777418307134189e-03
4.566004162548100223e-03
3.804802637662221994e-03
3.845367569793549725e-03
5.362406734762491418e-03
4.714014743924433218e-03
5.309623799564655230e-03
4.354568396791553241e-03
5.321633849379000386e-03
4.603518284404130474e-03
3.802591757547399507e-03
4.923864645121722554e-03
4.541670581810299846e-03
4.142172587722228044e-03
4.366910604502897281e-03
4.415561909811656707e-03
4.026732980198598384e-03
4.526783661207741706e-03
4.220927988906510685e-03
4.790903839630899531e-03
4.408542068017750823e-03
4.227856268914547203e-03
3.329871593648546426e-03
4.055608345576906110e-03
4.356955242285341992e-03
3.154485152032040010e-03
3.504956817646726411e-03
3.863308724666924317e-03
3.493468568738938330e-03
4.635418226900198807e-03
4.334992359735468162e-03
4.032885121638490021e-03
4.108642355547567973e-03
3.532065753394412425e-03
4.781343524285097506e-03
4.049689361289804911e-03
3.628492202084192351e-03
3.911088025473524396e-03
3.697334898090913306e-03
4.130936272723735071e-03
3.837576903201387474e-03
4.603804801323754282e-03
3.843078077461325754e-03
3.905818751481153484e-03
4.037663874248044980e-03
3.990028913768357485e-03
4.308582629868977325e-03
4.247835025905284147e-03
4.317916530687198814e-03
4.095644304446904166e-03
4.201690360582757341e-03
4.233816001859507828e-03
4.914479863971934169e-03
3.832536278784906287e-03
3.760131071964215727e-03
4.256115244811599363e-03
4.362882912109925133e-03
4.560439057567135419e-03
3.291332889106775295e-03
4.030533169742534470e-03
5.029607360247377243e-03
5.083355555747224620e-03
3.885105917259167301e-03
5.713384698725843848e-03
3.461115658631690704e-03
4.253856985250672150e-03
4.397720986207408200e-03
3.141462209578926509e-03
4.418135018671841101e-03
4.198799889553348971e-03
4.291417854946060623e-03
4.439417481168848878e-03
4.347380159767541725e-03
3.550629603279394780e-03
3.767646340200951974e-03
4.328319302555317348e-03
3.873865079351099684e-03
4.517417494678801528e-03
4.118641601193894289e-03
3.156182933518033706e-03
4.586326949787129098e-03
4.078732379031928083e-03
4.142082221917531282e-03
3.277521431213243318e-03
3.558429699080969000e-03
4.947724075233038248e-03
5.234480506994839896e-03
4.495246317967407229e-03
3.781795198849510764e-03
3.659777798484623382e-03
5.803213370670099423e-03
4.346392542672481742e-03
3.934890700756103234e-03
5.210270420759739035e-03
3.926797109930059947e-03
3.825785376791955225e-03
4.399830058460873702e-03
3.797302798914066208e-03
4.582299832617505939e-03
4.582078715470397183e-03
3.996197832844316025e-03
4.157925720388250604e-03
3.710404229304667314e-03
4.128703528267465422e-03
4.643112757043964429e-03
3.815224057655426312e-03
4.904257457505282330e-03
4.129018848063409353e-03
3.487934148928689086e-03
4.074894287027623803e-03
4.511744850916986002e-03
4.401561402066474747e-03
3.513841947991770340e-03
4.623076854887920271e-03
3.581012380182338473e-03
5.169108387598678363e-03
4.259196307747343049e-03
3.198505915586794240e-03
3.904483387946372334e-03
4.033031789453192344e-03
4.248324205252134236e-03
4.387465892404858459e-03
3.567408566580759516e-03
3.988231262687179368e-03
3.483148180318710631e-03
4.739150206441515058e-03
4.894164212696591569e-03
3.163022886752010071e-03
3.898101566317329139e-03
4.136106006379913595e-03
3.787878622578082569e-03
3.314222526981805330e-03
3.874895672804113799e-03
3.753557502589825040e-03
4.365301652767031651e-03
4.527291605190323330e-03
3.995618927191867814e-03
5.466147946187948498e-03
4.129734362587727560e-03
3.960300060695707940e-03
4.348704441818335500e-03
4.485311070737641077e-03
3.907730796516548782e-03
3.199203466329254147e-03
3.989467882263069039e-03
4.029819463357090133e-03
3.868855586813275960e-03
4.167572601143719468e-03
4.700744497944511768e-03
4.670987110616996174e-03
4.057962681697622857e-03
4.568769462677878951e-03
4.139590391397428640e-03
3.425923845600310682e-03
5.060711306800854542e-03
4.303808231389618516e-03
3.639356483731105794e-03
4.508994777646331553e-03
3.993371329227340602e-03
4.797458381055841499e-03
3.746063936079310416e-03
5.233907839318108386e-03
4.465658917664557144e-03
4.019447664183861332e-03
4.507485128525508256e-03
3.082480474463952791e-03
4.002996426880229934e-03
4.376419180126456601e-03
4.135191817474366711e-03
5.037315734134086530e-03
4.864395452669402486e-03
4.187425490620611673e-03
4.511088154617067317e-03
5.161703849848899711e-03
3.709267440433578096e-03
4.937724926156265501e-03
3.882974902399703547e-03
4.264763828614776160e-03
4.213036951120237988e-03
4.122304570152235566e-03
3.420490718303779727e-03
4.394139263241970787e-03
3.144752551865143651e-03
5.038748942984331257e-03
4.352772426334413497e-03
3.014189559249019941e-03
3.920393779294969148e-03
3.793317861062038554e-03
4.573614849295024216e-03
4.137098365749736564e-03
3.796745858841522880e-03
4.888828232360076069e-03
3.806110040722233013e-03
4.290490954561422196e-03
4.769985160392105870e-03
4.931359231577172111e-03
4.173288601607916953e-03
3.893517891685521412e-03
4.753170101408076519e-03
4.386927416783807654e-03
4.189291287322936645e-03
3.667856966804604411e-03
3.585977681488914520e-03
5.060775045843391579e-03
4.323074459515330835e-03
4.345271587607892408e-03
3.850889847962055308e-03
4.163303127370631546e-03
4.259598271847363053e-03
4.274332931814876606e-03
4.593176191500699009e-03
4.869027353365343661e-03
3.572761247824918825e-03
4.019237106081533471e-03
4.021829980913449627e-03
3.805843458959555850e-03
4.027537143123330332e-03
3.896486625942891056e-03
4.969085220792207255e-03
4.852298315077976411e-03
4.452856739037882802e-03
4.302270213521162956e-03
3.907411700263521172e-03
4.489574614193369423e-03
4.556765954027391756e-03
4.244412342592860689e-03
4.623337590865145806e-03
3.172530830298399274e-03
4.863400316901029218e-03
3.808843705529798337e-03
3.367757723364942467e-03
4.476740123318638173e-03
4.515695909266144274e-03
3.448822504595448583e-03
4.522970828509337814e-03
4.641806674464602281e-03
4.413211870215868332e-03
5.359659590082363305e-03
5.451103536210560874e-03
3.185406463340787180e-03
3.863476437032621700e-03
5.019571293410851620e-03
5.010776905122757766e-03
3.899488978425800449e-03
3.982060051160783883e-03
4.339096336506683381e-03
4.365360032808022345e-03
3.695866673879774373e-03
3.800100422551452861e-03
4.182173649060507564e-03
3.440492433152202763e-03
3.237051820890796648e-03
4.094406131284557097e-03
4.904951865135405431e-03
3.894362626231796191e-03
3.195020996170315312e-03
4.359338459887449231e-03
4.236399395519370795e-03
4.072202366638928012e-03
5.149182292178539587e-03
4.434277714259114885e-03
4.862015173886067784e-03
4.130043838734777720e-03
3.084510593614305223e-03
4.544841456402575440e-03
4.507376912987635584e-03
3.548361264324196521e-03
4.981155433934636619e-03
4.517605787967162063e-03
4.006360686949042398e-03
4.189643581389339289e-03
3.381043550728680350e-03
4.167436132622638623e-03
3.797670929071073499e-03
3.899632682711548851e-03
3.461571686371103275e-03
4.057065825978895847e-03
3.970228129768304734e-03
4.812151996867317615e-03
4.873287379271346552e-03
4.981397495342041078e-03
4.332644926901870440e-03
5.189216085079339374e-03
2.937165587097986807e-03
4.153880381888436224e-03
4.437059862524401870e-03
4.086046155793903248e-03
3.860284774249143382e-03
4.713689753240075421e-03
3.947517745277879554e-03
4.388833638221053234e-03
4.390362411612165443e-03
4.240873523696115158e-03
3.623291092439442224e-03
4.709731935515026544e-03
3.784579977950457315e-03
4.102412460893766454e-03
4.156690645975754869e-03
3.775960570476316006e-03
3.819413443039899273e-03
4.594747029123949500e-03
2.992539071887700877e-03
3.483222676650245177e-03
3.806167591644652164e-03
3.568083342973159093e-03
5.732792124208086967e-03
4.444986424917258226e-03
4.806120393252763350e-03
4.480597732699638167e-03
4.250382500211753560e-03
4.224867436447796512e-03
4.715842698821150723e-03
3.875916757662677473e-03
5.189677819277850601e-03
4.825830488906155714e-03
4.565257239397246466e-03
4.569075615457025320e-03
4.719061983438036824e-03
4.038513088028109627e-03
4.219465327659385236e-03
4.597473651438352404e-03
5.068678284858477157e-03
4.171720217983208162e-03
3.162820734284909566e-03
3.670926404402658633e-03
3.694078563727627891e-03
4.704220207837740350e-03
5.024690935975207988e-03
4.147422568333540387e-03
3.912828463104926942e-03
4.076785661214035218e-03
4.415366014387685917e-03
4.413372216185595942e-03
4.306521343217977263e-03
4.502794978077037831e-03
3.389043751334060075e-03
5.252567853826327869e-03
3.275582792850017383e-03
3.307187403458261652e-03
3.638078705890395500e-03
4.043811824627780577e-03
5.013413172787017751e-03
4.200468632609461080e-03
3.230315101320897948e-03
5.265480331915012302e-03
3.871503237559582346e-03
4.141783234891288287e-03
3.734294630113796191e-03
3.884288111860042560e-03
3.007422915103433181e-03
3.353297725449704524e-03
4.688808990815396781e-03
3.448220574693733245e-03
3.981899134447735612e-03
4.014586332316600129e-03
4.168911179795620203e-03
4.487612053459776734e-03
4.699404425894146246e-03
4.785072462404361786e-03
4.432569932488315649e-03
3.750085316103126537e-03
4.100751615036657589e-03
3.833101765609253728e-03
3.450427982628295406e-03
3.918857700843537267e-03
5.317934729849299776e-03
4.214686899346918592e-03
4.221727656995854193e-03
3.876592377486016722e-03
4.718622051663214079e-03
3.653268288517713507e-03
4.206820955567969374e-03
5.339213223523152016e-03
3.997150736044155842e-03
4.265006820326680721e-03
4.933420052736254592e-03
4.410929013687614475e-03
4.085835007028058158e-03
3.470058823751289226e-03
4.866856178786267174e-03
4.641366959394337480e-03
4.234932494284447853e-03
4.091339546088684082e-03
4.298954008562417932e-03
3.777764073965605637e-03
3.819893431343485656e-03
4.177185200062340752e-03
3.126673670186338235e-03
3.598223143354521182e-03
4.235727905468412817e-03
3.572830568593648656e-03
4.074842803914372098e-03
3.187519906464552494e-03
4.244773760487078988e-03
4.361506246247972771e-03
5.374786935973551588e-03
4.178363507039073964e-03
3.844668360105977893e-03
3.442967668282992649e-03
3.044173715761812945e-03
3.277030469956442905e-03
3.601336992698659940e-03
4.130314628791724799e-03
4.247475397948719672e-03
4.035297932082309094e-03
3.731867122782527024e-03
3.915199048122085593e-03
3.941347093624096749e-03
2.873979754505129845e-03
3.415944834588446714e-03
4.248185041748420501e-03
4.720702704518926936e-03
3.620634959920940223e-03
4.863188458178727656e-03
4.416939963229581101e-03
4.038976439703937001e-03
4.544231294167016405e-03
4.263185833308556771e-03
3.809324525758517668e-03
4.743243634129284091e-03
4.980050396253482038e-03
4.475465930825620227e-03
3.926775745921921856e-03
3.707758860553327616e-03
3.556107177820083502e-03
4.166022826837319226e-03
4.020430456067146906e-03
5.220175625541009258e-03
4.463489683727517483e-03
3.837404641087664714e-03
4.035550313549752730e-03
4.729024351547380690e-03
5.110973131029322367e-03
4.277162434447829426e-03
4.438825259813205214e-03
4.018581108898675036e-03
4.266156131245204923e-03
3.341691054594513304e-03
3.803419380352189138e-03
3.886088212981175447e-03
5.207059117948895435e-03
4.110177511492423517e-03
5.463817355381725069e-03
4.938761361644024468e-03
2.972533960475901797e-03
3.618529645068105371e-03
3.884242904570301032e-03
3.913435788965505605e-03
3.739455649447785517e-03
3.501195675916834137e-03
4.376811103469413142e-03
3.925964345614947788e-03
3.914197797158481922e-03
4.478843491024842027e-03
4.540827423448513117e-03
4.067713817435941563e-03
4.741540092608316666e-03
4.671518154016589784e-03
4.037465229922440960e-03
4.791621451534213913e-03
2.811250637708831868e-03
4.385952596469729764e-03
4.036329131781348813e-03
4.660671171628905443e-03
3.604920840027027711e-03
3.777869341104052661e-03
5.224448048185949614e-03
4.319393591275236602e-03
3.716080968779211877e-03
3.435299559477824043e-03
3.964816208737779145e-03
4.080006509535759676e-03
3.975711113604060883e-03
4.351226636547932992e-03
3.260528977954124750e-03
4.513109687452751366e-03
4.538423404538981937e-03
4.805911819039998534e-03
4.378257619242454171e-03
4.172188382877911085e-03
4.482394287653494562e-03
3.836609133872505035e-03
3.433801186143829298e-03
4.764365812196908259e-03
3.812952267902390471e-03
4.829709898150479075e-03
4.472877496006463435e-03
4.409448063110763850e-03
3.061998369784926007e-03
3.627183709873549669e-03
3.711855704223812960e-03
4.015484065127998201e-03
4.133143852097829508e-03
4.356789202345570655e-03
3.473892824331051895e-03
3.786593137536409769e-03
4.570509761923083163e-03
4.638941866858518719e-03
4.351715888998897858e-03
3.613266112945810217e-03
4.139592688318963556e-03
4.852104846491896856e-03
3.566864976710317544e-03
4.777357733971985924e-03
5.050797512574702400e-03
4.487534171989103135e-03
3.674598673496881802e-03
5.168150804625851018e-03
4.656771718419038322e-03
3.789261513410273861e-03
4.091716256191986478e-03
3.720070042071516210e-03
5.780897610897375340e-03
3.794970851506413931e-03
3.974730995106737566e-03
4.292893959627930821e-03
4.209519620199924511e-03
4.815923373150267361e-03
3.592357591085925013e-03
3.839036983577789192e-03
3.935271875185488918e-03
4.007252024043133146e-03
4.824063511507432726e-03
4.160430224183030330e-03
4.138255202606772910e-03
5.825822121320383025e-03
3.540699956995650710e-03
4.866325052534432004e-03
4.593384390619211291e-03
4.075427472707762212e-03
4.442444716088446606e-03
3.731082741791734523e-03
4.598788758990876580e-03
4.480202414143178054e-03
3.823918044492664696e-03
3.720191225692651062e-03
4.242135669773505931e-03
4.382023118013535223e-03
4.600359457357031633e-03
4.952917207765504710e-03
4.336562903438694917e-03
3.865789083272697449e-03
3.508267883852079442e-03
3.600080436591836328e-03
5.133115590178899401e-03
4.676188658760543904e-03
3.990535246560972943e-03
4.229924773061024407e-03
4.256433933721564047e-03
4.129390825220370480e-03
3.586247376403434335e-03
4.216613533358077454e-03
4.501964663670136001e-03
3.838734215847867687e-03
5.311688172732091824e-03
4.253192467804256527e-03
4.076737010004823775e-03
5.156386047535484012e-03
4.375794642300257810e-03
2.979696864300652743e-03
3.878776015733501319e-03
4.776445326006062246e-03
4.267500566922240515e-03
3.931213496939978125e-03
4.955720218043592126e-03
4.503245233017302840e-03
5.229892716199656746e-03
4.769718741021360640e-03
4.550987818470176444e-03
4.462319904014920395e-03
3.441999074632833173e-03
5.030753844966557448e-03
3.982829388232581730e-03
4.717918893134918218e-03
3.913708905332349136e-03
4.520508908668769039e-03
4.956533288240159117e-03
3.397605170553548003e-03
4.924470296471770113e-03
4.369781710576729934e-03
3.618451853397612085e-03
5.002347835286942782e-03
5.527779577225279753e-03
4.101904457879199800e-03
5.340405559383829513e-03
4.677900332878466572e-03
4.724572344704623152e-03
4.990461542606450945e-03
5.748409147724823157e-03
4.210867321343527390e-03
4.254428561090137229e-03
3.699861543205433360e-03
5.291402715625251503e-03
4.259663841471042489e-03
3.616372147686410486e-03
4.922013236885704017e-03
3.853096480283872433e-03
3.617357946283563525e-03
4.505371634839911744e-03
4.041534970174212940e-03
4.640922687222301217e-03
4.080473662280654189e-03
4.650925963622497099e-03
4.845216047919121208e-03
3.620533994381304726e-03
3.847737829964374516e-03
4.431658762902000899e-03
4.687424992062107741e-03
4.632763876274401810e-03
4.744520487076988452e-03
4.477376682521291146e-03
4.806004658086466402e-03
3.827991460811262184e-03
3.444153492322454650e-03
4.052131396018297631e-03
3.888111266194177462e-03
3.932931569190371672e-03
3.721255753851126623e-03
4.915436313886120678e-03
3.644039705230960394e-03
3.251630856665622699e-03
4.262806373365146152e-03
4.471851998664490291e-03
4.153605019836146064e-03
4.863373456106485741e-03
5.481789052620839042e-03
4.289540779814714211e-03
4.506735313677186217e-03
3.649435820779074399e-03
3.746770360858503197e-03
3.301707435927008546e-03
4.072296223099487224e-03
4.286519587335335668e-03
4.411544768492198579e-03
4.590610653524053626e-03
5.290184324199077165e-03
3.128790314157012253e-03
3.744193247826238091e-03
4.764842496069853633e-03
4.678187351937207125e-03
3.723230055730411721e-03
4.099213415522767225e-03
3.562486762334774858e-03
3.774012028012210807e-03
4.696944311246601181e-03
3.351895649774395015e-03
3.874118245601888399e-03
3.815343643009764911e-03
3.608620327762957717e-03
4.090182591113649714e-03
4.010708224465942343e-03
3.237353692516527735e-03
3.888982316094930208e-03
3.809881941587161310e-03
4.468304304023900872e-03
3.243883524309009326e-03
5.032493551043506694e-03
4.928889400438519683e-03
4.000585293388939957e-03
3.245633064285554249e-03
4.240021162468994922e-03
3.721573415297275023e-03
4.559415887296947544e-03
3.924979952095561560e-03
3.602949626434238505e-03
4.030378815568221723e-03
4.783839115870545597e-03
4.758913551503859106e-03
4.261805964596829949e-03
3.819227697660289040e-03
3.961965593238425849e-03
4.863806433198332273e-03
4.362321071760061168e-03
3.833926977621151221e-03
3.461117938596779825e-03
5.115929156376600000e-03
3.727789326971669807e-03
4.545420883056325648e-03
4.188840068477701038e-03
4.013860976567573506e-03
3.965727908779499190e-03
3.517904654543998078e-03
3.425985036585753405e-03
4.382142355553218273e-03
4.591739936054468375e-03
4.543024233076695638e-03
4.755282998607164406e-03
4.534108703839159066e-03
3.786462124377683487e-03
4.538437595669725551e-03
4.930546084985281026e-03
4.043488826762335273e-03
4.122004638054846230e-03
3.928362495652008499e-03
4.301441008674283979e-03
4.215144502392042559e-03
4.943237983844055335e-03
3.814919911507594612e-03
3.658368003199629747e-03
4.101412975897745887e-03
4.896333371605868581e-03
5.042958225567710506e-03
3.302008127186349500e-03
5.360427432298846100e-03
3.804284693251825961e-03
5.282905552122604646e-03
3.896892310398461599e-03
4.225075908390587588e-03
4.663289446727031384e-03
3.535506249291171799e-03
4.378470148747660648e-03
4.048815847416672303e-03
3.713566426625858514e-03
3.767021789925121579e-03
4.819600701414033898e-03
4.094037078339225755e-03
4.474492898401296118e-03
3.875832820617072186e-03
4.667651656051640188e-03
3.980332312010538554e-03
4.046527398675737672e-03
3.532763125784079295e-03
4.369139441674269389e-03
4.366433694528634550e-03
4.085589713073473246e-03
4.502264704270854054e-03
4.109917636092115870e-03
3.735655052666135394e-03
3.809333381536723039e-03
4.698543607016444391e-03
4.250379374301494623e-03
5.039283144951405349e-03
4.642374382228618875e-03
4.304744475791127956e-03
4.446094064193901324e-03
3.617517903226734072e-03
3.653244360046852511e-03
3.529778883657928423e-03
4.036114886587723743e-03
3.894378494561700609e-03
5.504785887367260287e-03
4.291364819652394337e-03
5.411891482436366300e-03
4.651021805995648670e-03
4.577284483609850990e-03
3.439718517007799882e-03
4.584147364910653132e-03
3.064415788639872611e-03
4.549310486998369568e-03
4.957711031241807814e-03
3.974727162996402781e-03
3.766402821978941367e-03
3.233656847951594474e-03
4.105722032166725897e-03
3.051164419735004005e-03
4.086144128394889226e-03
4.886673903401878710e-03
4.922923208394506568e-03
4.527059482238925819e-03
3.989538993707013315e-03
4.167308164559388461e-03
3.748400556587636913e-03
4.873295585680753605e-03
4.043247717389843524e-03
3.344463535279627690e-03
4.303719464601570878e-03
3.998947649295222714e-03
4.572079413079728136e-03
4.405812886655626794e-03
4.760627657240760861e-03
4.263764907577611771e-03
4.126702391214044988e-03
4.324407224884758982e-03
4.423184433252160853e-03
3.793092669321050051e-03
4.651195255450658352e-03
3.926872241942203773e-03
5.055970132892910127e-03
4.501816628076100307e-03
3.599342390036578722e-03
3.718349144164450476e-03
4.112806334736449597e-03
3.777573045183736308e-03
3.196025971200098115e-03
4.229660051990876551e-03
4.980369581263953752e-03
5.172991649476397190e-03
4.481680706399260306e-03
4.695222111989740162e-03
4.673530932755443588e-03
3.347943902485355904e-03
4.550949908326996397e-03
3.448527338854297762e-03
4.310767942419135856e-03
4.836087966879664204e-03
4.351193376477768826e-03
4.279697786660034697e-03
4.601331446281795544e-03
3.862938591394685615e-03
4.390070679717697315e-03
5.118814727196308555e-03
2.898499114750739854e-03
4.436731352190799275e-03
4.716713295853163998e-03
4.246367654173081180e-03
4.355186843750917698e-03
3.821977316407309047e-03
4.551195972270741415e-03
3.851409740487581057e-03
4.389223395074184561e-03
4.539935510239380412e-03
3.863558128206589885e-03
4.053698811578257399e-03
5.828703113809852350e-03
4.550752089358981942e-03
3.903109247044964873e-03
5.388698050690579264e-03
4.263583358527432178e-03
3.996817356740693140e-03
4.759692154397451684e-03
4.068034570915425932e-03
4.556527329297422116e-03
4.196598225391518118e-03
4.636901259179822266e-03
3.782632928944497028e-03
5.574353620334933368e-03
4.072367113751021103e-03
3.758380439791437176e-03
4.513650888769898950e-03
4.504341644017657159e-03
4.777551766340501146e-03
3.782982742739852532e-03
4.210356211534174893e-03
4.068047565177923541e-03
3.740676308602823921e-03
4.176944115551776623e-03
4.532120427888581063e-03
4.015080258698370749e-03
4.407586734743810727e-03
5.534478320391470960e-03
3.416886056644108730e-03
4.672807020122685812e-03
4.113348394403692175e-03
4.953828838220623518e-03
4.287177260331022886e-03
3.131369525451873585e-03
4.562622132265041486e-03
3.872013392359796666e-03
3.665410210090317995e-03
4.814196738502157617e-03
3.794938955560952717e-03
3.665588676202689335e-03
3.708585039940433693e-03
3.577507353798982902e-03
4.299690849210701868e-03
3.699667797139026028e-03
3.331199583056674955e-03
4.718161201118525709e-03
4.833730417974079450e-03
3.617344097691026477e-03
3.681265958951715749e-03
4.104365173484987236e-03
4.365145198188604379e-03
4.022487617419777568e-03
4.232716685286934920e-03
3.954030667733237497e-03
3.822281454562943999e-03
5.647380494201889936e-03
4.761263347186931068e-03
5.152790211104144556e-03
3.290017021181972524e-03
3.466613737692731886e-03
4.361986426655253650e-03
4.494778500598862331e-03
4.041116025914265504e-03
3.938908265484606167e-03
3.194832537292380172e-03
3.857375455282808108e-03
4.222358998524054080e-03
4.590539572162414053e-03
4.545090661597996767e-03
4.144233207530697259e-03
3.010679783361365405e-03
3.125057282079466217e-03
3.799230488421628457e-03
3.699703841907341952e-03
4.568850717356409685e-03
4.368189057327288502e-03
4.086484139313760651e-03
4.410404202869390271e-03
3.613538891920882977e-03
3.596834627524571077e-03
4.559593716022485900e-03
5.016758450621960387e-03
4.196897721574460553e-03
4.669556977083247698e-03
4.535907140574665236e-03
3.321824832388303381e-03
4.289352004881701562e-03
3.617444911431334960e-03
4.174688605942221929e-03
4.106895596539866279e-03
4.375966320983325220e-03
3.755539228879949728e-03
4.201160169215322100e-03
4.435285090566282520e-03
4.350433075307097268e-03
3.235174480117389804e-03
4.042905729619766797e-03
4.278289116808322787e-03
3.749413267421318648e-03
4.614902419424038622e-03
3.217854446763174225e-03
4.434853535224836558e-03
4.331774682825531401e-03
3.590860660284706657e-03
4.408055434278654837e-03
4.245959391774493594e-03
4.387921394519212794e-03
4.536561615283835752e-03
4.830309435193621236e-03
4.415691599259517243e-03
3.975663170696618239e-03
4.011863493263859506e-03
4.389642014573608836e-03
4.542607146261596306e-03
5.192901480946717982e-03
2.927212235074719889e-03
3.782849524123994226e-03
4.221516219203685395e-03
4.107499884324049451e-03
4.167830632110562650e-03
3.699483108264272051e-03
3.759588001437335833e-03
4.774981616224720747e-03
4.273327385592582545e-03
4.024277384096621411e-03
3.462485817887580534e-03
4.276223002824060433e-03
4.022188056123608690e-03
4.590432446236377903e-03
3.953820933916680352e-03
5.119174793431327357e-03
5.174285448887770526e-03
3.188807774698286523e-03
3.793014254112252442e-03
4.501787309137465776e-03
4.596791655354367373e-03
3.351281265753312810e-03
5.631735558425372476e-03
4.215872425241453877e-03
4.586776525833034975e-03
5.191815777845549922e-03
4.329910467557424383e-03
4.709553428531848031e-03
3.718175620093606450e-03
4.348198185369490758e-03
4.077898575665254988e-03
3.964304184472611757e-03
3.348374263503161447e-03
4.113413138492447337e-03
3.764416110086844618e-03
5.158802066258782841e-03
4.631032444293264709e-03
3.903379426259350089e-03
3.798069197833103903e-03
4.158315376391900388e-03
3.609433387211785204e-03
4.453792357829737016e-03
3.888074015840019011e-03
4.336029022502362745e-03
3.683726904105847060e-03
3.601727802433484123e-03
4.243711573990784428e-03
3.800547700823664332e-03
5.206176902356370040e-03
4.330127822032996815e-03
3.488453599761445669e-03
4.641051448967629771e-03
4.943612555665552639e-03
3.607802644766021187e-03
4.490108438683602064e-03
4.974323634055051631e-03
3.678883233126515467e-03
2.967261881453176191e-03
4.447258070592348747e-03
3.122743010570192164e-03
2.836222853208243862e-03
4.881915872747762640e-03
4.183908442024243668e-03
4.256994464210670827e-03
3.962372890152096594e-03
4.584968057387431642e-03
3.927564219323626676e-03
4.300563913237631652e-03
3.871116261097090963e-03
3.866571694110383390e-03
4.687508267206924074e-03
5.033455496041876892e-03
4.040946049733414557e-03
4.262863385788993181e-03
3.360078713292994831e-03
4.164236315536636729e-03
4.277742068377622317e-03
4.245905400878898991e-03
4.018454859192704259e-03
4.484709067039891785e-03
3.677107461059838517e-03
3.513723627802960939e-03
3.358366640711060377e-03
3.416379308405254663e-03
3.928256871100314906e-03
4.578851094330894760e-03
3.702232652475500891e-03
3.496789310979121507e-03
3.541455512664101486e-03
3.014979483517091479e-03
4.275296608623507105e-03
4.467660222857311632e-03
3.614375935449761889e-03
4.007951119470318235e-03
3.757254820951819348e-03
4.948802190025167018e-03
3.350963310907065489e-03
4.878620226563063628e-03
4.240859401947114950e-03
3.405910108798849978e-03
5.311501040789929316e-03
4.106477312019640898e-03
3.859145323553441875e-03
4.261385970607374334e-03
4.600886794620540586e-03
3.227937025564782663e-03
3.586265368415990362e-03
3.869058434002104526e-03
4.493985981117375531e-03
3.058575387815346686e-03
3.786712045357599858e-03
4.126692911030781577e-03
3.983618617495654837e-03
4.430954620874765632e-03
4.721718892039887018e-03
4.748747795669183529e-03
3.566267561587109849e-03
2.797986800350410648e-03
4.158347776450250187e-03
3.907979724752004731e-03
4.732939708480693626e-03
4.705262149560862812e-03
3.372938840362790444e-03
3.867102005000902770e-03
4.739017721366214041e-03
4.536015203701241651e-03
4.472665161492775550e-03
4.561367111467600974e-03
3.942331840409706543e-03
3.987249740566815338e-03
3.253187588966723314e-03
3.446805724461821097e-03
4.190263531454579624e-03
5.115680445614344089e-03
4.659280647392970848e-03
4.760165309991683594e-03
4.071268145436291765e-03
3.690189974287349985e-03
3.899800356459063796e-03
5.044132379408905117e-03
3.787199385624912418e-03
4.025347474127995845e-03
3.582797979662844749e-03
4.236708653824138547e-03
3.805770164019877094e-03
3.529557033993943518e-03
3.426251999544560351e-03
3.732685677575968333e-03
4.246072243452316507e-03
3.426276749737536612e-03
4.261290636004414975e-03
3.305795515743457751e-03
4.219639160414155772e-03
5.209628535759212170e-03
3.997765638789905866e-03
3.891456842471825977e-03
5.488501647206146979e-03
3.700571064892081447e-03
3.645422695008110683e-03
4.015585957784110170e-03
3.726638982229031616e-03
4.029231861785792339e-03
3.600300419926456309e-03
4.450637395879425071e-03
4.684195391745371757e-03
3.835533086864905804e-03
5.208955129204758359e-03
4.126601546323451462e-03
3.223571694040990206e-03
4.058329599476916301e-03
4.789201094736323695e-03
4.243341483370131548e-03
4.748301501024897696e-03
3.437501894350720576e-03
4.270632086403211743e-03
3.901885571538770206e-03
3.850006463449836235e-03
3.988927393504375536e-03
3.702294469542185586e-03
3.784758335081725000e-03
3.509503907215983948e-03
4.811855715152467926e-03
4.637147982725567039e-03
4.132901355900325292e-03
4.605221081037392562e-03
4.588248989343133091e-03
4.416247357157923777e-03
5.188684247075486637e-03
3.544181923944662079e-03
5.112105135998452551e-03
4.206425147276945595e-03
4.422961590563604523e-03
4.498620672740490968e-03
3.632913383503929335e-03
4.695327266888826151e-03
4.129054958808676609e-03
3.402062067314751831e-03
4.083133253743241771e-03
5.176970012116184280e-03
4.835916646062696396e-03
3.995232047115201100e-03
4.343366629406631395e-03
4.248691884522474982e-03
5.741334946192365625e-03
3.943145099919994484e-03
4.559777412513214660e-03
4.373504144998806645e-03
4.428080203329120071e-03
4.309203305991453695e-03
4.944328592851603317e-03
3.731064443586590718e-03
4.121183724976726706e-03
3.832239340576475313e-03
4.253657049023558748e-03
3.403523832171082356e-03
3.791291784673856292e-03
3.711699206791796088e-03
4.558168527902591895e-03
4.532662163878623147e-03
3.473288085005600372e-03
3.980683100804721826e-03
4.638105230911296166e-03
3.540256852102450537e-03
3.438926603588247227e-03
3.543367993563201722e-03
4.556394119744238899e-03
3.899185280289571825e-03
3.276485524562466802e-03
4.695061135983266687e-03
4.336632763108223300e-03
4.270631885770246640e-03
3.780641834703810794e-03
3.172911069279013129e-03
4.769125778900691268e-03
4.078096835604856814e-03
3.978338344389389936e-03
3.763942743480548549e-03
3.641934128048263716e-03
3.576126330829552773e-03
4.437486469092988446e-03
3.464247595027822747e-03
2.897657196385147391e-03
3.589378368664746573e-03
4.478624616581543261e-03
4.469762481537442253e-03
4.124292469806141795e-03
2.965683375923707302e-03
4.409133159961422556e-03
4.115724324500633254e-03
3.836946486160075238e-03
5.337970855626613872e-03
4.119720002140497307e-03
3.880652205828792004e-03
4.405557350082552406e-03
4.029811306174391726e-03
4.267255382912982752e-03
4.204075276884984384e-03
4.812524462338730116e-03
4.231774271876314643e-03
4.416070486800568844e-03
4.299624875674507886e-03
3.379186683248109734e-03
4.564000711053295585e-03
4.981811489353769364e-03
3.791500738178247426e-03
3.686957827933946049e-03
3.990203436747385111e-03
3.904359375307350777e-03
4.183818415476636340e-03
3.942465017734184812e-03
4.922274475427631212e-03
3.696578331712275546e-03
5.038990765675487558e-03
3.372758725815920393e-03
4.168506706143335419e-03
3.971555969526816346e-03
3.545078314483577752e-03
3.472934538577355026e-03
3.982076305730351817e-03
4.296428367424633826e-03
3.610356042828882697e-03
4.259688764657931781e-03
5.315214575686673208e-03
3.947378424613449087e-03
4.336222918990469480e-03
3.648853124630770193e-03
3.645953055464669270e-03
5.399500423215696648e-03
3.818190213199925114e-03
4.388923921828590327e-03
4.183622511829496009e-03
4.342181280553462051e-03
3.380844655937363490e-03
4.093699086562071002e-03
5.346982422820850504e-03
4.311098500075280851e-03
4.333389762646683643e-03
4.452916725965085261e-03
3.583784266719387043e-03
3.951953959856076802e-03
5.321834747183745544e-03
4.060941421862406323e-03
3.825674366557580558e-03
4.933822486554667250e-03
4.288369329184835849e-03
4.917035977812067582e-03
4.447327389539369562e-03
4.303015862207214791e-03
4.928529582156356177e-03
4.900827952868597355e-03
4.315939132023154101e-03
3.933523159411464465e-03
5.143239755718585771e-03
4.178028069190732434e-03
4.875628783924652529e-03
3.449025751130926215e-03
4.374797463610351211e-03
3.780670852832762607e-03
3.513439994206876693e-03
3.465670788421784144e-03
4.100174085928979043e-03
4.312140723170023761e-03
4.846396436154264825e-03
3.568705271568358220e-03
4.421407601122327724e-03
3.434646916022879477e-03
4.073055142329857874e-03
3.241220439337329055e-03
4.054505190333888322e-03
3.043988596831786325e-03
4.456614958561827371e-03
5.001786135399560740e-03
4.348532060639287433e-03
4.232933034197403077e-03
4.803019290146317948e-03
3.109870987939892910e-03
3.858078218046193109e-03
4.554923188292031057e-03
3.880338772055073188e-03
4.106922909935269324e-03
4.366446558276700432e-03
3.372654154705802525e-03
3.796965742381909655e-03
4.925419968416057739e-03
4.035752522667546485e-03
4.896124866536458869e-03
3.432375865261203494e-03
4.134809034109378223e-03
4.530967244417980974e-03
4.891956196904252707e-03
3.863244063656793865e-03
4.459004689945836493e-03
3.977852801577741286e-03
3.652260942311095094e-03
4.043784292124521541e-03
4.054982622720079873e-03
3.632384337689247445e-03
4.400536372221387424e-03
4.535958778123898305e-03
3.460933019589856451e-03
4.484552169562190833e-03
5.093973173942234652e-03
4.529431517899875324e-03
3.870816420109851001e-03
3.841985732533281881e-03
3.284108872325268436e-03
4.888161944297104294e-03
3.664151428273686520e-03
3.652882357834250603e-03
4.610108191123726135e-03
4.276974227983075354e-03
3.824551933591362890e-03
3.631574177393332055e-03
3.925962207353859632e-03
4.478195182476039406e-03
3.742013164077832247e-03
4.343569735372835791e-03
4.200326077038126632e-03
4.084867393039761166e-03
4.577512600770615274e-03
4.927536160275899912e-03
4.034106338014255451e-03
3.550351058330618315e-03
3.991983480581481891e-03
4.194912157687586372e-03
4.189217503272647802e-03
4.245321777086684747e-03
3.368922336789877559e-03
4.827485092737011929e-03
4.272777738446271317e-03
4.531505157491730502e-03
4.721077675452456726e-03
3.105269542013215471e-03
4.329484722423388235e-03
3.981441802325130438e-03
4.366430355016302084e-03
3.601120917779340562e-03
4.899668131744298015e-03
4.139089434630569692e-03
4.113626308090525749e-03
3.750865909239576787e-03
3.906584010525303990e-03
4.395906531634742077e-03
3.718212864719273869e-03
3.996393034288530342e-03
4.721713793577868128e-03
4.219970504638226143e-03
4.028986010385354928e-03
3.919149887577275809e-03
4.007050466342376889e-03
3.967420425038634645e-03
3.379555233235538754e-03
4.399993032256741161e-03
4.410390374749662869e-03
4.035262471795608187e-03
4.474777513102560535e-03
4.613667185238162598e-03
4.021595506460843086e-03
4.497072814909724298e-03
4.844650562594216697e-03
4.275474166623986771e-03
4.369458304140314171e-03
3.682964827566651000e-03
3.985300821084583785e-03
3.711880568570088881e-03
4.064024919891829658e-03
4.465526430950729139e-03
3.853050535625919277e-03
4.190678449685047643e-03
5.105306918550146962e-03
5.606243232383291766e-03
3.209797614601580910e-03
4.342460918523926433e-03
3.527925099506422964e-03
4.072578359468605365e-03
4.250602859198839706e-03
4.808037333746221879e-03
4.998849835263259253e-03
3.233267343184859175e-03
4.276796372972636526e-03
4.002369866635233607e-03
4.167551130220569812e-03
4.067019209384480950e-03
3.854329981840738141e-03
4.547329191874192877e-03
4.513323135754062146e-03
3.817097138032533084e-03
3.814229178296520053e-03
3.615174407541239549e-03
3.433958587466074460e-03
4.196623765397910003e-03
3.511463879307452629e-03
4.222368310563400298e-03
4.965527318967771428e-03
4.584295936280012237e-03
4.056175511875378427e-03
3.353514731871996314e-03
4.587792880674750398e-03
3.520387636580162537e-03
3.350871430683339744e-03
4.524302401245501246e-03
5.083375664673506558e-03
4.239206264976847459e-03
3.407866201363533767e-03
5.615784472131023046e-03
3.676904921628661779e-03
3.804248121962819709e-03
4.635352963699034337e-03
4.652529361932046699e-03
4.031061009689845993e-03
4.201478112580730138e-03
3.732384460656202468e-03
3.439658382141455584e-03
3.723640811964704089e-03
4.436547127438702706e-03
4.346463554517680968e-03
4.088733998541383037e-03
4.739337181022525679e-03
4.430846757809232470e-03
2.898773784655136326e-03
4.437883860148699768e-03
3.439998045380465545e-03
3.228277646502752691e-03
5.179430715785716781e-03
4.386621877236319446e-03
4.843026892457619366e-03
4.679306238989079658e-03
4.569658142324114179e-03
5.025381474108178703e-03
3.931303219767799152e-03
4.192699804360303442e-03
5.203377694058385766e-03
5.369136324330886847e-03
4.001334232357888626e-03
3.857566520541116494e-03
4.148095820136180403e-03
3.876572555156718343e-03
3.360113235343676480e-03
4.762365015183660927e-03
4.172383178735103101e-03
3.754800225074003250e-03
3.326986026450128205e-03
3.920807250570304200e-03
4.043357245665437673e-03
4.173637197014683220e-03
4.332115945363408313e-03
5.388099581746733611e-03
3.734277229690456581e-03
3.277446386257819397e-03
5.192346322697936542e-03
4.795485715421469834e-03
4.780266517313902681e-03
4.131106248114747338e-03
3.210441375197836851e-03
2.957666358368493589e-03
3.867432383829202871e-03
4.222149445637623719e-03
3.083586654386087991e-03
3.573026579057499846e-03
4.936532843874521029e-03
5.304840440059248492e-03
4.324740192717966246e-03
3.986294385414654654e-03
5.227904400161473633e-03
5.222069677195718095e-03
3.931063011836584062e-03
3.845731562053027620e-03
3.730506459126542093e-03
3.600276573748215081e-03
4.252247691623414587e-03
4.329281328067380481e-03
3.233596601707435653e-03
4.130572040917015325e-03
4.989876248258039854e-03
4.860316684562236700e-03
4.156155762957279738e-03
4.491444383452597618e-03
4.588166366802316244e-03
3.851122446694851906e-03
3.917325606200445891e-03
4.092958802594027536e-03
3.827805980928693404e-03
3.743340881006758381e-03
4.591402394948373121e-03
4.486689708309790463e-03
4.363278799452950836e-03
4.305878141846531879e-03
4.068693300432814873e-03
4.606852517765540334e-03
4.777763910839174892e-03
4.608479688896382175e-03
3.896907027308168549e-03
4.425538114700446751e-03
3.175864562377535630e-03
3.846397424010473531e-03
5.261522142700174841e-03
4.056135036921729338e-03
4.445704201155736141e-03
4.232875175279922179e-03
3.662979070353103786e-03
4.965686826986231636e-03
4.381867718176898387e-03
2.807267945777085563e-03
4.567987753599747625e-03
3.755972155658256467e-03
4.526167738120239620e-03
4.073241156031658095e-03
3.777778046177974504e-03
3.374342299168801070e-03
4.660410713742670248e-03
3.619227873317350762e-03
3.115046477897030763e-03
3.962198263046399875e-03
3.614691864889378169e-03
3.254705688435146661e-03
3.094953463265261336e-03
4.241648731793907362e-03
4.543155821948817279e-03
4.775042729440513375e-03
3.493124083716420310e-03
3.548437957829382421e-03
3.734730720554132761e-03
3.845208302139958585e-03
3.498085951137111082e-03
3.678484630263738862e-03
5.237432727423554750e-03
3.833936385309284940e-03
3.472766884821531976e-03
3.576662890621672315e-03
4.248076711299586875e-03
4.539367531692877107e-03
3.966626254422586303e-03
4.353699377676352802e-03
3.996451715631049902e-03
4.488775034975979981e-03
4.263262653013934027e-03
4.030855982911312960e-03
5.386888160306269394e-03
4.584355061867881505e-03
5.141760536774830741e-03
4.388450673395386664e-03
3.488494350944603209e-03
5.026826081782747105e-03
4.170413959169649507e-03
4.639934471699303821e-03
3.822461267699272993e-03
3.815441562931939489e-03
3.877845823287611685e-03
4.175701749731051959e-03
4.179227651864255919e-03
4.945725130945953507e-03
4.189815470245277125e-03
4.184552306898757512e-03
4.284188406146144032e-03
3.730881780811990279e-03
4.651662821446965988e-03
3.135968327809721470e-03
3.887740355605684862e-03
4.053700988417401237e-03
4.860558538399644378e-03
4.444192950924319777e-03
4.441262723208251606e-03
4.246785190358388223e-03
4.355442218304938530e-03
3.328457583453430044e-03
4.386100226613214720e-03
3.486436018199237999e-03
3.208257922001392284e-03
3.352355078298315753e-03
3.905798003974514983e-03
4.633411441581225185e-03
4.515244724197531659e-03
3.159072294543831781e-03
4.257359099545406263e-03
3.225072892079689901e-03
4.665021649838649136e-03
3.439479464878630877e-03
3.649175990495899004e-03
2.807643480396241308e-03
3.962948516255645863e-03
4.311349569235955158e-03
4.527231122722279004e-03
3.305240550488724571e-03
4.899045283426856946e-03
3.939690556102507825e-03
2.499488746972197001e-03
4.085551469961637081e-03
3.879826128116828626e-03
3.687095365225023878e-03
4.482557828101133533e-03
4.250366409100074343e-03
3.766812172491494637e-03
5.251644270945108120e-03
3.999221350124898544e-03
3.905967932524099379e-03
3.076930579774339505e-03
3.547578431425199835e-03
4.566312069625345742e-03
4.517208559587845666e-03
4.600972702176770769e-03
4.355255254445780135e-03
4.375783430148008635e-03
3.870128508753714093e-03
5.264034700142783060e-03
3.616661933297560510e-03
4.276699656695706619e-03
4.688518067924721429e-03
4.230607744145853388e-03
4.622653622229172705e-03
3.807047629807902914e-03
3.760081771264830400e-03
4.149537943007153284e-03
3.898174082034225676e-03
3.556558334282684461e-03
4.789826065364830368e-03
5.133409822040057788e-03
4.299863592260953944e-03
3.719723858747301434e-03
4.851411228664646164e-03
4.516414624704662845e-03
4.122094852331233995e-03
4.250386963154189311e-03
3.465942109333375321e-03
3.926478100757638950e-03
3.610172496331082604e-03
4.053622948362613915e-03
4.287453051736457230e-03
4.163899234667219236e-03
4.725170442592837271e-03
4.509525477075975418e-03
4.179930713273745727e-03
3.332604612295700982e-03
4.485327383884884708e-03
4.870323423886488597e-03
4.473418464553708708e-03
3.724185808711082558e-03
4.290275703190326792e-03
4.864124606892722760e-03
4.241723524215058709e-03
4.083244439807932023e-03
3.848607363826051734e-03
3.535304310351511381e-03
4.877910556275716521e-03
3.920816463958987259e-03
3.378349310297323101e-03
4.238134856142078410e-03
3.849855046041739982e-03
3.304952452417286250e-03
4.698477227193018253e-03
2.944173494458678878e-03
3.592563767421251553e-03
3.746234547781136619e-03
4.466590684826185660e-03
4.190699052784931794e-03
4.773787951476435656e-03
3.781147170923725154e-03
4.158052668230380507e-03
4.700569126730417754e-03
4.702173229788561039e-03
5.024355302401223300e-03
4.147478880612886012e-03
4.329358803792027026e-03
3.550235201888837788e-03
4.573007620685261461e-03
4.280901800032183881e-03
4.063448100767647585e-03
3.985010925678054809e-03
4.326287075915842897e-03
4.169007383291268264e-03
4.198375371289512874e-03
4.121433721952027542e-03
3.358424461933183156e-03
4.115922062858028835e-03
3.364533335740972197e-03
4.137096694597276227e-03
4.238555133185748641e-03
3.671839840601924532e-03
4.545043160836595257e-03
4.265593784787664357e-03
4.000686429930633455e-03
4.149577882844673014e-03
3.210309316382663723e-03
4.902135002304422451e-03
4.799023869543656180e-03
4.693054131108116006e-03
2.914654442070656586e-03
3.904271498677739250e-03
3.226145756857156516e-03
3.789443003782837303e-03
3.998008792110020748e-03
3.856594265709297094e-03
4.046131525549234893e-03
4.790026700092438194e-03
3.637700125962507140e-03
3.913717805075430517e-03
3.702478108232655843e-03
3.983927078813084485e-03
3.425586234289451984e-03
3.575214006062817085e-03
4.388459264191378779e-03
3.261989928754075677e-03
4.665521826629132930e-03
4.030322213750834985e-03
3.824788074719386033e-03
4.526578413306641367e-03
4.391257598928146634e-03
4.170981508884590537e-03
4.408896106863822301e-03
5.048475910420747656e-03
3.977095412819520691e-03
3.164343783902678463e-03
4.786496908970855509e-03
4.247647358516062552e-03
3.823169319353145884e-03
3.963160821854932493e-03
4.971117134505918279e-03
4.904395328645235787e-03
3.177876782453440199e-03
4.663609396188451821e-03
3.840641593571996783e-03
4.616550660568924727e-03
4.186559826009680213e-03
3.483671737156471965e-03
5.032952302656502550e-03
4.658136540808880538e-03
3.704812628917321035e-03
4.499684321601660555e-03
4.315054883007440195e-03
4.813916403831173044e-03
4.955812819149965284e-03
4.374055842984243998e-03
4.398835381544180176e-03
4.489323033551004781e-03
5.259981077612337075e-03
4.644254742591506953e-03
4.400436931236361218e-03
4.242162952109658318e-03
3.775391282376457623e-03
4.095649084405810283e-03
4.288619502156097545e-03
3.987440643241496607e-03
4.336241825981303546e-03
3.459212569897785784e-03
3.425747030325677119e-03
3.520782539398456534e-03
4.592541619667334270e-03
4.421906284418872755e-03
4.139073585155595043e-03
4.122567129657276827e-03
4.421944911997456422e-03
4.012109571210892636e-03
3.952788703766568941e-03
4.410201566295979606e-03
4.698492238224760524e-03
4.066400861194969032e-03
4.111708453251121907e-03
4.874473124794190433e-03
4.750715185678725840e-03
4.097140021769721425e-03
4.663275713614445026e-03
3.572686197916462129e-03
4.150064749071508130e-03
3.748227740142941102e-03
4.280335627534898740e-03
4.070806861267644607e-03
2.873240285876023804e-03
4.713793478837085410e-03
3.332568535786340370e-03
3.987671315183573609e-03
3.972129622435394483e-03
5.025121765654210620e-03
3.778801974627996833e-03
3.611546026304028167e-03
4.086273227802993992e-03
4.975280413649372895e-03
3.992496316215752260e-03
3.415272416196991814e-03
4.086941097129422745e-03
4.092374505677803635e-03
4.978445839301695597e-03
4.970805580663620500e-03
3.988074398459977125e-03
3.864982929651230876e-03
3.895959479166898488e-03
4.216705563925764871e-03
5.245160959118267026e-03
3.014340655872656868e-03
3.992190846627789204e-03
4.618672217398377827e-03
3.992965815766058232e-03
3.991004906827515242e-03
3.441528032483070175e-03
3.882456748596727417e-03
4.831220279615115569e-03
4.862770343940060226e-03
4.446102605596120513e-03
4.024142164504260558e-03
3.832756526810659863e-03
4.085914881059875617e-03
3.332392984467186150e-03
4.715243098712038582e-03
4.443595863368913525e-03
4.277219654589029321e-03
3.904293843172122053e-03
4.312399211074667039e-03
3.191542177028658996e-03
3.975971064817846422e-03
3.569138960701444523e-03
4.225228836102346355e-03
4.100804611107070757e-03
3.963914717371202177e-03
3.323609182719491819e-03
3.706032947330901387e-03
3.734780376737164946e-03
4.445270574830495133e-03
3.507842569753703583e-03
3.281677570005844379e-03
4.668779998914996364e-03
3.328942112461199740e-03
4.676582881431775099e-03
4.384887468518105028e-03
4.319450281829636737e-03
3.634892704601319375e-03
4.530302326259586995e-03
4.145226945249864611e-03
3.973752818488429477e-03
4.330369961109400111e-03
3.524819976838793230e-03
4.872015125091518246e-03
4.234453125850968537e-03
4.058413747426549770e-03
4.548883854918892716e-03
3.719662868529228453e-03
5.218339746723563849e-03
3.938036782027925717e-03
3.805614020505668910e-03
4.204881497126713649e-03
3.642880233442977872e-03
3.503158312926757563e-03
4.946167765780357106e-03
3.877955602860713377e-03
5.022922118360886173e-03
4.086653120779389949e-03
3.419857640431853488e-03
4.204595303190172828e-03
3.866005805793967624e-03
4.270015954922667251e-03
3.662472137492738065e-03
3.521211431198082234e-03
4.505214227693098324e-03
5.063402460887030630e-03
3.688999527183135351e-03
3.775165746445646644e-03
4.429497492583768167e-03
3.604381310354497561e-03
3.478223609170451834e-03
3.197026421149168005e-03
3.669446264831729282e-03
5.146761513623973779e-03
3.876161689626655190e-03
3.791431740680747692e-03
3.804162596074955275e-03
4.812965227421261288e-03
5.618630224026911063e-03
4.500950676375916303e-03
3.911137929924856163e-03
5.506148715689983611e-03
3.873643986732178569e-03
4.906138387208484886e-03
3.690592905154504218e-03
4.505469080290536166e-03
3.611383020967298772e-03
4.104435757417200167e-03
4.199166375960732868e-03
4.174136925389679113e-03
4.556852814280192010e-03
4.676562775284867114e-03
4.761896157712123580e-03
4.781046671090082543e-03
4.828029598354751338e-03
3.188913071618091049e-03
4.326687050038865480e-03
3.449698962751233944e-03
3.143115046241279614e-03
4.900098878661884871e-03
3.059916867683443089e-03
4.278250568643584412e-03
4.724785205617387275e-03
4.964008140790929918e-03
4.569652661984523190e-03
4.301345487901874105e-03
4.075759833920899328e-03
3.814284640732737083e-03
3.735836222169033796e-03
4.554960581686605392e-03
3.662514871462809862e-03
4.501409300791428710e-03
3.547149261387121891e-03
4.488738586567183643e-03
5.244686750675410861e-03
4.366970617381004359e-03
3.821181073525835910e-03
3.431896205608401217e-03
4.307159807393603872e-03
2.860773506631517169e-03
5.113887306328935428e-03
4.156968795386886163e-03
4.959043813699292626e-03
4.149530988995576639e-03
3.850748896228762836e-03
3.883748427357596161e-03
3.634752533751550545e-03
3.350646134268095867e-03
3.756365341957295170e-03
4.392287177382395158e-03
4.530716736482609877e-03
3.523971931357131916e-03
3.851365421015483584e-03
4.681281083710936430e-03
3.945980114545839801e-03
3.856448180880463119e-03
4.149553641093360959e-03
4.482925006855659721e-03
4.016490057363752801e-03
4.956863725469604250e-03
3.964033706662481622e-03
4.401571809151855717e-03
4.830339038181616189e-03
3.865415745869812611e-03
4.022389404429518867e-03
4.192331922545080788e-03
4.168066431435813943e-03
3.942984961868659446e-03
4.437826076005775208e-03
4.031479294436346103e-03
6.092149085106856286e-03
3.782867930252808899e-03
4.826582480135136778e-03
3.901837186298052519e-03
4.214388929724188597e-03
4.262066936093275929e-03
3.756493934582736359e-03
3.197349363103437880e-03
5.218005281598613737e-03
4.416463485130940440e-03
3.984755968890365055e-03
4.469684601850799910e-03
4.157738145357147558e-03
3.543152078487887130e-03
3.572717844652090451e-03
4.337384817725418312e-03
4.760148418412064181e-03
4.887712977278742960e-03
4.500521088442095176e-03
3.932870109149416704e-03
5.482297168532782039e-03
4.164820334204726894e-03
4.689719974393376060e-03
4.724003247783870735e-03
5.839642527192899502e-03
3.934441327498954498e-03
4.971384607937390232e-03
3.357603708462860662e-03
4.605183591818540895e-03
4.296768604098729662e-03
4.339572635127797451e-03
4.541617512535670552e-03
5.080931544970630591e-03
4.117630284911493431e-03
3.849528349017266975e-03
3.980493820639013219e-03
3.612099987918635478e-03
4.440591301905699034e-03
3.876689194068346899e-03
4.122486612735535780e-03
4.642087275741476997e-03
4.736459086694453854e-03
3.681293673065849127e-03
4.389013242938678491e-03
3.876363590501860808e-03
4.003946857122970236e-03
4.743270871737434793e-03
4.396583142258794069e-03
4.709174467701093131e-03
4.146084607407210000e-03
4.333856419902255841e-03
4.315153492895470490e-03
4.453035604921477646e-03
3.950370840099859393e-03
4.301767445442245333e-03
3.368377506060624485e-03
4.153312752182901184e-03
4.052028480791939301e-03
4.112167992923774357e-03
4.887003456825905236e-03
3.235286245432473801e-03
4.638830283453555803e-03
5.103877127881017994e-03
3.489819659369246610e-03
4.008362329574094267e-03
4.132421771829278279e-03
3.647804423008457406e-03
4.408805544737036744e-03
3.181073719871703020e-03
3.804695355409855491e-03
3.945113830158612951e-03
2.993152047571463054e-03
4.335272905602160359e-03
4.968241401190930280e-03
4.094825279099951337e-03
4.298066582786561757e-03
3.530316316149422970e-03
5.333571449556854908e-03
3.791982119929832723e-03
4.210313701628356359e-03
4.442927576392637773e-03
3.886301589858653666e-03
4.332128207055628046e-03
4.323783120534696253e-03
4.327616122564506562e-03
4.334690314961785369e-03
4.471332669162485576e-03
5.188941739878666012e-03
3.970301660042944644e-03
3.251459309150055328e-03
3.572197637520099257e-03
4.654878202233966866e-03
3.195133398883951217e-03
3.559275079279815117e-03
3.892077850637785334e-03
4.390012800923943047e-03
3.923895067918139155e-03
4.266456304646453097e-03
4.387541457728007417e-03
3.978382687365068435e-03
3.901356955029039713e-03
4.364512607507180057e-03
3.907379277781289177e-03
4.265409946820822654e-03
4.475630757813545829e-03
3.967072576277489576e-03
3.718192227456714859e-03
3.634056410172574383e-03
3.889873163984724526e-03
3.729593515032467860e-03
3.495392049379123130e-03
4.144857738964308203e-03
4.953075569448684747e-03
3.277272375822945158e-03
4.013770496825126884e-03
3.389155117064696077e-03
4.385492661192668708e-03
4.902532705180086443e-03
4.310952186788520255e-03
5.338616922415146022e-03
4.171856930490230701e-03
3.913119471460521290e-03
3.711813286181980462e-03
3.786732178333699055e-03
4.216679828247175792e-03
4.270596804738634872e-03
4.298010186275713282e-03
4.131726228198217762e-03
3.706404924089330612e-03
3.742451459067929875e-03
4.786927810943281993e-03
4.349533451569968963e-03
5.332475597646216085e-03
5.117698423250576466e-03
4.206238946217615710e-03
3.979221435317159723e-03
3.753581974682594809e-03
4.109034260057630068e-03
4.058230223462081648e-03
4.404274876478004447e-03
4.190751557996725586e-03
4.014485137538759824e-03
3.137709639806458058e-03
3.795709895387740489e-03
3.490580005725419776e-03
4.418633418687569793e-03
5.178297164080140208e-03
4.340944570433663205e-03
5.155334486251103750e-03
4.060278478158915738e-03
4.837313111142041086e-03
3.159545693368217157e-03
3.464836155078863163e-03
4.154540611867192298e-03
4.848937899776832247e-03
3.977794459481129134e-03
4.181667015574162642e-03
4.309089446598002825e-03
4.204127407088705838e-03
4.697229629395822600e-03
3.080776103023308548e-03
4.220184935394380964e-03
4.532542279012924391e-03
4.213199604702637727e-03
4.249097237128177627e-03
4.164339903691004381e-03
5.032376846957870020e-03
4.391412453960727436e-03
3.795615565900280208e-03
4.482762972258110337e-03
3.814732052793940158e-03
4.303569783356544706e-03
4.896740803236410665e-03
4.669380885842750600e-03
3.825097385095983706e-03
4.777950261535312063e-03
4.474970111197892897e-03
3.665602920740999079e-03
4.138409484254319815e-03
4.540789246194331351e-03
3.517815404831260619e-03
4.134559896768526081e-03
3.691503239393799547e-03
4.536192471620546958e-03
2.941164325385197103e-03
4.688814163705585028e-03
4.592078843066913461e-03
4.231229138988840816e-03
4.262376315715570019e-03
4.177129697294353246e-03
3.977894555585119625e-03
5.101524038541397146e-03
4.373825722220577202e-03
4.096237913158606858e-03
3.075559753493542145e-03
4.059422337664075550e-03
3.667438672534314558e-03
4.146475163548485679e-03
4.934813771887430409e-03
4.412034245083144325e-03
3.877623195522934395e-03
3.704683563028604056e-03
3.860845741771004765e-03
3.554858438084017996e-03
4.135246807297854842e-03
3.846159013546525483e-03
4.016237536212751043e-03
4.456252588338992932e-03
5.278657758996448124e-03
4.741926279337647238e-03
3.982692707874029708e-03
3.878160217029072952e-03
4.405158209586054405e-03
4.413564311062329569e-03
3.435959428386738991e-03
4.027833400927682307e-03
3.728118174185857895e-03
4.527538504828212441e-03
3.865945661692755247e-03
3.679136347631999527e-03
3.956657354675775437e-03
4.800622719084597471e-03
3.686620002171716627e-03
4.588568484801337430e-03
4.148764604595107583e-03
4.039956022852580868e-03
4.266997583779612996e-03
4.142983168889047968e-03
3.677252211331992482e-03
5.041895189627658425e-03
3.680222588814203912e-03
5.198837318631048185e-03
3.665064243129824862e-03
3.604571841548130217e-03
4.441073073707027703e-03
4.038566788153436990e-03
2.730976998985020117e-03
3.554070451568697251e-03
4.538348185854627903e-03
5.188882659880283792e-03
4.071049045092821166e-03
3.559619630178594181e-03
3.770364190497677102e-03
3.044494971934486906e-03
3.476820169040668006e-03
5.169154167764734853e-03
3.389078180429631101e-03
4.459469718660772145e-03
3.764597019471975416e-03
3.246552279824187464e-03
4.037022664693077842e-03
5.002070652020598925e-03
4.678061622124767352e-03
3.922700489781929742e-03
4.127755617534615770e-03
4.417088482157283287e-03
3.753809285837688033e-03
4.377092420942573295e-03
4.715459135893640928e-03
3.673774277282136364e-03
4.713556871120965115e-03
4.832117251123202450e-03
2.760682180539214634e-03
4.284952753940732620e-03
4.915980624627866273e-03
4.085839484839845319e-03
4.281719745966334513e-03
3.437473715433044322e-03
3.591856804670119641e-03
3.550479880322575301e-03
4.908270870812249734e-03
3.893130206097525619e-03
4.475090555142941309e-03
5.073646703599593751e-03
4.342273030405585828e-03
3.622011900862691369e-03
4.145940612885123597e-03
3.784400504444033250e-03
3.780489841636568323e-03
4.293917004273997348e-03
4.527255308610632703e-03
4.491220609652953749e-03
4.219912372046725167e-03
3.839301123431826650e-03
3.864296721530109668e-03
3.443681244772485786e-03
4.587106082203373965e-03
4.221894467275435700e-03
4.507081645967908959e-03
4.456343642629568245e-03
3.709018397692157975e-03
3.918816335034215094e-03
5.122063906707456128e-03
4.682888945291191311e-03
4.602261604961852166e-03
4.273212861078689445e-03
4.068618471692916037e-03
4.046908791533138615e-03
4.013642363635030498e-03
4.223493161714220179e-03
4.204810860351686393e-03
3.239970348301884732e-03
3.651172935255971898e-03
3.834837880174893267e-03
4.796964299298846907e-03
4.174745397883944213e-03
4.513313692343748004e-03
4.650870659039181391e-03
5.178990306372394103e-03
4.166917723274220914e-03
4.687621663090987822e-03
4.139712196755602515e-03
4.340210200025417832e-03
4.028075061114975812e-03
3.628214055835311466e-03
4.471348068128281651e-03
4.165618737388462195e-03
4.328592644515268442e-03
3.559591672017010152e-03
4.429856229780320884e-03
4.365192576598388337e-03
4.034255622087751583e-03
3.517059224274723690e-03
4.539833698884714053e-03
3.832818465009592453e-03
3.823630617364134378e-03
5.102781730454616742e-03
4.472822812784428732e-03
4.145912003522986451e-03
3.560184356949571555e-03
3.980603901623331643e-03
4.002881378195926633e-03
3.779127856404862571e-03
4.416864119117592039e-03
3.886879242186704487e-03
4.967017513515918810e-03
2.587952413646962737e-03
3.873249164594710307e-03
3.795379908960382857e-03
4.203546404148445458e-03
3.270166167369043669e-03
4.272720467961951124e-03
3.807861109099251393e-03
3.715415037057278810e-03
3.565321099023738196e-03
3.723737358344264385e-03
3.730199999660704490e-03
4.208815487078736151e-03
4.571092927711926067e-03
3.614660882108409762e-03
3.786057916122347912e-03
3.815861873735588040e-03
3.610617725841919114e-03
4.298407674706130124e-03
4.614209915185373857e-03
4.023949904933586154e-03
3.876688133848131459e-03
4.673982626005665844e-03
4.520880958572349659e-03
3.962171243370498676e-03
4.370391237173264047e-03
4.224425176755199421e-03
4.322500371524050193e-03
3.229367397692696831e-03
2.778920461948448072e-03
4.625864387104600475e-03
2.663167837202080369e-03
5.658738034798455746e-03
3.803257715504455155e-03
4.381448787737640335e-03
4.729882052828338415e-03
4.894791137430835708e-03
4.656311481867794581e-03
4.341110193493661652e-03
5.784327192289386368e-03
3.915386892516382715e-03
4.067187227024615138e-03
3.816850800535129609e-03
3.654940928261124836e-03
4.226294766698523477e-03
4.629891637247932068e-03
3.494463829594399856e-03
4.278454016746729115e-03
4.154782477609843261e-03
3.601343409190309579e-03
3.669965984055550880e-03
4.674212445038532573e-03
3.436274394838350829e-03
4.262628521672698172e-03
4.529255905072714951e-03
4.822509379247072112e-03
3.771658288078851787e-03
4.034371545362802798e-03
4.808424810976554518e-03
4.281754198040545363e-03
4.889371775619350859e-03
3.282162236669809111e-03
4.224299168037543885e-03
3.737439571190355816e-03
4.646169169171830531e-03
4.526093013695201353e-03
3.223865409329492848e-03
4.243556274177555550e-03
4.479111581215435185e-03
3.924122444574275337e-03
4.121641902849759037e-03
3.602117548837680330e-03
4.559220354167130632e-03
3.048732203705576457e-03
4.419993113196696473e-03
3.773540997375260646e-03
4.228272730657680126e-03
4.291870862980135849e-03
4.181869600703388458e-03
4.232381672717297136e-03
3.718820572956761314e-03
3.908899546459758054e-03
4.352281450893732452e-03
4.850641603415126180e-03
3.689225789284187457e-03
4.514518624769250574e-03
3.356667397086896161e-03
4.141959952641167952e-03
4.300246716618182086e-03
4.271942829668013905e-03
4.149242602397964878e-03
4.230011681977013591e-03
4.364014178949971422e-03
3.995717872047175982e-03
5.255118544961505204e-03
4.525829200405288161e-03
5.213100110738060240e-03
3.858403322291632451e-03
3.903597670725762660e-03
4.478005039892682219e-03
0.000000000000000000e+00
