1.033968645880380989e-02
1.144813767238097441e-02
1.121443220132685784e-02
9.724343303098528790e-03
1.186954049624675683e-02
1.058238421293847265e-02
8.897982897263038635e-03
1.023353026084514519e-02
1.064746376320209464e-02
8.611915590115818558e-03
1.175770291709193720e-02
8.146436223093441245e-03
8.413026648617118880e-03
8.988150386689102919e-03
9.061308495943535060e-03
9.271146191036042095e-03
8.403079956170350293e-03
9.006625854180898630e-03
7.080707643905992214e-03
8.371185181144673651e-03
4.947562912090196739e-03
7.715341033851653811e-03
8.459933336945965263e-03
7.650007869529075813e-03
6.080379550091639246e-03
6.052458472376304882e-03
9.282868251138033655e-03
6.800719253201799146e-03
4.823618402722731902e-03
5.970598337064110701e-03
6.636820950361311221e-03
4.374329326705790610e-03
5.021154814168888453e-03
7.289745424641686650e-03
8.181971889764903805e-03
8.082094378096572884e-03
6.248799646273224366e-03
8.369409442471465246e-03
6.973576129058628795e-03
7.931391819269833707e-03
7.919620074611334951e-03
6.593517261409330942e-03
5.030872815306652521e-03
7.019187825611573547e-03
7.484881052626228548e-03
5.772518482919649502e-03
3.918530627123281186e-03
5.658493261993692049e-03
7.907860380996518251e-03
6.351190999251764280e-03
4.736445295708151260e-03
5.183486554526677351e-03
5.787563883320234574e-03
5.802837388041017647e-03
5.010749522537759695e-03
4.963354607839585639e-03
5.221670321239849262e-03
4.531839479456471233e-03
5.182061273510152853e-03
5.279701458600899802e-03
4.452747699794347425e-03
5.930124446868537992e-03
3.945492092948110242e-03
5.225892944484103984e-03
5.534466630649299314e-03
5.322544290142356554e-03
5.907368981668949769e-03
5.873489284935169176e-03
5.220282309356404776e-03
5.250783933020059836e-03
5.796874394127551379e-03
5.135837821728346693e-03
5.113249411116577679e-03
5.613526610012096150e-03
5.016447579808349169e-03
5.526979758465005652e-03
3.688363628925675052e-03
4.395554167391841141e-03
5.471652160452469479e-03
4.502577654954057797e-03
5.224473759730157568e-03
4.638223128399456344e-03
4.753164957097518253e-03
4.942625839467367117e-03
5.266026010822941542e-03
4.829437214433087398e-03
5.242941717114637731e-03
4.381787757553491126e-03
3.930725068100191649e-03
4.929989738636328389e-03
5.280927295666619156e-03
3.801822625125228332e-03
4.978426328435345966e-03
4.985777525314618458e-03
4.747569863220939268e-03
5.392064687476165637e-03
5.116709358723308537e-03
4.634999101049170657e-03
3.678079538696569454e-03
5.169051719543166397e-03
5.147092667194386358e-03
4.085710793750058079e-03
4.800835241301561890e-03
4.039366548525139336e-03
5.395057723410082683e-03
4.773608597047366772e-03
6.049088861059905009e-03
4.892519129874346208e-03
4.960569966624261279e-03
4.002591292087927417e-03
4.084147236859852689e-03
3.813002035045840159e-03
5.442080257607197907e-03
4.426713930068437719e-03
5.052777134723756072e-03
2.897396590842088362e-03
3.753392112120009384e-03
4.613363322282446055e-03
4.207167764591453890e-03
5.422407604555147011e-03
3.979147487656655227e-03
4.531062271868262908e-03
4.885300228043129057e-03
4.150223127409869740e-03
4.327829774264449481e-03
3.653609377666436255e-03
4.286969016359834343e-03
4.071822661897596743e-03
3.172337933778785965e-03
4.060153545363552434e-03
4.105364760498777903e-03
4.321097332044943930e-03
4.485560346114116949e-03
4.138659311591026679e-03
4.926207403984681800e-03
4.352748221782274871e-03
3.614195645184881383e-03
5.136976769000285020e-03
4.477963344725414616e-03
4.584025873864901700e-03
4.361933066417541735e-03
4.092521670006351621e-03
5.291887019703486565e-03
4.898489891199351957e-03
4.059991340590146137e-03
4.156555110668229934e-03
3.695097974571655199e-03
3.893282596357157312e-03
4.270056396029029387e-03
4.214806794221723739e-03
4.424177358140502121e-03
4.709949294690592841e-03
4.048634330782116715e-03
4.661197263879574178e-03
4.789703732866103063e-03
3.262626556124641804e-03
4.351586267153975326e-03
4.846920936728713915e-03
3.532128951551670622e-03
3.877750432517678477e-03
3.900463969013489955e-03
3.697341684122470301e-03
3.277731678391648286e-03
3.697060684401387402e-03
4.696010062919504270e-03
4.286576551928477155e-03
3.853098944533669273e-03
4.007936103618132441e-03
3.739163180849786744e-03
3.777542687253526710e-03
3.872820051880106890e-03
4.774407752205133727e-03
3.852350612007290811e-03
3.908629518157232668e-03
4.224850381321692584e-03
3.372212036390621285e-03
3.511058843725539582e-03
4.303979580962955138e-03
3.661849067265630572e-03
4.385431565725111253e-03
3.825180248080570049e-03
4.262590268858553605e-03
4.624821545520476328e-03
4.201044998599564283e-03
3.929419884499025205e-03
4.344973513056325093e-03
3.832956939593659598e-03
3.509124661861914417e-03
4.319733561165631404e-03
4.166452506688084895e-03
4.445389562851492955e-03
4.297864744976659553e-03
4.404302889215723320e-03
4.783679703471491879e-03
5.396766959306335647e-03
4.138340947669518280e-03
4.840992748667046451e-03
5.180517377649617242e-03
4.906276397573943598e-03
3.964190935177944013e-03
4.228699004014345973e-03
4.929440479771054692e-03
4.442344748136766927e-03
4.209824031393514555e-03
3.837230916334211268e-03
4.133821677491693151e-03
4.214669162629568547e-03
4.289861800903848298e-03
3.758843666831502769e-03
3.526099675180476185e-03
4.053235891637425002e-03
3.895971002884416907e-03
4.037993907113916238e-03
4.681350548286200217e-03
3.461494248586032690e-03
3.651112349928340838e-03
4.331814498655840381e-03
4.411893735503576511e-03
4.252028269817692205e-03
3.588570090423789244e-03
3.371565881871456481e-03
3.348618704390789007e-03
3.632656612562369484e-03
3.798958538355602568e-03
4.068504827733517709e-03
4.895331981035964432e-03
3.343444810769826813e-03
5.028302732461929769e-03
3.423533506528974018e-03
4.798054458588517368e-03
2.959600040558259173e-03
5.023563672677917695e-03
4.038770174518302274e-03
3.721218634361208623e-03
3.886313728800940351e-03
4.077638504669449208e-03
3.915865078946599402e-03
3.879757406823578468e-03
4.440034990295313455e-03
4.141889697640048322e-03
3.959108697641556748e-03
4.106249937997075161e-03
3.868436500353963827e-03
4.719506319651505834e-03
3.991566852967766942e-03
3.908430888222801797e-03
4.547357592398380485e-03
4.587189371502429711e-03
4.285489724560880877e-03
3.688019835379238286e-03
3.156541651609933666e-03
3.565469905503655060e-03
5.014812507360055446e-03
3.331984636077233927e-03
4.990786110840505704e-03
4.358881649182646222e-03
4.602989170524981327e-03
4.879932243592492551e-03
4.573111821821040403e-03
3.780923792895274881e-03
3.822381954197535351e-03
4.522599857621554913e-03
4.455396623406479573e-03
4.010926335364047024e-03
4.730696708084551443e-03
3.812317538674126101e-03
5.004854984518533959e-03
3.308631809128277645e-03
4.169238366116261030e-03
4.838000059820893317e-03
4.341557693303336844e-03
4.411880211500547079e-03
4.291849794399824058e-03
3.395610506628373663e-03
4.524930517001703525e-03
3.623616148684520935e-03
3.456102656062557538e-03
4.084873428473717594e-03
5.706435550302355920e-03
4.586065356568903156e-03
4.492076854116536407e-03
4.474963189547238353e-03
3.951026517958654977e-03
4.265719687774643075e-03
3.850980218499596829e-03
4.514932605167477041e-03
3.897338980608550281e-03
4.194501289995933302e-03
3.599173749983107518e-03
4.904714466798911279e-03
3.363812613478536079e-03
3.970320704703391400e-03
4.090050759688696087e-03
4.566075577016436536e-03
4.231042254688596564e-03
3.997456876919554258e-03
3.903070202469730889e-03
3.865865394931390121e-03
4.506191210714399591e-03
4.365569549363583837e-03
4.312238548061616411e-03
4.079819354657752972e-03
4.511977102673438676e-03
3.848104486795420141e-03
4.861952973042135695e-03
4.237326081161252658e-03
4.157344179842912581e-03
4.692199364022866734e-03
5.550815554596615770e-03
4.192864695923645239e-03
3.632320009002344523e-03
3.972070986717755534e-03
4.259267117213288295e-03
4.368438478634688836e-03
3.614516274300355776e-03
3.767230176453067753e-03
5.106259994390871873e-03
4.150044874620934139e-03
4.804240823250179385e-03
5.337763908140253678e-03
4.295394106061310030e-03
4.979065082353433501e-03
3.338926543153281773e-03
4.011932272965202696e-03
4.145686239233431665e-03
4.800764514665449047e-03
4.129425886808893616e-03
4.501679570160257299e-03
4.413513323496346015e-03
4.358114086106493201e-03
3.193243813077047653e-03
4.802538746431705800e-03
3.864870999139767734e-03
4.812495328131365796e-03
3.336567135164391750e-03
4.494096811962747413e-03
3.293102944017974910e-03
4.580397430009514916e-03
4.280145063860376145e-03
4.896147248157116383e-03
4.263107013843170021e-03
3.828773346802751172e-03
4.288970030184005057e-03
4.023972603076952752e-03
3.523415294475432981e-03
4.448286365643674273e-03
4.777892122893655051e-03
4.190686222190172401e-03
4.228844963559690202e-03
3.384424877542149650e-03
3.953956786948605896e-03
4.363168192872315075e-03
5.042638106841148236e-03
4.456928148028402661e-03
3.987483948705732896e-03
4.602310166906214625e-03
4.089649785279691856e-03
4.499055738166646799e-03
5.298988939406360128e-03
4.002671047643396353e-03
4.027145088064294776e-03
3.931501440877598758e-03
4.940198788056730794e-03
4.656866183526523796e-03
4.858162362666710969e-03
5.331471219169571334e-03
5.236159497428143593e-03
4.408546261988734692e-03
4.045432700783782413e-03
3.676758539803122363e-03
4.491847503371897317e-03
4.040652761994396013e-03
4.496290929396570997e-03
4.948244718438965517e-03
4.515950617997996873e-03
4.219784119526863962e-03
4.511970906557412168e-03
3.806540108442200716e-03
5.464632232069101432e-03
4.224080709994758147e-03
4.242120402391509268e-03
4.251079053956527236e-03
4.091507489828845323e-03
4.616024087889116813e-03
3.196646062238332579e-03
4.414491695463838850e-03
3.945941341190879054e-03
3.959436790792456896e-03
4.471443285943951101e-03
3.936402885660854854e-03
3.928130673701684013e-03
4.291629698190209570e-03
3.275119509870371565e-03
4.404687207965407927e-03
4.008319024184849207e-03
4.383702115872224747e-03
4.257232667682435932e-03
3.528657929275660042e-03
4.528936809859850088e-03
4.891378912445926153e-03
4.225638796519760182e-03
4.300125131419875110e-03
4.404177213828112773e-03
4.185517959836205018e-03
4.075517610126381564e-03
4.512799050170538361e-03
4.289880042834004828e-03
4.848999872381478358e-03
5.263601661320320250e-03
4.604575398920539471e-03
4.414059681905196063e-03
4.774374828010341347e-03
3.767252901549232418e-03
3.911457158059128414e-03
4.744504126744317381e-03
4.721104768834033169e-03
3.588288922893348356e-03
4.242487525536390094e-03
3.673326040164493888e-03
3.857519844596643717e-03
5.378434841146265133e-03
3.825470854740219660e-03
4.027359798088703952e-03
3.633361696352128620e-03
4.236429574776143236e-03
3.820294720945198626e-03
4.392890789257406815e-03
3.622564224724410947e-03
3.183100194700798791e-03
4.042159670925436765e-03
3.307415989088797591e-03
4.603947290043235684e-03
3.554852849066761182e-03
4.371338016995233999e-03
4.722584048192808408e-03
4.115266805824481164e-03
3.787902519713145892e-03
3.950332208615748783e-03
4.033699046326071416e-03
4.190847724387327181e-03
3.950207858090973995e-03
4.461799405664887766e-03
3.837054254962870160e-03
3.918314341447851762e-03
4.357115456972837989e-03
5.249675911109412396e-03
3.475821684777112650e-03
4.637777446491250267e-03
3.408742049457359844e-03
4.627544437969972717e-03
4.819471675533508991e-03
3.414692058788707397e-03
4.504711108910328457e-03
4.044201430634150607e-03
3.728322333969118045e-03
4.843184390690763105e-03
4.473574859457041253e-03
3.326669384197056094e-03
4.592211870530500673e-03
4.793247987961952311e-03
4.528467357398699607e-03
2.453723749037265908e-03
3.851289358587524619e-03
5.128943395355192551e-03
4.240861438400708380e-03
4.559550166757434138e-03
4.566278199294042210e-03
4.056856825975652635e-03
3.762322676846312740e-03
4.737559155736537943e-03
3.751741606805950816e-03
3.807309871938906968e-03
4.402624404573144898e-03
4.454580455271146822e-03
5.097774766083574410e-03
3.868006076253699323e-03
4.267007355966895461e-03
4.602679003235211723e-03
4.204359967573166948e-03
4.485853593379161494e-03
4.190801544097942123e-03
4.908223724652998818e-03
4.265107745347120581e-03
3.645632969023252911e-03
4.236283895610509775e-03
4.569646667231598222e-03
4.029912658652513684e-03
4.075338366929369231e-03
4.417325755495241611e-03
4.160756020218348526e-03
4.143733450320727894e-03
5.056136255315346259e-03
4.239831837791140610e-03
3.821139271440412988e-03
4.390127698546539801e-03
3.785761736867445000e-03
4.308783270401011535e-03
4.061150831863391888e-03
3.915360688969029071e-03
4.608965059448914998e-03
3.228425723937720579e-03
4.232964375100195346e-03
3.971861154578639960e-03
4.284202582787273277e-03
4.229097375348268330e-03
4.534182201942087501e-03
4.407543834831380986e-03
4.445160588671754655e-03
4.370788250856984074e-03
4.464028544573869599e-03
4.123173850820457433e-03
4.142491384820012543e-03
3.463448337700607109e-03
3.139515133302166455e-03
4.615294165752585089e-03
4.219965855452294939e-03
4.450752402855810870e-03
3.731635418592482798e-03
3.835302692349791716e-03
4.458073723182507699e-03
3.927639172118398657e-03
4.125830581354184012e-03
3.811820333411434364e-03
4.055088737985824456e-03
3.912461086703998905e-03
4.141828558470463627e-03
4.217941539077334212e-03
3.626149768724205337e-03
4.437892347270640768e-03
3.333413648038478696e-03
5.201131384676704883e-03
4.403288341606893808e-03
4.094868068300080641e-03
2.903524961665632752e-03
4.495677245302152729e-03
5.626020986783566123e-03
4.698657940155485761e-03
4.706833944268910136e-03
4.108224340583416234e-03
4.323176584295854510e-03
3.814911692484335322e-03
3.924269541689202369e-03
4.156465791437882924e-03
4.120768301189813888e-03
4.888368431841091238e-03
4.300224633826947584e-03
3.981502404798330751e-03
4.148279758125320710e-03
4.909706484707920295e-03
2.998921290917425011e-03
4.017954653666798437e-03
4.679829340642749184e-03
4.834485837694545152e-03
4.079418967624558190e-03
4.478299474531750521e-03
4.358934364886044195e-03
4.554264295870383457e-03
5.148872346064771108e-03
3.752448174589821141e-03
4.138895722428773995e-03
3.006644288149896461e-03
4.610304514875800813e-03
4.512312971387036006e-03
5.145183913499248689e-03
3.895990553105055029e-03
3.905711368201556562e-03
4.385052832515512651e-03
4.652832887898624391e-03
3.680027643531177776e-03
4.743131627449489324e-03
4.058513520555273937e-03
3.848221468777446742e-03
4.190476213109712439e-03
3.879397681057755037e-03
5.816547538012490498e-03
4.454904115383548184e-03
5.178727149089051157e-03
4.572075909546772197e-03
4.252714335910100403e-03
3.363930452160684981e-03
4.123067752557607601e-03
3.980417790967770431e-03
4.918808430121655514e-03
3.503997992934481612e-03
4.402185537910238353e-03
3.882667889396964733e-03
3.826472875286548135e-03
4.039914767774361801e-03
4.364719187544681585e-03
4.219376130650846421e-03
4.614764529541947984e-03
4.665370627415145292e-03
4.418588458977664238e-03
5.142100612821008492e-03
5.101732335321695205e-03
4.224613460658510795e-03
4.329680840821754917e-03
4.475046760856224264e-03
3.767461413030666686e-03
4.267418167220131224e-03
4.088367504899307996e-03
4.759859317360358444e-03
4.434313437252695479e-03
4.283665767737318900e-03
3.721873529620998208e-03
4.134975819907476050e-03
4.498250925320839561e-03
4.287236824445155199e-03
4.075285605568151719e-03
4.950232867263567975e-03
4.632465740661475401e-03
4.155281443773806149e-03
4.128625979853461740e-03
3.848954610774051478e-03
4.404382084879657211e-03
4.550857932071841749e-03
3.463998381252994703e-03
4.292957119839456957e-03
3.991437099868663275e-03
4.363939478160538780e-03
4.581068123197498849e-03
4.010838632774032901e-03
4.634276763808297533e-03
4.826767329942049413e-03
4.003190536516931797e-03
4.215302783768482171e-03
4.018078743031112780e-03
4.262170365734277086e-03
4.428157028897842726e-03
4.664991149893420001e-03
5.143276561383748960e-03
4.498384215738685833e-03
5.377737508988844617e-03
4.152771265919568897e-03
5.408941842298973200e-03
4.765872965711510749e-03
4.820989797522317634e-03
4.573298045586350613e-03
4.157346257069703330e-03
4.241708807417863755e-03
3.099308724702543039e-03
3.478325420375859983e-03
4.786643856702555398e-03
4.169513905650227246e-03
5.055472326104340670e-03
4.964730278371527750e-03
4.252336829867824422e-03
3.637344997807481859e-03
4.257787123738806384e-03
3.596428203968579044e-03
3.829459625446859569e-03
3.379849274908440938e-03
4.113717972580559733e-03
4.932884890335128766e-03
4.955007863831509783e-03
4.414010368087427187e-03
4.541498606719361099e-03
4.386686740030278260e-03
2.947015978624228840e-03
4.890440320206585444e-03
5.236586206171687900e-03
4.497468061218675220e-03
4.309863040545717540e-03
5.180824825933465390e-03
4.014209053803208770e-03
3.713231553291876288e-03
3.812883556113755290e-03
3.740699441651141981e-03
3.858795197202659951e-03
4.480558174267262016e-03
4.675133756360849539e-03
3.183048026804853430e-03
3.096106198353881442e-03
4.090995892280757142e-03
3.936719167675371833e-03
4.131318614521073060e-03
4.559272445508543749e-03
4.345870553545409971e-03
3.890143133312653004e-03
4.736274983002264176e-03
4.322680937953364902e-03
5.057136162250528387e-03
3.505222893662060264e-03
3.936038731363407546e-03
2.949899807665756074e-03
4.924256388415574996e-03
4.608068483346139041e-03
3.817447878250684271e-03
5.730611067819701282e-03
4.544877111617288447e-03
4.864891196183586397e-03
3.490964972868144597e-03
3.424867104865985529e-03
3.981854998237667823e-03
4.841710165884036479e-03
4.098708833223497529e-03
5.367700829926855093e-03
3.187062096151648330e-03
4.702452261226448653e-03
3.688954829764346573e-03
4.510884341078554884e-03
5.282444217691678774e-03
3.521389787887956903e-03
3.919835380474574575e-03
5.026656035800872689e-03
4.937994561312942544e-03
4.175071409748705269e-03
3.963305569955830228e-03
3.935600886363851275e-03
4.515401156828431802e-03
4.308697992957357184e-03
4.091297441988530660e-03
4.474953416120837704e-03
4.234171436574031382e-03
4.414397755850491163e-03
3.732785916235068033e-03
3.973049479770610591e-03
4.348927062884734573e-03
3.640715365680697192e-03
3.785275221059857323e-03
5.135418854450074164e-03
4.788854287822474562e-03
4.298805225260717358e-03
3.417336111895648548e-03
4.589342094369127691e-03
4.818929748582839387e-03
4.368875628406853825e-03
4.148334057087952470e-03
4.251677048829671790e-03
4.587049504060778521e-03
4.567905343243086440e-03
4.437036157449240382e-03
4.911728521149982298e-03
4.652103005607729005e-03
4.124587346925404074e-03
4.480765734374611738e-03
5.308719657164257845e-03
3.963329612224976255e-03
4.264099384544571027e-03
4.537302790090110526e-03
4.525758286082593763e-03
4.151222614017512601e-03
4.596204026315288925e-03
3.413582562586918966e-03
4.710214375552902906e-03
3.749412537145792399e-03
4.671978673898033105e-03
4.374692736004812989e-03
4.463382879023692490e-03
4.665961952929946477e-03
4.223535652036273548e-03
4.437164781786955003e-03
3.939787157610434402e-03
3.837222340332363795e-03
5.012855614914628853e-03
3.696577308862079077e-03
4.832925883618353034e-03
4.591440159314231530e-03
4.646351564502584387e-03
3.174260427621431683e-03
4.846656447097774136e-03
3.553469906892607957e-03
4.485163146949582187e-03
3.677665598569976237e-03
3.991934525922251863e-03
4.047249675966925822e-03
4.276897661092745641e-03
4.048844872588957047e-03
3.828880891702461219e-03
4.426097182110336724e-03
2.729895542721830562e-03
4.293056659000245821e-03
4.669263697442609627e-03
3.309868761029589272e-03
4.496777337063813905e-03
4.320028187648807146e-03
4.052594124059090766e-03
4.963022274353297986e-03
4.130145871295134129e-03
3.189027689237766781e-03
4.361141978039309065e-03
4.984491507464545827e-03
4.175079926628928045e-03
5.010203889652118867e-03
4.169819255343402628e-03
3.761430763189261856e-03
3.780465359726832737e-03
3.898220117481060454e-03
3.811493969694812727e-03
3.855304186032107189e-03
4.357323443162761448e-03
4.371162657858623096e-03
4.910552525242630958e-03
4.118886410028475137e-03
5.625115887918231104e-03
4.024280820802337427e-03
4.704856857341457692e-03
5.147807111821654270e-03
3.752034781393759170e-03
3.928745049820991930e-03
4.156561983718841218e-03
3.817853640751676936e-03
3.621673195988649088e-03
3.508995064573650676e-03
3.820684022099784215e-03
4.416413004598509183e-03
4.188847403939703617e-03
4.454258697014750606e-03
3.712353083764244506e-03
3.813029482942260299e-03
4.416770028141136541e-03
4.324708719538739379e-03
4.992620529670656858e-03
4.845051982227049220e-03
4.513965395897248135e-03
4.769081532373507792e-03
3.809516038400497396e-03
4.644488350777292197e-03
3.492575175584079327e-03
3.381059839723798369e-03
3.905460621563448202e-03
4.583166508720906175e-03
4.070503791822886394e-03
3.943712804077789853e-03
4.877594107971633224e-03
3.785519731110878645e-03
5.719038460302017061e-03
3.536833002393158665e-03
4.420248844707614505e-03
3.755423655018230115e-03
3.966643935882785930e-03
4.233254244417066110e-03
4.281478243750668107e-03
4.527617942474487615e-03
4.750067793805397461e-03
3.916635757970342649e-03
3.915402151652696595e-03
3.942440228494222855e-03
3.497072159098874207e-03
3.928663433896638010e-03
4.443674940829146248e-03
3.838054197982723563e-03
3.196767468482280845e-03
3.537568673524261586e-03
4.571241991671322509e-03
4.760890151442594836e-03
4.015150315017085650e-03
4.303531155161688382e-03
5.353646891467498878e-03
4.061340520137444489e-03
4.706774733934496018e-03
4.068065432544909661e-03
3.432999021137892598e-03
3.917721901437179119e-03
3.805251828717747149e-03
3.691358992471025988e-03
3.475701160369436792e-03
5.284958815628111248e-03
4.778562302092883782e-03
3.155955449809017075e-03
3.646529435640126320e-03
3.849813913546869335e-03
3.988316795603744774e-03
4.264501816610730828e-03
4.035634019560666204e-03
4.547880404687780487e-03
3.653868501984874461e-03
3.547978090593670829e-03
4.232074902676690072e-03
4.225694033871031305e-03
2.885892921504349534e-03
4.180401985433656806e-03
3.682715577553543219e-03
4.065882967230607936e-03
4.906599037479948168e-03
3.919359988292635960e-03
4.253726843419603464e-03
3.804047562048474673e-03
4.517710016265895183e-03
3.428557314189526004e-03
4.911366509296975595e-03
3.659527642947546858e-03
4.515805420671126745e-03
4.774149768594661974e-03
5.123884350242874190e-03
4.522421697249899737e-03
2.790269369158485634e-03
3.384679810354356781e-03
3.847610176610556914e-03
4.334624882877243131e-03
4.700711010423090988e-03
2.777466944731020546e-03
4.756054504712654493e-03
5.698938582732553798e-03
3.371973983104509156e-03
3.954361216880500525e-03
4.046824608217852899e-03
3.513801301178798037e-03
5.405129610295319326e-03
3.899605563806696640e-03
3.445229570732103678e-03
3.066150250604768833e-03
5.209922724439014496e-03
4.897744525578600489e-03
5.602057875550557099e-03
3.889300824762982351e-03
4.029986018915329531e-03
3.291859360212126464e-03
3.610448595761705202e-03
4.982905450101187371e-03
4.422456821511393590e-03
3.242520659125057523e-03
3.846669208284006838e-03
3.940126042802224830e-03
3.722966799917549162e-03
4.116978040736535109e-03
3.687645944215930515e-03
4.241750573334594938e-03
3.474783803202396472e-03
4.239157835047562689e-03
3.916217056213413747e-03
3.602314192409306060e-03
4.224237524244620415e-03
3.960252718233521312e-03
4.126024874912748858e-03
5.862213682689431694e-03
4.085991463997508573e-03
4.360323419684389822e-03
4.557290365163385072e-03
4.664379497551960317e-03
3.866806423856461623e-03
4.284630203573835949e-03
5.080635099189129145e-03
3.655798988433114471e-03
4.785563931578761671e-03
3.712924555344636855e-03
5.101769912130790958e-03
4.819139889299581085e-03
4.524592300578081545e-03
3.852793565779369291e-03
3.262360147352224345e-03
4.207033886286451127e-03
4.075061076829832041e-03
4.794467160135939404e-03
4.229973672156874150e-03
4.028171426997444009e-03
5.706553698287288728e-03
4.663072590895133047e-03
4.072443511866102699e-03
3.620935293807095012e-03
5.071356962868081228e-03
4.229477337504467666e-03
4.143203489746378684e-03
4.399250698534251658e-03
4.136151369591559851e-03
3.273615135925414272e-03
3.810426959775495195e-03
3.305826730002454743e-03
4.263704677357223367e-03
4.421112361638501742e-03
3.618841238492112155e-03
3.349286291822530046e-03
3.320429723217345995e-03
5.392694327615804237e-03
3.757088137718662870e-03
4.047294743080692356e-03
4.756101245919397251e-03
3.647375155073413755e-03
4.021194711286080886e-03
3.724804917077025393e-03
3.507613943062829354e-03
4.599819050929697742e-03
4.960094517226314691e-03
3.943187814882261402e-03
4.346712113252131603e-03
3.850594642392304000e-03
4.765021555621737348e-03
4.840774178461235318e-03
5.207948621793542440e-03
4.648979030946741829e-03
3.044957773220838965e-03
3.023668209676326837e-03
4.959555474957278408e-03
4.531539106153919215e-03
3.748755826360568831e-03
4.665883984510437593e-03
3.724134718569917148e-03
4.840302615074971310e-03
4.074637212965376114e-03
4.612894051104655425e-03
3.750075640349901426e-03
3.640472648689262094e-03
4.840171397601597363e-03
3.351221993785853670e-03
3.538649729916397771e-03
4.051413420361611208e-03
4.806461242220296491e-03
4.184920056849738418e-03
3.068936121980788724e-03
4.353297988934370921e-03
3.917852018445570038e-03
4.117116278433219714e-03
4.202341607374757322e-03
4.108739956095226568e-03
4.128788530930420711e-03
4.472983706146660930e-03
4.239784729892040818e-03
4.498124541432934990e-03
4.432210434531055898e-03
3.810737447992012215e-03
4.173269203672865316e-03
3.944749864608297282e-03
4.032944937547148535e-03
4.904771199755150399e-03
3.851111492959091460e-03
3.725623396524542323e-03
3.753573205760039281e-03
3.619896237308997591e-03
4.240019361137307811e-03
4.457196726049891290e-03
5.069196668922337431e-03
4.578428215702408897e-03
3.147463614120641143e-03
3.675753113019662125e-03
4.703543636003022950e-03
3.934970038051410421e-03
3.650917086384790431e-03
3.853921839344244451e-03
2.701428022933445583e-03
4.797678949946126634e-03
3.375072873293700169e-03
4.809453366036756453e-03
4.615909107090037863e-03
4.433204451163642520e-03
3.693065340165285846e-03
4.540319950582409787e-03
4.712692091010769330e-03
4.437595481494198586e-03
4.768622947338175926e-03
4.025781559891297365e-03
5.125688968227473663e-03
3.147009392804601437e-03
4.982092264212009507e-03
4.331063457305929683e-03
4.429069159497267712e-03
4.183923651160500502e-03
4.263212267175532297e-03
3.961069948136478405e-03
3.265305057000295139e-03
4.185638982365364608e-03
5.333375032434636148e-03
3.893200281838606579e-03
4.394813472194841406e-03
4.281127042380449867e-03
4.382584303739144212e-03
4.036217248123851256e-03
4.143843214721906407e-03
4.594275335213217522e-03
4.449633343174191902e-03
3.458991876121470747e-03
4.459490559393583520e-03
3.219092193772359056e-03
4.192459431563410818e-03
4.430667555631621554e-03
4.486051078882519888e-03
3.828617072996612532e-03
5.126472031628370035e-03
3.832167350695195578e-03
5.190181738448016585e-03
3.719144076134042829e-03
4.468090918510584514e-03
3.544587520361822293e-03
4.362253173129653806e-03
3.063473132412646103e-03
3.939246472495684485e-03
4.099655700597806124e-03
4.469208865534057308e-03
3.871352241151070680e-03
4.645567861498390606e-03
3.846371390105577520e-03
3.694044369335274230e-03
4.442851299181596429e-03
3.893704462611138201e-03
4.011482175476861582e-03
3.534028575357472859e-03
3.605966416804542649e-03
4.493662314838899573e-03
3.741932812889751936e-03
4.841237292934480463e-03
4.659737017421209174e-03
3.545523562822255458e-03
4.359923272208030345e-03
4.494375326829538365e-03
3.782630827349137050e-03
3.967441265383966909e-03
3.912443314451267799e-03
4.197633206590977925e-03
4.921127354224142172e-03
3.767276353106933841e-03
4.253849271276245909e-03
4.960678204567265520e-03
3.623811613026458808e-03
3.941664466303345001e-03
4.866802474118854353e-03
3.626134251463753941e-03
3.741899155994838494e-03
3.690585150803143109e-03
3.902056849296139159e-03
5.478318480719637090e-03
4.452868276672261941e-03
4.124710354713972786e-03
4.909982011083282964e-03
4.250605124932108243e-03
3.495917199155629783e-03
4.560844360892503044e-03
3.872090200378675365e-03
4.229641977163117912e-03
4.561095961771259241e-03
4.647978588026063264e-03
5.344541795891388780e-03
3.675873468689859133e-03
4.815899960045071440e-03
4.735436160150801460e-03
3.978096947419883407e-03
4.405321766080914220e-03
5.699035528703280673e-03
3.693858654013632697e-03
4.175734106662032895e-03
3.595911203504800497e-03
3.761917340330582765e-03
3.692146139166852404e-03
3.665655763139120341e-03
4.304002365636666258e-03
3.457871050605302449e-03
4.397925827705269353e-03
3.314894576182423041e-03
4.054463352950917962e-03
3.400279301753275120e-03
4.220439492915477840e-03
4.362408123686517536e-03
3.857785320100091259e-03
4.653278003564854416e-03
5.046412518628836177e-03
4.559371500811994736e-03
4.322129786131915716e-03
4.043842451403810781e-03
3.820403426539211930e-03
3.971264690792963153e-03
4.498420563315175258e-03
3.951781712505285371e-03
3.621235147373857467e-03
4.079940358990054479e-03
4.281438515140815679e-03
4.142731976187496480e-03
3.703621763155571112e-03
4.212580582890961683e-03
3.366671167936989735e-03
3.740148980552545840e-03
4.872638872044415294e-03
3.906899754803640733e-03
4.300674938753867166e-03
3.608842778004030249e-03
3.264042581755528718e-03
4.400344661941561070e-03
4.917322180691431448e-03
3.408918464981378418e-03
4.801991446078167705e-03
4.938088051183598358e-03
4.219134724285435699e-03
2.994130098474872582e-03
3.913844934740930148e-03
3.840899755368797075e-03
3.229240631012093247e-03
4.802495216853677751e-03
4.844223184894588287e-03
4.727985739114618988e-03
3.338551879828221495e-03
3.917442884825556720e-03
4.040860338086345663e-03
3.259367751028879271e-03
5.338727361354767866e-03
3.982526069145437761e-03
4.365994381107002505e-03
3.831761172503500134e-03
3.783983232749567761e-03
4.016874164540559268e-03
3.724004682569516042e-03
4.688951873512418878e-03
4.685145695307021095e-03
4.199533652426390776e-03
3.997469250580401937e-03
3.899085171330885294e-03
4.129547020131855289e-03
4.544339113351693153e-03
4.325509639596547551e-03
4.456050052260639854e-03
3.865713415355278171e-03
3.763857705944733019e-03
4.073714287190536958e-03
4.328043751538823529e-03
4.744610292509782688e-03
4.035485662304663483e-03
4.897345699560129439e-03
3.950115473085589503e-03
4.697610590353395142e-03
3.624810270032835513e-03
4.539988655899075513e-03
3.096146037769807822e-03
3.848725355419098122e-03
4.235508840284820699e-03
5.168569963760550126e-03
3.984187588322692791e-03
4.818431677987433312e-03
4.268515339758100630e-03
4.395131830813233352e-03
4.505441260244330212e-03
4.315576222670835550e-03
4.107160476300891414e-03
4.647218080534986501e-03
3.310956790211492043e-03
4.122043735318270397e-03
3.538212794116595613e-03
4.837707378147625310e-03
4.238466385333735167e-03
3.332640221773735222e-03
3.519979356841031453e-03
3.416772683226671631e-03
4.069288730459853960e-03
3.685335407689626069e-03
3.334455851253654429e-03
4.398635434194582763e-03
5.238041173684189131e-03
3.872183005675998695e-03
3.833043962321728334e-03
3.633482872217915459e-03
3.779923675817840629e-03
4.225663180868477475e-03
4.201355876582407722e-03
5.135270014825304118e-03
4.240528522276404769e-03
3.736747145735077116e-03
4.163096484851559753e-03
4.006811656639568987e-03
4.392084356584113024e-03
4.476471325784692722e-03
4.174018053856869311e-03
3.945172619001837029e-03
3.693824433262167962e-03
3.840485210050119912e-03
2.926046481918547458e-03
4.441770736550653201e-03
4.844942357945570405e-03
4.628925307347905686e-03
4.784345759308143882e-03
4.503792775515839432e-03
4.143904609529724774e-03
4.310889217829527026e-03
3.656678034057046691e-03
4.613999181534335012e-03
3.459915779715015682e-03
3.437496208751999582e-03
4.703373551605379704e-03
4.797960769278897079e-03
4.163871419616108766e-03
5.063296021266387205e-03
4.644959589645734736e-03
4.315741725964298767e-03
4.974308686063032975e-03
4.112211701236741582e-03
3.212503382831365367e-03
4.537015788016346765e-03
4.243660439939975736e-03
5.104516549721741132e-03
4.474653954122699562e-03
4.469931297671861023e-03
3.936187732844485462e-03
4.477452752126686274e-03
4.250448595192119969e-03
3.260370247159344922e-03
4.106032983385776367e-03
4.925791320110907076e-03
3.945064092931711668e-03
4.400577881448616488e-03
4.008693111855067548e-03
3.633302362603652112e-03
4.630361161307171118e-03
3.989261286218511587e-03
4.449856565550852974e-03
5.502711271061652698e-03
3.873068999899533741e-03
4.868396700809097914e-03
3.793672985129766494e-03
4.061247612680457184e-03
4.454514571901522363e-03
4.761104097929519906e-03
3.687280386488767450e-03
3.730963780216103864e-03
4.367830556029608270e-03
3.245491797678616390e-03
4.272097374129336760e-03
4.356335595857044503e-03
4.822037855281215146e-03
4.315148625477304919e-03
4.315430226285594736e-03
4.235565355736541950e-03
4.475204437223426722e-03
3.553569454505318709e-03
3.512806581808146627e-03
3.913971221078017468e-03
4.028295583363840186e-03
4.230781704672528960e-03
4.920022788905182090e-03
3.976465676075533438e-03
3.112485087006030757e-03
3.642511469747712703e-03
4.303283333023856516e-03
3.561160585746326723e-03
3.746025753113452726e-03
3.439029264513236966e-03
5.553227052649338004e-03
4.533373384614008440e-03
4.144008364457245006e-03
3.594640311615395021e-03
3.778674766661431483e-03
4.508249338367431060e-03
3.425524751296061925e-03
4.922524999244829412e-03
4.163301885633543392e-03
5.323925740770805992e-03
3.438906867592916600e-03
4.106422162874074668e-03
4.112028675469859076e-03
4.042919388201548885e-03
3.644680122182298102e-03
4.360128231273017671e-03
4.356618519191242551e-03
4.522878435480165958e-03
3.901039231584467557e-03
4.686889532523251696e-03
4.414522965852437676e-03
3.701052911658550982e-03
3.072458315239088439e-03
2.733420952160352160e-03
5.139384231415210225e-03
4.561384726520630907e-03
3.731647529207124999e-03
4.691624400560110396e-03
4.787984771749286342e-03
4.527365821359709622e-03
4.053105618331523559e-03
4.696100414442778634e-03
4.599091845672912370e-03
4.939063001199563499e-03
4.879308933870795534e-03
3.590853412292103423e-03
4.505961230452477581e-03
4.558226575912444761e-03
4.704761497142833856e-03
3.656554124712552579e-03
4.108730417750304509e-03
3.778572491881312164e-03
4.075525378205083551e-03
5.140329558886064937e-03
4.207513534671318035e-03
3.937667074578462059e-03
4.076026908152409131e-03
4.043955439378832915e-03
5.447833061185691945e-03
3.625462203777045020e-03
3.724532858850321173e-03
4.395599627870215922e-03
3.803935645150301713e-03
4.016689979618041570e-03
4.774304959439763796e-03
4.235198985707837316e-03
3.619551271052001955e-03
3.997074350040848503e-03
4.544471632369074220e-03
4.291265158344134516e-03
4.612579787045910547e-03
3.820512599490451505e-03
4.241384036052451775e-03
4.610242137732943613e-03
4.735263951705725484e-03
4.103942314690831733e-03
4.952739527550664017e-03
4.365194836982196416e-03
4.488239614375158157e-03
4.587848590537587853e-03
3.039295867650182621e-03
4.203579781058974264e-03
3.696185701336523848e-03
5.205924772995619565e-03
4.588280659041881968e-03
4.685886745897019715e-03
4.166423277636523842e-03
3.848718392903057849e-03
5.864982057293171430e-03
4.121305618418014301e-03
3.778716308803971649e-03
3.423624162442268949e-03
3.345444899670058005e-03
4.213388005177877427e-03
4.402789699523805035e-03
4.332503157419954377e-03
4.714712785304052932e-03
3.913037080759707367e-03
4.400619083752625206e-03
3.820173778330637412e-03
3.595690734845375866e-03
4.052926564960003357e-03
3.419461762089025941e-03
3.677836206610499842e-03
3.328022981297459448e-03
5.281118219638722584e-03
3.975519564657186734e-03
4.612775630633401784e-03
4.917745149913101306e-03
4.167160468440649600e-03
5.398014985378386116e-03
4.570826405704923705e-03
3.749204736155531837e-03
4.289270125877740931e-03
4.447708409910819567e-03
4.611037007055676477e-03
4.219983318093770142e-03
3.523545475823537578e-03
3.649692586045650763e-03
5.172687712523047973e-03
3.218789727883312763e-03
3.699369360823907306e-03
3.820527804846413251e-03
4.404593740797352330e-03
5.155648934519292334e-03
4.355639792089590658e-03
3.709591682519725129e-03
4.158664168307870529e-03
3.262330456787226451e-03
4.130753593771917948e-03
4.904925853182409354e-03
3.517816669200025254e-03
4.519818225830604316e-03
3.390410036135414491e-03
4.708250948946231251e-03
4.122729110790674702e-03
3.502474796079155066e-03
3.908810614814271084e-03
3.480295678615219143e-03
4.019540268072661557e-03
4.313531383467897849e-03
4.145317961847648329e-03
4.428150599581457889e-03
4.683146856250338004e-03
4.045748131935143418e-03
4.386959079627031702e-03
4.540481252754828209e-03
3.195581558348006574e-03
5.048307403912121773e-03
4.112591140829721659e-03
4.425036271895147269e-03
4.778190569258132687e-03
3.645283302248560845e-03
5.027379085309357024e-03
3.578716969973751074e-03
4.960028595716796211e-03
4.493132185957267322e-03
4.439502939937237103e-03
3.481929277144312201e-03
3.685186009285863762e-03
4.579487125150056258e-03
4.017170677758669095e-03
3.604997420004073163e-03
4.695223393054772862e-03
4.239599631128362391e-03
4.449987803571150459e-03
4.201113649032923135e-03
4.012089655615481108e-03
4.537736442620594370e-03
4.058683222468540547e-03
4.086590161356880302e-03
3.517115459446394470e-03
3.554633032718352084e-03
4.775982367099056679e-03
4.685009802356990272e-03
3.170052767957178344e-03
4.636571548347110695e-03
3.861565613654727256e-03
3.576294479404659461e-03
4.776609628941474658e-03
4.161483193956433922e-03
4.616388260187715906e-03
3.969425443192350390e-03
3.912772845534538343e-03
4.158867782772490175e-03
3.549740613254475860e-03
4.709557084742114000e-03
3.982990769875942999e-03
4.929389769322679513e-03
3.045717108405898276e-03
4.833775501197065845e-03
3.853094859076384732e-03
4.649608821780013349e-03
4.602087338690138800e-03
3.827721931068253387e-03
3.898652143515745575e-03
3.429800389313239842e-03
4.426630643917850438e-03
4.118311714333438255e-03
4.155963395227083197e-03
5.929074844980377658e-03
3.659780728034171642e-03
3.249875862627687323e-03
5.153850986262996370e-03
4.115964376835892953e-03
3.955997124025317085e-03
4.130206382708136864e-03
4.316291047629632754e-03
3.864117936871527218e-03
4.493377904048610066e-03
3.221341767295557781e-03
4.395992553862772094e-03
3.761515643738747635e-03
4.584204841257138313e-03
4.977489743305731074e-03
3.571113363627335165e-03
4.554900079945283647e-03
3.675589533371849665e-03
4.031005338264518657e-03
4.005811434101435101e-03
4.256016552784355235e-03
3.805827526313638846e-03
5.357320628390060090e-03
3.630913317963481435e-03
4.342536084039545427e-03
4.122724350537435370e-03
4.283410303322895095e-03
3.811678779021106505e-03
4.164872558484077579e-03
3.153724644400619347e-03
4.634302981872770455e-03
4.201116582835047984e-03
3.649228797300708982e-03
4.396902238345118223e-03
4.327638407845017278e-03
2.756026029338382814e-03
4.448668318940523538e-03
3.650522214983519063e-03
2.519865083171326202e-03
4.021062699341796873e-03
4.249571934901367858e-03
3.794655723015687761e-03
4.252742740816136194e-03
4.720926703562693637e-03
4.000004757108893520e-03
4.311193963244373643e-03
3.897663160209402164e-03
4.370663332401546718e-03
3.828352781466047398e-03
4.254857598611630660e-03
4.602857368652965055e-03
4.574731204587583269e-03
3.665513472572465119e-03
4.768183023049471676e-03
4.992795826364753928e-03
4.015387987466275885e-03
4.362874510114488069e-03
4.403248849656448728e-03
3.303539888145437271e-03
4.122298203474980723e-03
3.937585732117760903e-03
4.294428032566286781e-03
4.115663858434578069e-03
4.960996579895898297e-03
3.383521841741597008e-03
4.547454182750359369e-03
4.147238196188880385e-03
3.789336887900756311e-03
3.997863199736442601e-03
4.679521740634169299e-03
3.994934238023878717e-03
4.059983058665248522e-03
4.528988271383980677e-03
4.191697442581287028e-03
4.257110746692237269e-03
4.011254687240200199e-03
4.235987419085714134e-03
4.873650656375031788e-03
3.418109916821318855e-03
4.207854628504470278e-03
4.039545004125391289e-03
4.583916056151411157e-03
3.575868490912233882e-03
3.515959604348486544e-03
4.305720674619879784e-03
4.412553481148046367e-03
4.123836167524324789e-03
4.370249618037858400e-03
4.161520844754209442e-03
4.414410964191460736e-03
4.199030801090131160e-03
4.585750147257931092e-03
4.168121895484737903e-03
4.201471920475199559e-03
4.212460896782952921e-03
4.337238710484751965e-03
4.009449105788764900e-03
4.047091560491575951e-03
3.603815963213559490e-03
4.214418433383667652e-03
4.668284030815869796e-03
3.578732863108284763e-03
4.022973649689204345e-03
3.698036914542204585e-03
3.598410161884654790e-03
4.855253696518463044e-03
3.799272096683321744e-03
4.537552758445773451e-03
3.023101553453964342e-03
4.658305558536762585e-03
4.425395684687509316e-03
4.773691233799040069e-03
3.636134977065285951e-03
5.364886634902443253e-03
3.499018743903044206e-03
3.364962950794701205e-03
4.893256646393685447e-03
4.984346137477618441e-03
4.932706027589564557e-03
4.216637726093887782e-03
4.109896631914757535e-03
3.583591134466391267e-03
4.312594227084856451e-03
3.505266249092636212e-03
3.971212663537999725e-03
3.463162201138790183e-03
4.094282975877779930e-03
3.991780953852551092e-03
3.558432648455296231e-03
4.144523626367763863e-03
4.138412480719275317e-03
4.121651799120199314e-03
3.976591856841370232e-03
4.452958221784446627e-03
4.048292272351847881e-03
3.048766099210800228e-03
4.414789086063463340e-03
3.698008090466539666e-03
4.788332846258749886e-03
3.183787984091470628e-03
4.810354467622704640e-03
3.724899917988378720e-03
6.053151092150502177e-03
4.199554841316042314e-03
3.731257703434770479e-03
4.739464987431767085e-03
5.019588765345431303e-03
4.330970722116717943e-03
3.989413304792232932e-03
5.666232868174754522e-03
4.316418829600281518e-03
4.145208924245805809e-03
4.962599097072835710e-03
4.660316852546385336e-03
4.292131242246239806e-03
5.482328222744913514e-03
3.889356320990817323e-03
3.936033068136735209e-03
5.032752317938668160e-03
4.380194638978184181e-03
4.890041731472577306e-03
3.949822030837411152e-03
4.130087105280790330e-03
4.155243122833986343e-03
4.883580694935477431e-03
4.007385237671504466e-03
3.795071683576780805e-03
5.319439145573151215e-03
4.309535943461882158e-03
3.691781623481443873e-03
3.472414980175303392e-03
3.836551107129851108e-03
4.257931058445968073e-03
3.353309265132931732e-03
3.910270686666364806e-03
3.570967373404012549e-03
3.239573858363142215e-03
4.221573330440805960e-03
3.800475588314397839e-03
4.345142961503725351e-03
3.939383121048808424e-03
2.837567242480495359e-03
4.386373454989353320e-03
4.675529483485054393e-03
3.461712434738951471e-03
3.644918698305282985e-03
4.286571085864894493e-03
5.083779810555617493e-03
4.970454261034515202e-03
3.919399400693772059e-03
4.736960983592434192e-03
3.599282132289812874e-03
4.540393330666916798e-03
3.396939705218369240e-03
4.325703039589366694e-03
3.958819013678819936e-03
3.529500599057350252e-03
3.526348881058260533e-03
4.401384126173134813e-03
4.072568742878878573e-03
3.742458465267427172e-03
3.508502683659451681e-03
4.343516578528151990e-03
3.604642367134301608e-03
4.470777403888229716e-03
3.444182634174971711e-03
3.463119243862269100e-03
3.729645785662822309e-03
3.718453664309665906e-03
4.762044970084703538e-03
3.930145027013671154e-03
4.800843588527760331e-03
4.681524382938362719e-03
3.520886001778314889e-03
4.852267892761521345e-03
3.990716333202903691e-03
4.101509833707275669e-03
4.768461788022411961e-03
2.975546284281207869e-03
3.623418939963007381e-03
4.628535007832780893e-03
3.874574171217376635e-03
5.898660796722222065e-03
4.401302689018742401e-03
4.747510065716913606e-03
3.663039031013133780e-03
3.200064451178789501e-03
3.627560308646718586e-03
4.805226601836231140e-03
4.133667215944205817e-03
4.198352083633624145e-03
3.123987484661485368e-03
3.367787729195888691e-03
3.203006202738736385e-03
4.046963091596187008e-03
3.813196857213947862e-03
3.217295625029320625e-03
3.796878076549221014e-03
3.027825167784183296e-03
4.414719056336483330e-03
4.516255034981094679e-03
3.964612984076433359e-03
4.445577863876938769e-03
3.753440029327923151e-03
4.126523328738527716e-03
3.726593937665808546e-03
4.935641901590873300e-03
5.473015594984240173e-03
3.721637124689311255e-03
4.749375897062237117e-03
4.692871768111599867e-03
4.437543808896408579e-03
4.487019216376099406e-03
4.706731290330744277e-03
3.803371420832241286e-03
4.291525178916952461e-03
3.866272557137393970e-03
3.986522640080398562e-03
3.498492482489471301e-03
4.468449810247579305e-03
4.315478749400808965e-03
4.258160782437371387e-03
3.692337674039051967e-03
4.006588280607274559e-03
3.455564044687645889e-03
4.001093328722340851e-03
3.758943598641913651e-03
4.000570253077680508e-03
3.500975568560461652e-03
3.909639337208639827e-03
3.352866944878820071e-03
4.986073579953106093e-03
3.944986762913206720e-03
3.665546278700915640e-03
5.154574965446687314e-03
3.892266534070542260e-03
4.065183284714341504e-03
3.528138514645704632e-03
3.779021955016442259e-03
4.737755753724942447e-03
4.199131010810978025e-03
4.042274895043424139e-03
4.325745239905935159e-03
3.860992320348404210e-03
3.280222047314407339e-03
4.349446388619756902e-03
4.565155972570298162e-03
3.942360635452959138e-03
4.122732344078804123e-03
4.461864166312983632e-03
3.300081957592202429e-03
2.978679357517257688e-03
4.209898747834970277e-03
3.509193405991007601e-03
4.213463063684936422e-03
5.065208295298825186e-03
3.576764149968248395e-03
4.188563337779917066e-03
3.151453855949868949e-03
3.551588920409497804e-03
3.843837915448027834e-03
5.053722096336593292e-03
3.945677568006025759e-03
5.052008798633923943e-03
4.139349598491850329e-03
4.238127365699563033e-03
4.873549516687718242e-03
4.655058568347966892e-03
5.078868204322643277e-03
4.491984285726978617e-03
4.570253986301986947e-03
3.566372710973177412e-03
4.236124581911626490e-03
4.724426679581899755e-03
3.289689020828255508e-03
4.776427323457289355e-03
3.729248838565907363e-03
4.035822878192957264e-03
4.592535927530664273e-03
3.213388337467790439e-03
5.399609332210827950e-03
3.922246152442244484e-03
3.781751807681225149e-03
5.388193761585114740e-03
4.563274955037745044e-03
3.152781686418040363e-03
4.364492385039444970e-03
4.390052916413894613e-03
4.586267780540985786e-03
4.193895966109245990e-03
4.912604890453788932e-03
4.648133166620192942e-03
3.367435129058906143e-03
3.877522836369677942e-03
4.715488481029000804e-03
4.695662117515505760e-03
4.014854532649024706e-03
3.765249156931317794e-03
5.132782599666522831e-03
3.730250207787452234e-03
4.152495789552037436e-03
4.852593421462969223e-03
3.421870451563922139e-03
3.551629022940053226e-03
4.523372103856686602e-03
4.467990571774303928e-03
4.282077112645923424e-03
4.833038264303626298e-03
3.201815888489739029e-03
3.912010467553372374e-03
4.074876602970891812e-03
3.237294742141132772e-03
3.605929449626834801e-03
4.635053115386652579e-03
3.321653054936350540e-03
4.734344671698172483e-03
3.586306516135241793e-03
3.817286444190503419e-03
3.825055303322580976e-03
4.835570907229107783e-03
3.982844768376789420e-03
3.919529013236902615e-03
4.118020591974178024e-03
3.979856524420368608e-03
3.673065114873675773e-03
3.392673417370221413e-03
4.766743427112573109e-03
4.830441355319434020e-03
3.914393192048788717e-03
4.717832210231232525e-03
3.693086846132354224e-03
4.428647626220691587e-03
4.242077121179264887e-03
4.389042384623416566e-03
3.892882912017735925e-03
3.704933023690349259e-03
4.058054347857497322e-03
4.153658065095476061e-03
4.071866335478983509e-03
4.798181988095331571e-03
4.476852881488227812e-03
4.390680042808221481e-03
3.894691687970964957e-03
3.752238851544813583e-03
4.266009419184364597e-03
3.365662320206551979e-03
5.207395476890174131e-03
4.420467036054826632e-03
4.481323100627461822e-03
4.134188210396723059e-03
3.928216077234457544e-03
4.577840309294892336e-03
4.236533207095685878e-03
3.575430281281624396e-03
3.995240650784750470e-03
4.545844570740265218e-03
4.378632997503707595e-03
4.299316512448627878e-03
3.823891465277274009e-03
3.336896113221524390e-03
3.428873434899771828e-03
4.433433265249784455e-03
4.555798530705546141e-03
4.296773712172517398e-03
4.639963316290554064e-03
4.588723575610196073e-03
2.974719280919092910e-03
4.909631858101433030e-03
3.432168391293087106e-03
4.324516573376160390e-03
4.247521539190476751e-03
3.846555146243564767e-03
3.878651456627456653e-03
3.886767104579195303e-03
2.714247786260399163e-03
4.017737066978060642e-03
4.696673281477975644e-03
4.174211996672419663e-03
3.386264427372528366e-03
4.713695164833240324e-03
4.043239744086734623e-03
4.572042832025731418e-03
3.825308751161912973e-03
3.792652382672964586e-03
3.547397496621373676e-03
4.376968827057435736e-03
4.558722071614139393e-03
4.256855527640107315e-03
5.633610999642252488e-03
4.506613896751280463e-03
3.484045369671623024e-03
4.624505547869304720e-03
3.902964971205683670e-03
3.945990335349556198e-03
4.843781725188006995e-03
4.576584257713486696e-03
4.343447379773659849e-03
4.237546205793746648e-03
4.554671901362376818e-03
4.018260005288016613e-03
4.053363637148552599e-03
4.418924660782152375e-03
4.031364190294413861e-03
4.716228850666213078e-03
3.957147740344505588e-03
4.568715251695841355e-03
5.580361139743289685e-03
3.989450899983364163e-03
3.964138043831491251e-03
4.324381515130034520e-03
4.020449878917559984e-03
4.691871594837268220e-03
4.990817711611849998e-03
4.661003711822958584e-03
3.968533676464441537e-03
4.544398153905638942e-03
3.586107116925376335e-03
4.292926173685901459e-03
3.871710082124263982e-03
3.955604379611330802e-03
4.389913069745485057e-03
3.408703980104444992e-03
4.551455617227978187e-03
4.645188697044808773e-03
4.139847139708553204e-03
4.510639992265141028e-03
3.976279213690731007e-03
3.632408693657125827e-03
5.266021935903720912e-03
4.083773092497109541e-03
4.166549089532701859e-03
4.365992821804358034e-03
5.324074896984431864e-03
5.228733103855570143e-03
4.873129636033660984e-03
3.848777949593838298e-03
5.147623423172519204e-03
2.654170367031989403e-03
3.619000568526666104e-03
4.098516862904596700e-03
4.156979732488290391e-03
3.890479294936515821e-03
3.631002315344556385e-03
3.651954975018152378e-03
4.637333765667108268e-03
4.396273439072064318e-03
4.448881499735371156e-03
3.229297723445381622e-03
3.839271742630981452e-03
4.432143854100361116e-03
4.560210846627631154e-03
4.501145728596334973e-03
3.245902629148521203e-03
3.871471705939097570e-03
4.496165116246887868e-03
5.017287801567236680e-03
5.133284445459756866e-03
3.659163819036219487e-03
3.944999979728130469e-03
4.466333928999170408e-03
3.853556268638933316e-03
3.164758292935599977e-03
4.166534820492338517e-03
4.193663065642577563e-03
4.135918636588927118e-03
4.159833292019262871e-03
4.248112397853852362e-03
3.849846436712787978e-03
3.954416349439883807e-03
4.699730173573861067e-03
4.287795613406471078e-03
4.140845240528667065e-03
4.056289340621193826e-03
4.427825398838383143e-03
3.484726264271978489e-03
3.591130174286271282e-03
4.297471866851815779e-03
5.079422301738465047e-03
4.301363847534747133e-03
4.642742840654721231e-03
2.907622384900461227e-03
5.415045413145929201e-03
3.876285251838614779e-03
4.152926966770632659e-03
4.730250699765239757e-03
5.347670930204288277e-03
3.954175621948019873e-03
3.021860966482529335e-03
4.082854567594764936e-03
3.364150609267783573e-03
3.450268914747303770e-03
4.376826475907630472e-03
4.699721368463992410e-03
3.059773731508152669e-03
4.181860512744554198e-03
3.775706612808173331e-03
4.003961588932314700e-03
3.653720037479321787e-03
3.705294051164489347e-03
3.780974262740948236e-03
3.975630052291334419e-03
3.446273800085360942e-03
3.912824972950645040e-03
3.365084099063619678e-03
3.478643187801382965e-03
4.356306294663221668e-03
4.724121615795320514e-03
4.525998331316424643e-03
3.737181140938186912e-03
4.841157511220306985e-03
4.526315197007345706e-03
3.775172449188155671e-03
4.174444626463073502e-03
4.110121824011561675e-03
5.118595351491869554e-03
4.330608281584176662e-03
3.525493523628858358e-03
3.968002518513162949e-03
4.025768193160462333e-03
5.286789139926977195e-03
4.642317618275742207e-03
4.273703340232448342e-03
3.915595699700282969e-03
4.720354034519412025e-03
4.455119442219608594e-03
4.030298817510647585e-03
4.494340840872620979e-03
5.499098048119909973e-03
4.053805615692194012e-03
3.381384809409072184e-03
4.406329965772848474e-03
4.039634992494214698e-03
3.503597484435417783e-03
3.594691206982514580e-03
4.592144500091635897e-03
4.243673360997945836e-03
3.708971319673987511e-03
4.986918704482837424e-03
4.118282146162322715e-03
3.749774698671026838e-03
4.631166363603934216e-03
4.301623953706325797e-03
3.626422571858198621e-03
3.953359384719135061e-03
3.918405536070838566e-03
4.265027410526762985e-03
3.957531209017450292e-03
5.086009433434215445e-03
3.516168801341626373e-03
4.110190066818632769e-03
3.904343259030223709e-03
4.087428572720800193e-03
3.400626214794712308e-03
4.522391308600329056e-03
3.432192133475874592e-03
4.799728799179597133e-03
4.342397558970741665e-03
5.005072194638107014e-03
3.914711032013345506e-03
4.989891519530851270e-03
3.701348513534495014e-03
3.715681619616610382e-03
4.363182132928076704e-03
3.311131683567699550e-03
3.239211727980235642e-03
5.498516490984334086e-03
4.689543420696313733e-03
3.670276181161978308e-03
4.608261380654606575e-03
4.115473841434484290e-03
3.542847041528732286e-03
4.586999173791065330e-03
3.841954573289175969e-03
5.123758975260178997e-03
3.962934393206535462e-03
3.385523441618249873e-03
4.688724334964670601e-03
4.284297697236803294e-03
4.080895457074023777e-03
5.730829905689910873e-03
3.960037065004771116e-03
4.147599968925605625e-03
4.950526406487138452e-03
3.133760215621882519e-03
3.916130417473936802e-03
4.465092836873411214e-03
4.428446814255406101e-03
4.915903318448582721e-03
4.619769349874816751e-03
4.109139993369077468e-03
4.085528243788962705e-03
4.758298927149465923e-03
3.971151308673631815e-03
4.321312006455923366e-03
4.527452173988885317e-03
3.714172289541026097e-03
4.607802513451714557e-03
4.223102345708303409e-03
4.487019720717261989e-03
3.625139604202851692e-03
3.707637353846037279e-03
4.079343892073179247e-03
4.829632279271621823e-03
4.252242253524728816e-03
5.024619555549309814e-03
4.434842634652051870e-03
3.059550736452906327e-03
3.455239669020090335e-03
4.093230979881781403e-03
3.380235284187586755e-03
4.375120049690094624e-03
4.700870189339147014e-03
4.848924097990152567e-03
3.944813572139815698e-03
4.130521246272085903e-03
4.520609099358975994e-03
3.731917122020424107e-03
4.177012467080703888e-03
3.346005711802970718e-03
5.011061916491452856e-03
4.259253954351667308e-03
4.910513379391236340e-03
3.335822949726653230e-03
4.230492534080790637e-03
3.945506317624142799e-03
4.156989844794845013e-03
3.630340689984282946e-03
4.050298572888140491e-03
5.075874434848291240e-03
4.281594490882710026e-03
3.600618179633789055e-03
4.550969545337279869e-03
4.669055643075012592e-03
4.674971857775584924e-03
4.149417967977040399e-03
4.415112033849808923e-03
4.194864106277679770e-03
3.818357858719823635e-03
3.804205020254407699e-03
3.283872338222745997e-03
4.982793031231187893e-03
4.360470928645642126e-03
4.057150256899755628e-03
4.606753198720695171e-03
4.958270568912704138e-03
5.159746916992462643e-03
3.895483096621125529e-03
4.617831221730823131e-03
4.605578170799185488e-03
4.699105799072784799e-03
3.929214900900319940e-03
4.090520772835404446e-03
4.607122564139876260e-03
4.850285682003220578e-03
3.583373560390774957e-03
4.231996392679921587e-03
4.274918373875946642e-03
3.574743703521697947e-03
4.229884933333816210e-03
4.521664347205262696e-03
3.979767701531279622e-03
3.514622079924849523e-03
4.397465014338636756e-03
3.803149453201931304e-03
4.973928946502418832e-03
3.775260471516042257e-03
3.956332099332326123e-03
4.245995619588188719e-03
4.347436621396738414e-03
4.914402013562939840e-03
4.717814521942604450e-03
4.333110446001387991e-03
3.303815514818869269e-03
4.192741634345656561e-03
3.568478723823687547e-03
3.564413746326946641e-03
4.152987057618552635e-03
4.610463752966611345e-03
3.498413420745151523e-03
3.501114361671347434e-03
3.679944559514610088e-03
4.209407371338811342e-03
3.682082327101730401e-03
4.954322732178626475e-03
4.299954649243519118e-03
4.001555445348830252e-03
4.338342118686024790e-03
3.902479945783098036e-03
4.324400086120858654e-03
3.654291205033013187e-03
4.427902172051406161e-03
4.767328122546794257e-03
4.357194543904315681e-03
3.529296591905481568e-03
4.399657176015407505e-03
5.349307826355632553e-03
4.115707420651140355e-03
3.779701292807558909e-03
3.893603644168250246e-03
3.556996610319404159e-03
3.580919862493653436e-03
3.672006565324097659e-03
4.040579828846914585e-03
4.427211726494953078e-03
4.943997202926773797e-03
5.465404207863309993e-03
4.081435879428540851e-03
4.800489216141372827e-03
4.793255963463124991e-03
4.848390389261383708e-03
5.216264393637452465e-03
4.821253113293804196e-03
5.212323476843028214e-03
4.553669314421440913e-03
5.047877246740813638e-03
4.286046407918559994e-03
3.775991831586711193e-03
3.401033585069479764e-03
4.556780302793580865e-03
4.121488465873316895e-03
4.791298271934668618e-03
4.251001846705867657e-03
5.049700361895276615e-03
4.251218311441188127e-03
4.244605551878900471e-03
3.010556742285926905e-03
4.196238514640034285e-03
3.762070058804924209e-03
3.935826753855028656e-03
3.827973799082659556e-03
3.084001178056816964e-03
3.941622443491447220e-03
4.591579257088480859e-03
4.230771907775601574e-03
4.664613085703489190e-03
4.174335252441385875e-03
3.943964775428087516e-03
3.808689632818408003e-03
4.475955647017707852e-03
3.672451791101200794e-03
3.709143119986352266e-03
4.341418803468524885e-03
4.458835631130712331e-03
4.306748016177570568e-03
4.536384585247152032e-03
4.045600583976244856e-03
3.684862665588855418e-03
4.507483429334752274e-03
4.879271844182431553e-03
3.307505138106103890e-03
3.816975579620858917e-03
4.006866229204108371e-03
3.815350349796573556e-03
4.797865009710499014e-03
3.624076161535940820e-03
4.141213082943782410e-03
4.142864769459293599e-03
3.654289938130299807e-03
4.539435852429329898e-03
4.133755174939445116e-03
3.484833093227355204e-03
4.622941465757370375e-03
4.025900244881289516e-03
5.536441284148592261e-03
3.924108815334411034e-03
4.923767140686510953e-03
4.160890296782130543e-03
3.929872166305284700e-03
3.715552772252246529e-03
3.734438555965440432e-03
3.918313262289932486e-03
3.895780791841832718e-03
4.161493388103891522e-03
4.755675617265374237e-03
4.859448917330999942e-03
4.627467869497818923e-03
3.778031477185690105e-03
2.687392501573555945e-03
3.946047146111846850e-03
3.386544239645472749e-03
3.741727688909260614e-03
4.164071739206965696e-03
5.455809368237284247e-03
4.628185099877982558e-03
4.003410044232083055e-03
4.176087929643211571e-03
4.693125175942287029e-03
4.224263883740502455e-03
4.043504342969961307e-03
3.889625580277746280e-03
4.616284587464700162e-03
5.308033786798380116e-03
4.464486440051654119e-03
3.373546064195565367e-03
4.391811462420474980e-03
4.064942594684814621e-03
4.347563189938488150e-03
4.026980708384098225e-03
3.753740910126004277e-03
4.111129103248878022e-03
4.018953633001133736e-03
3.410189921230421476e-03
4.773072187306336839e-03
4.400215584076346172e-03
4.169728208767552007e-03
4.283326739956343221e-03
4.052098097058454661e-03
5.734558468022477387e-03
3.989757298920975671e-03
3.926422228613250451e-03
4.189342979414887279e-03
4.145177250566656722e-03
4.050263753263903636e-03
3.537891755052408656e-03
4.644533991058539223e-03
4.070277335228227739e-03
3.828276005863247636e-03
3.930728007125127398e-03
4.976600114046595379e-03
4.047195055229478068e-03
3.692446193327756851e-03
4.190496970657415707e-03
3.913676040998934763e-03
4.518930684936388852e-03
3.644677812343694728e-03
4.103848460600199692e-03
4.142818436325352086e-03
4.826976424079595408e-03
2.945562632789694869e-03
3.443380229380907723e-03
4.446531887924169181e-03
3.495993489079015758e-03
4.278091686433631649e-03
4.288291782955306122e-03
4.642676313843729745e-03
3.243592663138673317e-03
3.149512468830439893e-03
4.317835988337779575e-03
3.695134619221662319e-03
4.428188172072142562e-03
3.822906009869638140e-03
4.560791020363479803e-03
4.135602911817888062e-03
3.540675860523563503e-03
4.121591448967399686e-03
3.390679267061686743e-03
4.598717910619798746e-03
4.087840020710005462e-03
4.194996393885362142e-03
4.035865352628496307e-03
4.133473470639052391e-03
5.543737887561447919e-03
4.648001296617538386e-03
3.736944576206322095e-03
4.298639024271227321e-03
4.111882784373464481e-03
4.156407694784067068e-03
4.084520243861677717e-03
4.007223467352833378e-03
4.441172530356205309e-03
3.719454595365591539e-03
3.318009897847305854e-03
4.605296992999898496e-03
3.834450338841352210e-03
4.523184094639514513e-03
4.892131958166471596e-03
4.933913652545723026e-03
4.685661589043543795e-03
4.137644917703460316e-03
3.131003290201593049e-03
3.035048196555142214e-03
4.407228191874991603e-03
4.253181405921507320e-03
3.622007227965673686e-03
4.791986152053184962e-03
3.494676618167779931e-03
4.985935303109818861e-03
4.536205290036638554e-03
3.610030606728993185e-03
4.498299004915934721e-03
4.706091150615991821e-03
4.116729953224973308e-03
3.314008503680566237e-03
5.039493937353228814e-03
4.559057763986675178e-03
3.664570940712368486e-03
5.949028967363526391e-03
3.673675980278736600e-03
5.215484276257820705e-03
5.093876659007315517e-03
4.055984242790765248e-03
4.853689113418446083e-03
4.905137476358907567e-03
3.803721434625467919e-03
3.759930463696244032e-03
5.338821088943004542e-03
3.853501521320698044e-03
4.243711384927503771e-03
3.264451854373247742e-03
5.163147500707509184e-03
3.388629644747376355e-03
3.908103152431743887e-03
3.353775905064939038e-03
5.007781370055512486e-03
3.740157939816328089e-03
3.492899356314225785e-03
3.532045770925469445e-03
4.211301391228993406e-03
3.500195133328847311e-03
4.257986839977512088e-03
4.430749579838771934e-03
4.616659643946426951e-03
3.134438353236753891e-03
3.731777437169197034e-03
4.254551748667290134e-03
5.128777947409392420e-03
4.229847466020238145e-03
5.482765274332914579e-03
4.264280941929814162e-03
4.407064295102898314e-03
4.247563859348408612e-03
4.172559539308538963e-03
4.137690853767870929e-03
3.633626816489681031e-03
5.156445684733980406e-03
4.040554021159920191e-03
3.004679804035720932e-03
3.666290960174178448e-03
4.501043420994596533e-03
4.141658832137573576e-03
3.424366750286593573e-03
3.918911451821753371e-03
3.677883511246757449e-03
3.895081031214275413e-03
4.513075009422695336e-03
4.435382286780460356e-03
4.208369811784616957e-03
4.702483243592845037e-03
5.132243467816095632e-03
3.390067289430364738e-03
4.624202655591225404e-03
3.860124078929761098e-03
4.016810553900677060e-03
5.363122623488794129e-03
4.643546180507672309e-03
4.045456276489409718e-03
4.358586459901269208e-03
4.482777696641397636e-03
3.258580413271051999e-03
3.763179306535835086e-03
4.402659137394257169e-03
4.755528422871237344e-03
3.692920993966648715e-03
3.528302220435093443e-03
3.505006235061165158e-03
3.614157524514268610e-03
4.329381709725770543e-03
5.115084315866428276e-03
4.353644401077375568e-03
3.579314959211741393e-03
3.928192619162202900e-03
3.500573108840410088e-03
4.835594165672136083e-03
3.424599246764600900e-03
4.228219306397508134e-03
4.137590361491140858e-03
5.048880490738919501e-03
4.626353575345592065e-03
4.681769556572825709e-03
2.540600835704739414e-03
4.573224804312771632e-03
4.154904370933675331e-03
4.791864941858921430e-03
3.793141617984373618e-03
4.388677614007414039e-03
3.650824159459574014e-03
4.098923612381687870e-03
4.312617906468926322e-03
4.603082772930966286e-03
3.354475543785600308e-03
5.607107981786412648e-03
4.625208167407249098e-03
4.559898016286366949e-03
4.694110260160935799e-03
4.338296180679595583e-03
3.989835900354250960e-03
4.044190021296205709e-03
4.980580324859048592e-03
3.998634235258577418e-03
2.942809307533406082e-03
4.908879803825250826e-03
4.519816355797057032e-03
4.262347466956390753e-03
4.939628535197314145e-03
2.567677227520483337e-03
4.624781323525606162e-03
4.125905003726503505e-03
3.474712109975110642e-03
3.409268447492549113e-03
4.097874761915036752e-03
4.238969959219502856e-03
4.342796670681147234e-03
3.130661259829161953e-03
4.895962868922889601e-03
3.235873608225279391e-03
4.074021017115396492e-03
4.861918400153371171e-03
5.008490044826232127e-03
4.844375979644375760e-03
4.301468313769488822e-03
4.529825642466547321e-03
4.271851118757385990e-03
4.622295312542538948e-03
3.222145568863390465e-03
3.996961441786689960e-03
5.523572692635552242e-03
4.344526249834858127e-03
3.514932189630446454e-03
4.257073935274801289e-03
3.794628436728880033e-03
4.466658189652631360e-03
4.822646211269504372e-03
3.828235366858381058e-03
4.706542384913250769e-03
3.773523973672504150e-03
4.097785530899671069e-03
5.281274974265849284e-03
3.047775754306474016e-03
4.589020311687925548e-03
4.490535915088795030e-03
4.710016080843642573e-03
4.501078651865699810e-03
5.095117333553379931e-03
3.513890075112103585e-03
2.866738195509136410e-03
5.145828082043136034e-03
3.616794384574653371e-03
4.604702750852203777e-03
3.722230042851482328e-03
3.624288785314757483e-03
4.997849365938150830e-03
3.437235344778096120e-03
4.000372876738127713e-03
4.533042064138082146e-03
3.436801873614754067e-03
4.441264567926184702e-03
3.407690544987517032e-03
4.353898415603593350e-03
5.317445723815573087e-03
3.285621940332178730e-03
4.337652571855258460e-03
3.644215402986024453e-03
3.774024464680061312e-03
4.731429596535577549e-03
4.200177413176192295e-03
4.832663070135504238e-03
4.863723351368910014e-03
4.149353505979484595e-03
4.681776594874576154e-03
4.042347523798938205e-03
4.973235300500408740e-03
3.216339915966670050e-03
4.073954030797749190e-03
4.624551803862318906e-03
3.464586155842578827e-03
4.789790491285091968e-03
4.709357207805558304e-03
3.342155439227502758e-03
4.195159086000099791e-03
4.849498822185595477e-03
3.327544498140817212e-03
4.158364855507041408e-03
3.614204653804188507e-03
3.653532417077428717e-03
5.047407705296494233e-03
3.576722727415985147e-03
4.014780863361644241e-03
5.170098650304051635e-03
3.687519387607932943e-03
5.707268871282479908e-03
4.506566425755347688e-03
3.989949647190662620e-03
4.454780998890098438e-03
4.101922948222582084e-03
3.676433369395142731e-03
4.225323048840203162e-03
4.471695353416323473e-03
4.349599573921895251e-03
3.395083906325893370e-03
4.637383984009309061e-03
4.291043289376086055e-03
4.169424568801501259e-03
3.927852806286387388e-03
3.814468573097709592e-03
4.208727582626410439e-03
4.568347322206793744e-03
4.382919015153390573e-03
3.649186441227358912e-03
3.967089739796366560e-03
4.822782673839422045e-03
3.151287240517617553e-03
3.854305761444542545e-03
4.772419726633427006e-03
4.554903918176707311e-03
4.097872721083028157e-03
5.004601821157978435e-03
5.078612380635704956e-03
4.377646515703166596e-03
3.758684668112438620e-03
4.378094055859965868e-03
4.016049714779716152e-03
3.989342124480566368e-03
4.011134772494734380e-03
4.442321333627686185e-03
3.962988742132464610e-03
3.509829705117665111e-03
3.909765223488488942e-03
4.040578419449155495e-03
4.838782203434531179e-03
4.312503589873588859e-03
4.390078295501947947e-03
4.711551660974899400e-03
3.780264095211185050e-03
4.277675457625347219e-03
4.298797476666668844e-03
4.801243827855380779e-03
3.984459492647623308e-03
4.521525935735414697e-03
3.817011036513075911e-03
4.717824776211098671e-03
3.564468454051321605e-03
5.298422993264905768e-03
3.419942631869755771e-03
3.580001147059978100e-03
4.232134975912836897e-03
4.693614561941273494e-03
3.799944104186440703e-03
3.293797803628401022e-03
4.025073754410669023e-03
4.405763731543812546e-03
4.259568353106903127e-03
4.191539462093975266e-03
4.774901509250242468e-03
3.777096555077528398e-03
4.743223496107201731e-03
3.382850251426545996e-03
3.279862981372290865e-03
3.473975259132983540e-03
4.875626885606249017e-03
4.544115847363999761e-03
4.429127534023710386e-03
4.309292741834959937e-03
3.902903854257156867e-03
4.759986545297911764e-03
3.791790032396403446e-03
4.239433337968601806e-03
5.063382738494248345e-03
3.707108725236951847e-03
4.010711887247107518e-03
4.181568289364463037e-03
2.917634216744924638e-03
4.427137957682813520e-03
3.895722209421095383e-03
3.868326419839519109e-03
4.205432774748485251e-03
4.185748772480134099e-03
4.140765763593927049e-03
4.753978729630342973e-03
3.818362481895005295e-03
4.452482629378056410e-03
4.646074701309428102e-03
4.303686471922095295e-03
4.132458311560307379e-03
4.148310180111188655e-03
4.570540852878650188e-03
4.610966159232668914e-03
5.084315085209002889e-03
3.067669856099163213e-03
5.250626154932558527e-03
3.710759779665618631e-03
3.532530968885696371e-03
4.279822476649623383e-03
3.382267487157542170e-03
4.043913663973040286e-03
3.980168397679372146e-03
4.058752334460898753e-03
4.247290920469062869e-03
4.395170068483515192e-03
3.793809852641250122e-03
5.029843198237135896e-03
5.245198844962763347e-03
3.793851606462856491e-03
3.827419125547988112e-03
4.504741142985472895e-03
4.940405891275249928e-03
4.207820988069433700e-03
4.497249583941427369e-03
3.741624781246042069e-03
4.712061215522854798e-03
4.203175070460851530e-03
4.178423747622493981e-03
4.628373264908433593e-03
4.389737110677380781e-03
3.995560911163278071e-03
3.914703378756293102e-03
3.859558017133356278e-03
2.659008262620455795e-03
3.913845101882287326e-03
4.927057979138121588e-03
5.015087357379073053e-03
4.510720213145150148e-03
5.597495166344249214e-03
4.299921461314023391e-03
3.838974396413652110e-03
4.279285127412935964e-03
4.258760562353316147e-03
2.455207094888378020e-03
3.728137803482480059e-03
3.958250298534880807e-03
3.808200437231309184e-03
5.260813642143322491e-03
3.817377087384789779e-03
4.388472492105830076e-03
3.336991802798958909e-03
3.994692897366738417e-03
3.738436391555710961e-03
3.890508099689608118e-03
4.261275061864982887e-03
3.727878406517602140e-03
3.610145341886545050e-03
4.748305027000173338e-03
3.809574353176532324e-03
3.677926396693502464e-03
3.865311653124783170e-03
3.440314620455422155e-03
3.768811914547466353e-03
3.860873454971953250e-03
4.703180181466299833e-03
4.312518725788873006e-03
5.078540431941942594e-03
3.317145198822984628e-03
4.588612483597940064e-03
3.966256098203561203e-03
3.992017432519480782e-03
4.482577404551771165e-03
4.516205595341856241e-03
4.523234066652510876e-03
3.723871800166558138e-03
3.765728162885521348e-03
4.346115645805695600e-03
5.065293890559915101e-03
3.249654313422256288e-03
4.317550305451338562e-03
4.102923144327038675e-03
3.506374845296833433e-03
4.098443757134600900e-03
3.729581749529455904e-03
3.349993013807022260e-03
3.378994231636602875e-03
3.737518314886845334e-03
3.910452298772871052e-03
3.607362753175006112e-03
4.703092414337072327e-03
4.347467720406059284e-03
2.742689595723548594e-03
4.726897687590280589e-03
4.889379102727069160e-03
4.022409478517434238e-03
4.244857015720889318e-03
4.060061491072555241e-03
5.534643412363259539e-03
3.837386119109208529e-03
4.017332286432099588e-03
4.615070013814041687e-03
5.064131959359791622e-03
4.460509015219112083e-03
3.995534765995503376e-03
4.573739252433206559e-03
4.275898367593932922e-03
3.968645108961514970e-03
3.589453829759350900e-03
3.304056730813119749e-03
5.212483711531151233e-03
3.315242905192636487e-03
4.137118263271387722e-03
3.944055117228769357e-03
3.611799943134832991e-03
3.504807878915751351e-03
2.875908307039838369e-03
4.045828631128299373e-03
4.493238288925535499e-03
4.074656640294519946e-03
4.696866331448465090e-03
4.725680608437274853e-03
3.624192705105148352e-03
4.890733234790323875e-03
3.693403521905825899e-03
5.864799366180581050e-03
3.989231808984529740e-03
3.356292777490200562e-03
2.948485810103484116e-03
4.678086309545878216e-03
4.602603450586781678e-03
3.350315050089092573e-03
4.656412806123705513e-03
3.694762243794699579e-03
4.369737948083182548e-03
4.831510250930163598e-03
4.381264687392001124e-03
4.375566435945533149e-03
3.576061688604285742e-03
4.988640437754310146e-03
4.802139853727202187e-03
4.417058897981858759e-03
3.474560713317804798e-03
3.580877614887758870e-03
5.458901591439921722e-03
4.831149839439032034e-03
3.557251894325532023e-03
4.221567484335386755e-03
4.666112060925800033e-03
3.919473296236779605e-03
5.208154520645750032e-03
4.445281784310407998e-03
5.597303153583754742e-03
3.902753894657484939e-03
4.989012299412488860e-03
3.300776063217057080e-03
3.990588777019053041e-03
4.509763515173160174e-03
4.158275812543348049e-03
4.038277114435057623e-03
3.861692802544370706e-03
3.953172919925307394e-03
4.034206805092670732e-03
4.039905290286057229e-03
3.845834651865193132e-03
3.975988462783956734e-03
4.377362506004793714e-03
3.074844076005566178e-03
5.230395384244572454e-03
3.642973489020294615e-03
4.480513618239942951e-03
4.933160762660832727e-03
4.002226105093041261e-03
3.987609838721457335e-03
4.261991622451001029e-03
3.358036386882942790e-03
4.203120324108181559e-03
3.882739722492275711e-03
3.773887554848344428e-03
3.909136976016365506e-03
3.862129292607711234e-03
3.591966643693516280e-03
4.362277608035314280e-03
3.790441095444706688e-03
4.077124463018231941e-03
4.812118040571895447e-03
4.871576230875930211e-03
3.707539730800036952e-03
4.308312908460037137e-03
4.374296964851155309e-03
4.615189571217326488e-03
3.777759567072113550e-03
3.791602218802723155e-03
5.017085623768340920e-03
3.067437117113636612e-03
4.285167836084555204e-03
3.467197596236748763e-03
4.898466604854758051e-03
3.676401126744104509e-03
4.038122912801699570e-03
4.469520596340697573e-03
4.929055409226838075e-03
4.193302810377405251e-03
3.950428853761457117e-03
4.135677303700403297e-03
4.539505358006804860e-03
3.534438360549552877e-03
4.200627986518858971e-03
4.489943605820015393e-03
5.038455973404143591e-03
3.510684013193846650e-03
3.317928579608547725e-03
3.462246712287837640e-03
4.406445181338286554e-03
3.542594514558877750e-03
3.729249209625033062e-03
3.440201627840830910e-03
3.858268984762009118e-03
2.469129143709635800e-03
3.830313856766233167e-03
4.868225461302617962e-03
3.736245698242077456e-03
4.295270908139826697e-03
5.164510758684319990e-03
3.721023789311581325e-03
4.015470690225821961e-03
3.566943245446105651e-03
3.758777709173469553e-03
4.177477962773432779e-03
4.983084262536055867e-03
3.894418140364363113e-03
3.470492407267320063e-03
5.031439686029437648e-03
3.915737150786043237e-03
3.019545580782744595e-03
4.577230628958525727e-03
3.914127082838595242e-03
3.623337973955062345e-03
4.412581726929620286e-03
4.973183241852512787e-03
3.920825935300827417e-03
3.702881644290727421e-03
4.391210256475590323e-03
4.089452990895607251e-03
4.652737272454646189e-03
4.545230475953406825e-03
4.295151056715061123e-03
4.056207704320574127e-03
4.676003169630744104e-03
3.309396251605973942e-03
4.764252467080815935e-03
4.561027706635377432e-03
3.774865561075521191e-03
4.141989777312803100e-03
4.059773567165723268e-03
4.109007982152356429e-03
3.138535809586398811e-03
3.427997224554669899e-03
4.261894220460357881e-03
3.914972065925836041e-03
3.374491905995120802e-03
3.761008770687311858e-03
3.439436232429360623e-03
4.309160538718982865e-03
4.320958419515296377e-03
3.994904641774656498e-03
4.368893547274207284e-03
3.870900922696739362e-03
3.610568511348870128e-03
4.423768469710526348e-03
3.876706850540734793e-03
3.906469439358896574e-03
4.462945197122185174e-03
4.041925913472226711e-03
3.065494881603565962e-03
4.015349166466583228e-03
3.733799540799295422e-03
3.965582363016200047e-03
0.000000000000000000e+00
